-284.211521521676 -226.035263977 -218.176738100143 -237.926973785245 -202.776011528263 -191.5233287354 -197.421816529211 -199.038635950923 -159.2427038653 -175.38823998 -160.013715646212 -130.902500937149 -96.7324733258441 -102.313101932011 -86.3384488217 -119.431949555586 -70.6776619087469 -158.829315675667 -175.372217880445 -190.100240927216 -210.718549177186 -187.839101631963 -215.902169096374 -168.840067117949 -227.65342227624 -192.130857755583 -199.636832423611 -237.269204295185 -198.743503265889 -198.743503265889 -198.0334841446 -235.637084663462 -285.806043360685
37.4856104634295 44.8026487582077 42.0461840424875 38.934836123675 44.2088650314207 50.8437102598937 67.4685556078029 60.275213340408 52.1823867159862 63.6683117364 85.1522635311576 103.025086591336 91.6510627466458 89.7275047450516 81.3237715812865 61.1601760014048 77.293457325004 78.3144715624333 78.4677951845909 84.2958910479207 103.775899001708 81.3776742660909 71.5843939600516 58.9754764441773 54.3037017801684 48.5604749906 45.6827558648853 44.1873872660212 40.13775445029 41.1797190171778 41.1178390841056 42.2836919966212 38.1355429862378
8.80230781420714 5.62446484468004 3.22971785952609 5.52074912321818 7.11960917346611 9.1525590204175 19.527506300257 20.3618280737808 28.9327405218326 18.5716345613892 10.9775190447531 2.8098270481656 -5.12595445783139 -6.98557894846582 -15.1837039656461 -33.2719707846486 -62.6121003217198 -20.488456875434 -6.58234496457877 -1.08575747137024 6.69537392654021 4.47460416031722 4.38489262644684 4.593390687655 4.62456876841842 4.42550257649429 8.9571173126325 14.0195121665569 10.6720046972329 9.84263894683591 10.8172108523081 5.21420899634181 7.17982341887119
18.0252663613083 15.4678496671636 12.7454098024873 15.9251873218409 14.4249610564352 20.5762681361576 27.6811480757167 26.5548558831526 35.04170470196 23.0838684224711 14.6162044128516 3.46471030131271 7.16620889993053 6.97201716910944 11.3479757179126 6.4406719932376 6.96041768964167 7.22642273792542 2.32665646535703 -7.00457043607924 -21.1372835713802 0.23551472578603 4.81199705613381 10.2130225186955 16.0535727604258 14.4046489427683 16.8098961900037 21.6183684265974 18.291426653728 17.4793065740579 17.409481821725 20.2907303038556 15.0553112864053
6.4351338627918 2.91537049955201 5.8736844924555 6.18277028806429 2.77089303542166 7.8441573478325 14.4776753084338 8.9055650029425 7.85670871178607 1.6082764389005 -7.06719134004508 -25.1588903304755 -35.3187322969314 -42.2530417419916 -56.6825937487338 -36.3178381796454 -45.6925128049622 -27.13998692944 -13.57307682473 -14.2858741014976 -4.51869626856313 -6.47862409663421 -2.6806017564364 3.37662396714036 2.26040840225753 1.2104889925799 5.2438414369815 9.18064153481248 4.3278045483948 4.7687596958337 3.33784803107977 2.97237111507099 6.72148530966906
11.1264268743703 13.410331421315 16.0354908948756 11.1973658297583 12.2580921694222 12.3358050028148 10.281725267592 14.50572190128 19.5773342513851 25.0965440484974 11.5005772579683 1.04424206511368 -2.4164122894262 -11.6843609272555 -3.21523297177295 2.78636683456761 1.54668660089904 8.91679507491903 6.00965681340917 7.43907250014636 8.4462464030972 5.95268862557525 10.8077192500726 14.3827785011138 19.4919183525333 12.3078788562333 12.7056615673833 12.4630664484781 13.02852821125 16.4147595530257 13.4159373473095 9.73017326786023 11.582556815283
1.98611867337277 4.66493048075618 7.85487754878103 2.59269234538114 -0.991461676876655 3.83080821699223 0.448555865092968 -8.23020706317695 -12.6978625716008 -5.46771705215876 -0.521452661547514 4.14602861881 9.95243260469382 16.0041361769832 27.0900546209708 17.0590703706892 10.9143843294944 5.26988531300265 6.2933800476875 4.51288862846309 -1.66770849904081 2.20995782573441 -1.89638657288028 8.92125780212711 5.97254696052682 5.7528254568725 2.26895618486759 4.65655793929238 4.71030510656944 4.71030510656944 4.82224939380571 3.28753942741428 6.24734683070377
11.6601343648269 7.97373798091167 8.38317738647342 11.318163154978 11.3468050288123 18.4904384009903 14.973912123035 13.1757333416913 8.8650687383287 9.77827120809206 -0.116155846777935 4.75491237425229 5.20890980884679 -0.314389892744179 2.2386259227614 6.8942781684004 7.54105433738476 10.1010027728469 14.7967229606089 12.3660293479933 6.68589973581907 12.2268335750461 17.7889280140414 25.7624570475556 16.0863587742038 15.807066891672 12.2022112099368 12.3122572364167 12.0529655197478 13.6137036511421 8.69613081418053 12.3631479425149 8.4729575525582
3.56977457715925 -0.561195641621627 1.50992294179212 4.9518431985725 4.34650962916316 3.07591470975464 -2.77915720997047 -1.69155970378276 2.16757157163647 -4.9636958852875 -10.9473756912844 -19.6398559473412 -11.9615723936626 -9.739922381521 -5.8559448712716 -0.945718822004475 -6.14259134996909 -6.40317189415261 -11.9840376421392 -5.54238545529632 -3.84580791756895 -3.66253727615536 -0.361397529870283 1.77135711439161 6.496241752509 3.24540753851167 3.06456912254894 3.5249321926407 0.0493010291167822 7.84170563059525 5.72480708269038 4.69178471542825 1.75671743798537
8.90969498304997 4.39199661030409 6.15379574267167 5.80292412758911 11.7426062903162 8.35896498776555 5.14325459692774 0.828561910914667 -0.89276269595217 -9.12266090845423 -2.30786701915496 -4.68295220855094 1.93192958276771 5.42264425962364 4.22787950257856 6.65659851881038 9.16086051133745 4.53512913644652 -0.792274158760368 3.27535283766435 3.45614295973932 6.49561296583305 11.2023014477732 16.4613407113158 11.1873272624269 8.68410774447423 9.48878402173846 8.59133192803682 5.93318525141551 8.7232345785032 11.9019128304004 11.6739339305542 7.76221496369238
-0.607577935773166 2.04703265962858 0.403769251026961 0.403769251026961 0.451352330271377 -1.52171028038952 1.54110802431873 5.53635321468079 -3.047677226952 -5.90407210124232 1.8689239933152 -0.765065305723762 -0.394141607256622 -0.424817045264973 -5.09308384191446 -12.8304162932608 -3.38896224701546 0.136813316553232 5.44063674446183 10.8930972552978 4.1210441012023 2.55161360720525 3.31769360268773 1.29945778289487 5.7966594137322 1.57332009284917 1.50293642070417 1.50293642070417 0.750736326853863 -2.20674559689989 1.61588168909588 4.93119811762219 2.09623514846215
4.22308760291927 9.439366060425 7.14148034439286 9.16466234534424 7.12312401811926 3.69520916142118 4.11663546745355 -1.61274622727012 2.71736028629187 6.87083809907576 11.4922617854673 7.61458860970524 7.52550347909389 7.52550347909389 7.52550347909389 7.52550347909389 7.81832219279421 5.54607500701 7.84507203053708 7.95396564301143 13.0190451934116 19.0593227216684 10.3644013217286 3.64676122756127 -1.01227280836119 6.21583654367286 6.6691860175268 5.44113513422291 10.9373222341041 9.31986263660461 7.05027974842762 7.20020998042083 5.40588603391117
0.527032731060683 3.250687920937 2.3301228466396 2.72304812264 3.14979312377386 2.31904551287752 -1.49536125308674 -6.08624680696618 -4.69728037145618 -0.461876475460594 7.33127246606186 2.64996494182306 5.0109515035625 1.20441009962159 -3.43845191295917 -9.01083742418068 -13.5409089794137 -4.65566849501374 -5.410803977682 -4.06264802663641 -8.14177794728437 -1.42532095358748 -2.52967234965995 -2.07695731991218 2.84897624020668 1.68383471604989 1.81683368246221 -0.489019225950928 3.71420760805909 4.94896936301645 2.11140166869187 -2.10423247593837 -0.289303728710457
