-225.153157726815 -165.02585341575 -115.834106367695 -133.531522360191 -128.31190775434 -93.9144441629457 -118.065164859276 -118.065164859276 -129.962167471097 -82.2575891027125 -112.452225587209 -108.743880092295 -102.145868049067 -96.7378068966741 -58.3767688366051 -84.6230344089743 -101.82526890746 -116.814829570152 -111.310228269029 -119.626754312554 -103.115352882503 -109.47663800196 -130.591390058115 -122.411299696562 -127.688908489556 -131.853978231871 -130.579424121118 -130.579424121118 -132.630173892394 -126.044998858565 -131.139985403789 -136.725478642263 -159.796634562047 -190.750850434977 -235.923360397347
46.8133505715929 39.3849784159232 44.2476085523087 54.095038920239 46.7733962579318 44.7462235758158 44.4729024008294 44.4729024008294 44.2895073153077 40.3068619858722 43.8450754471615 55.680828395475 79.5269430077909 68.2352616171818 62.22580075897 50.8246120285722 46.3128498469759 35.9814988509417 41.7166257227833 41.2563983264778 26.2504276762441 44.4062263012677 46.7919472317182 57.0707531960414 69.9449286574605 55.9412940049263 53.8505010180842 53.2792150896167 47.85714027798 45.966025256288 47.95253484818 48.1758478989737 50.8702735898304 43.6404859626512 38.2837160847892
-8.43705515199808 6.72755050762407 6.66372413204032 11.127635527539 8.56715288415727 3.58783742594224 -1.45078488612676 5.66415339348107 3.422397731449 8.15076952252522 13.6348502872803 7.16453802516222 10.1938059337165 6.16280605551252 -4.9788820996061 -27.2152590850333 -13.8060928661979 -3.58699937873183 3.96521518398136 3.70315991973012 5.62751803107232 12.7767781017835 10.1008934058523 13.3288370572195 16.0912389734653 17.1357861545554 26.0668257026761 11.7465125676232 14.76457574208 11.1764346175033 11.030038232122 11.258771899858 7.67284750034576 3.2430074232362 9.24628244153448
17.5278191036691 20.910264425705 16.0959883277844 21.9363429004818 23.251924004669 33.1857269669273 23.0815304373529 22.5022237676882 22.7205831674783 17.2633218245845 30.450379859325 44.227487358441 28.2128580680857 34.6315182103118 47.0468009987107 59.9654906293425 78.1952972888631 48.991763727125 30.9890358056211 22.9519163602902 29.2875303295105 31.8506635971409 31.5343899526706 31.5173749515278 34.9764177451813 33.236693146335 27.5433727777409 22.561655213228 18.6193302523933 20.5029000258059 20.5029000258059 21.2469129706 23.6994950902038 20.9379939508529 15.3388412531034
9.75287580997435 4.78577095452385 5.62759317469095 2.93062172781893 7.81322531823826 11.5263371223414 7.45349897398632 4.43556593952631 -1.11774947206238 4.44000172988012 12.1545600257172 9.509353832563 7.36923058790206 10.9630666872671 21.26466479239 11.2480285220896 6.22333129322961 7.11710093885235 6.14592492592476 1.76817383413417 -5.97772152747765 -19.8663090999381 1.62268888900183 5.3644411112036 8.21466238410227 6.9716018077075 4.24572404309962 10.0835033808282 15.4400772769182 8.88700017487762 6.49389253204625 7.36695938344706 7.25298008062105 9.07887765591786 4.52464654176783
-3.44896684524038 12.6306915573341 8.94450495368677 3.14631049861 9.20937069297759 16.8631635243593 11.0864538068774 13.4983303992116 9.77519351863 8.175659733784 10.3887662928394 2.35433021607509 6.07539457728396 -1.98157188768341 -11.416895957845 -26.2687725807497 -15.4971887160376 -5.35865373606192 6.19503781400827 14.3900095411433 10.0550239659941 9.88773856571353 9.88773856571353 9.88773856571353 9.30871412929783 9.88634063856474 12.5410833418223 11.0440280624492 19.2164671276581 13.7703699684854 9.0820906985163 9.7262014039015 10.5272251075694 14.5836529586046 12.1933864316904
-6.57190658199496 3.67194898454425 5.81126917998331 1.96981261372519 -8.76471712179966 1.70553479793765 1.0907321915873 4.10406018888321 8.05823130561075 4.33120865105035 5.95295379845444 1.14053903368675 -12.7396824337179 -35.112553372741 -17.559542969936 -10.1834966933996 -1.19448929823 4.79452456562664 9.22412069442304 16.71333309005 8.68336104735495 9.00094653431395 8.37205219937293 3.73758416131536 -1.67624252327181 1.99478145785033 4.60714395209788 7.70252788482963 5.78126766325818 5.36951839436809 4.508836399261 1.34311645395977 3.17446517686535 5.6586625106113 7.73308967652928
3.46822335497672 11.1078654334473 8.83268696631458 13.7912967207054 8.2920135397864 1.65519914581679 7.039836676715 9.04190897883615 11.9198447005861 1.58682289344253 -10.5622895211241 0.579246269244227 1.20570132106118 -0.345990949098923 3.84264749543325 10.3407487003428 1.86078375727528 2.061258777685 0.810715001935652 -10.4181472347297 2.40438648697486 4.98103288213335 5.18917381908405 6.4354572739995 11.0215706117718 14.7544896266738 23.2430427339852 13.2421431567839 10.035849182287 6.54106052158423 10.4532564896319 14.2960785645933 9.57744730736611 7.06851784485571 10.0465917208511
5.79963587706189 -0.341613306534089 2.49843691415172 3.48551909543406 -0.246984668502124 2.8396387747445 2.44690520481941 2.21264268485767 4.16148212260804 -4.90272553732958 -1.55443262006128 -0.835202148082526 3.21292427820228 0.057553442960037 -2.94096893104594 -11.7032604559189 -19.1775398058358 -9.31538685687669 -3.66299847977986 2.27544922696312 3.62134275287436 -0.30793371890413 -2.8958029719275 -8.64873039904663 -1.77257772990158 -0.794148495117905 4.35671475411897 2.29775954295973 2.64677884502412 2.78034810224577 4.61239714452889 7.300695641282 4.09833344098905 4.53216344748364 1.6276352440927
7.33153449486395 6.88097236469941 6.8469746481404 8.68258559647519 2.42890712939455 11.5691232541195 7.73580603571263 8.18775949676211 9.74661997872484 5.69665901267597 9.00879937105161 2.10344769723146 -7.63169579345647 -5.55173338183744 -5.16419934964418 -17.427291177103 -3.80629477722578 3.11502491454016 8.70879087227209 4.68609547745167 3.88136550092714 8.13740554718125 -4.27379733202592 4.2489880084348 4.10253219693471 3.83496936485895 4.7723894228636 8.75174962669794 12.5357999174153 10.310758799695 10.4945041648628 10.4515596668556 6.7354812786236 8.4786546654876 7.06374069071822
-1.52946534287441 3.03951126553355 -2.06684499779655 -2.27250009655756 -2.1077898478708 2.86506518937168 -5.03782049669647 -9.33824285135332 -3.24658949429605 0.979814233946788 -0.6322948589735 -8.2864780598648 -9.160932491342 -14.6377758133819 -25.6996026559429 -15.542369178485 -9.18455688671949 -0.667720409955824 -4.72268516606444 -6.1242732876856 -3.61438684957687 0.821513563056291 -1.05516991721564 -0.937740883716019 2.43860527582703 -0.260211044802 -0.92675992879568 3.83602537500719 4.41991503802356 3.25098885975459 1.03869040381072 -1.02130886110942 1.19365719451688 5.32092548095696 4.19477016796486
7.88314370783778 9.15769379439125 13.5594321781693 10.3682288791526 7.53925688673571 7.28899814848091 4.00907237946098 5.66433408286333 5.53460269948875 8.17556359114263 3.26306710881291 -2.3952492572796 6.11969677753689 9.85593606970842 8.84414717695292 12.58977392123 19.7460963136168 12.3164167938759 9.82662133864625 6.40755934185176 9.17842684295941 9.13694512506947 10.9410644566359 8.795451747136 4.2265531456281 -0.0910757282278028 4.2412721397895 3.6343717151621 6.16152588045192 4.44077915002579 7.9876508082216 6.43875662645333 11.564259588308 10.1165266177618 7.55390491585523
1.84194223360813 -2.72977456501062 -1.38078776049224 -0.698497946836174 1.42010114156919 -1.98755649318857 1.84435220042448 5.24168820410571 1.8238991176449 -0.151829572049178 1.7339060236903 -3.41511623061323 -1.46166943432447 0.773791709318192 -1.05268400011028 -0.315102681648324 -12.2423301436006 -7.51700575871129 -9.79652615984714 -19.1118446745972 -2.19516136403164 -5.41548076243488 -5.02930836609868 -8.37686482925376 -3.29347482096408 1.04881464607064 -0.849744286030203 2.37085283312176 -0.634736301482562 4.83952600247097 1.55905721491233 2.20344171188829 2.20344171188829 2.75639317898862 1.14116979641221
