-287.433221362361 -227.944859467466 -187.486474916333 -164.94388435975 -163.670453142444 -163.670453142444 -163.670453142444 -163.670453142444 -163.670453142444 -165.262836568 -163.800815772778 -160.816127361 -140.8953567 -125.110000633686 -101.5303818131 -79.9585388526414 -59.0102842564085 -96.2030779307731 -112.414815663157 -140.964592442727 -142.949678419895 -143.035287834333 -143.035287834333 -145.30843861587 -163.382654138261 -164.80388884125 -164.365099332167 -164.365099332167 -164.365099332167 -165.08167837005 -185.542110566118 -234.279667708818 -297.063499137833
37.4856104634295 44.8026487582077 42.0461840424875 38.934836123675 44.2088650314207 50.3609611266757 68.5682100786514 60.9973343520154 55.6141504569273 64.0748259357407 85.0181228673586 103.264841142811 96.0126329275611 98.086865808548 91.2082840220273 82.610664564565 92.1972392782611 92.227285236521 91.7267241190762 95.892977608584 109.336429451702 95.6015797183667 85.4084068736561 75.9026822145947 60.818891305344 49.5243160014061 44.73122667798 41.83785030855 39.6023474505933 41.2198004051684 45.3228712682528 42.517971562784 38.0502504101265
8.80230781420714 5.62446484468004 3.22971785952609 5.52074912321818 7.11960917346611 9.1525590204175 19.527506300257 20.3562187970816 28.7619223839455 17.7475756021825 7.58950644755085 -5.56303248646861 -5.56303248646861 -8.19954984706658 -16.7694032590714 -34.5797580394436 -63.4290884141431 -24.730718258372 -19.5344262663874 -19.5344262663874 -14.8782106366871 -2.93397118129571 4.58037351653095 7.61885594631823 4.24033416705558 3.41877803871157 5.36122796524206 11.1782575972871 9.2312321095281 7.08699181745385 13.0002332662605 6.33007533127923 6.69976768597873
18.0252663613083 15.4678496671636 12.7454098024873 15.9251873218409 14.4249610564352 20.5762681361576 27.6811480757167 26.481589652195 34.0784978906259 21.7420472956439 12.4721288333648 4.5035086104827 6.09848126177611 6.09848126177611 6.09848126177611 6.42118562493461 -0.0807599230881924 -0.2658650676989 -1.4221550062969 -7.95566758371113 -22.8200770525556 -5.26301418247887 0.393938661014511 5.30275739627111 4.65324734142684 9.4160446014163 14.7371043159553 17.516464174263 16.6411458973387 16.0652494806783 22.260205095795 19.1879702947971 15.1845844277789
6.4351338627918 3.11677539093754 5.83088531774222 6.19899684159476 2.67099716355359 7.81911833057357 14.4848455494122 8.45524255596667 8.52143744680954 5.04721750065208 0.5835456745952 -8.2455752257425 -24.9744761627932 -41.2780237865585 -59.8935136561014 -32.5959115035693 -24.5781528006468 -17.6156724578606 -17.3992686560883 -17.3992686560883 -19.2703711003925 -17.6334055667661 -14.1057232091258 -5.83825368007906 1.5350543346398 0.933412678845111 5.42509108685183 9.20235163983557 4.34373324891808 4.80573188583222 2.90517007304868 3.00164787961999 6.72148530966906
11.0419644401947 14.7768487837805 18.7279520237378 11.068053638734 11.9212210955861 12.296778051542 9.47978542223246 15.9774400262364 24.383254665507 14.815912570539 0.5010335706785 -10.1710886398303 1.23345076573856 0.0848641684230833 5.90002577861667 6.96401534246895 6.78259137151158 6.79144694715611 6.79144694715611 6.78004978098947 7.12804264345333 4.28082410055957 5.66696016367111 8.27909071052885 12.1083661635875 11.519880666095 10.6106912394989 11.4402816636039 12.8810403559968 17.3247802841717 13.3253314716836 9.78012712665796 11.5729897424012
1.91534629853022 4.06963392463864 7.88719186675046 2.42408954168622 -1.40997932429341 3.76644290795773 0.0281351407575657 -9.07483417738444 -14.3917457777071 -5.74510990356896 1.07552999594539 7.76612569487053 12.1663863660075 17.2514193703569 27.098709255552 16.1207442953096 11.7696567973955 12.3948187111411 12.3948187111411 10.8733723569752 8.458150810744 5.929026059655 2.224784885114 9.14141827752714 6.98737816030308 5.49033539180806 1.50115690622554 4.90070436927125 5.68805083957 5.68805083957 5.67713781380053 5.00719217301148 5.93730484432866
11.5187423925446 8.03146220891952 11.4867052084987 18.04129090603 8.39962535167862 8.56670884989184 0.501989203561429 4.03087837074257 3.50972767090272 3.88652534119186 2.27226738073614 2.74877901877817 -1.60817227853264 2.6899419162145 4.65677811897 4.58468900439333 3.8871746272824 5.77086046938921 10.7989340413797 8.0012353839516 3.96372737592467 7.06608010118345 11.315257632413 16.90693256212 25.2818495821654 15.8069425468114 11.3668882085913 12.2424634259 11.3872481771728 13.5885511389784 11.4748328684332 12.835679109044 8.34482779750019
3.46082143502906 -0.0566415905853231 1.36816828221852 3.834221327014 5.93961184366793 2.97442863273072 -3.38092738046991 -0.121958236575075 -3.27832046575846 -7.10031629480676 -13.7708123815542 -20.3662803934428 -11.7472032695195 -11.6165396747783 -11.6165396747783 -11.256860685761 -11.6476657889394 -11.6476657889394 -11.6222943281479 -11.8469448251644 -9.2135323531875 -5.26866172531665 -0.488051725230203 4.00343743423107 6.32634117868977 2.14826522242068 3.66204570731826 3.48880408410208 -0.376760142327808 7.70006323807192 5.59831287558482 4.69178471542825 1.75671743798537
8.90969498304997 4.39199661030409 6.15379574267167 5.80292412758911 11.7426062903162 8.35896498776555 5.03500188286496 0.57159445025634 -1.78462247672131 -9.78990852437915 -3.87994405981824 -3.39971560516414 1.2032064014163 2.145764495047 4.64749461509833 4.25903136747944 4.25903136747944 4.8813893623324 4.17024707447389 2.62239382749138 3.79240879270356 7.88370195584583 8.49413758324955 12.5466747715046 10.2221071804606 8.40333465305032 7.017531379592 7.98901914825885 4.66457594164936 11.4038622568176 15.6115258640715 9.3192877364321 7.61063924407778
-0.632836948898953 3.28097039478299 1.38460326914508 -5.44561994498681 -2.59278413002843 -12.3590649437511 -1.76491768204111 4.36654452991214 3.4124932144503 0.977666563485292 7.58929158017871 8.15326099382345 6.70244311085167 6.70244311085167 6.70244311085167 6.70244311085167 6.70244311085167 6.70244311085167 6.70244311085167 6.525451166073 6.82673054138192 11.6582105308038 5.1469943358633 5.83337642662263 5.61903561199611 5.51782642614565 2.21956129332994 2.51939616713413 1.51707013043472 -1.71847552141181 1.72991614876184 3.285902620156 2.0158600385168
3.58968455321886 9.5724005912125 7.11455598702914 9.3339237823703 7.6058116211187 3.59817582055087 3.19421807687316 -2.24069207509207 5.5392398249675 10.112919476986 19.0257133176201 10.5267442637752 10.302730587955 10.302730587955 10.302730587955 10.302730587955 10.302730587955 10.302730587955 10.302730587955 10.2543217881505 10.6127104771952 13.6808429053591 11.0212491377148 7.900992540471 3.85335947171694 6.04101393499737 6.13003258227621 1.64517892949364 7.50970622438429 5.7814259957392 7.68770527088636 10.730848082975 5.40195630239518
0.755024498098252 3.12690798690524 3.00586937794095 3.03503262046333 3.20723600024175 2.00563704698843 -2.26881601193447 -7.20522917939121 -4.74198370794556 -0.144540078254468 7.42231407314042 0.19610382513123 1.37710301957054 -1.72252464850522 -4.84367955623988 -9.00978605980574 -14.0277054774874 -5.08230909248887 -5.8419488334575 -5.79521248400444 -5.79521248400444 -6.0045646753679 -5.23296158448655 -7.12308529983441 -5.22382719768087 -0.0568352577572226 -1.53393046813429 -0.349018175717964 3.64085954929589 4.75704633471346 1.97058581971248 -2.04918953608075 -0.398097451679696
