-163.197276641 -158.863976459 -157.135870876 -156.463021379 -160.73012234 -160.039207539 -163.43741156 -165.342696446 -159.039153298 -158.365533734 -118.965266715 -63.1770713323 -42.4524997289 -39.0574157554 -33.9342789149 -30.8760437948 -32.9390765518 -26.3013490193 -25.3707833847 -39.9083730505 -68.1135556475 -110.498372971 -139.773483227 -125.869389074 -76.1721175945 -69.2211027398 -85.6455239475 -87.8028069423 -82.7276751302 -89.6548174187 -104.579337551 -113.509514966 -126.410927103 -140.80954195 -149.524725794 -155.568108658 -154.139335939 -159.061186038 -159.535685446 -155.350688974 -159.761792595
33.1395297942 40.5213278825 43.8998955526 43.5120610487 39.6224762421 42.3445028077 35.7776060495 34.8400595228 41.5642052097 43.7509193601 27.4784579381 2.7926511238 8.44380511101 45.0810990085 74.1182378815 68.9369528609 63.4032762783 62.9115906317 55.3799384401 57.6644397642 67.8499741339 69.4371837018 60.1354495237 42.6548777088 41.4439182679 62.6117308443 68.7483310053 68.0578980273 63.5984653935 58.7963025867 55.0678780136 62.3185472907 66.8424508075 57.5053218138 50.6716475993 45.6122191203 45.0130009316 42.0400412389 43.7780090629 45.8341718373 39.0132540525
6.62096158271 5.66388486063 6.26080441815 5.62702391561 2.92008099303 0.746303539285 0.238101556572 6.23760874642 10.5909072009 10.910702876 -6.8801967636 -8.23647859097 10.5098105815 8.82609591522 -24.2713325414 -44.0227638649 -51.9992931693 -52.26381342 -49.8800018395 -34.4547100847 -11.0815282382 7.70920510351 17.8254639317 3.57281953557 -3.25565021619 1.8907794133 -2.55885545161 -5.26020862337 -16.1863508372 -16.2894897413 -15.5380838051 -5.24908565722 10.5275472001 15.7533288662 13.6104004677 7.8354703753 7.4209422239 6.03111059071 8.65176935804 9.06502757471 11.8757586354
20.6607511678 17.2036468189 15.2293007724 16.2927774421 15.4420880935 13.5423200572 13.5986214452 17.6777828474 22.0061049759 17.8217396141 39.6182136375 53.1071303986 61.550076718 55.0164297208 52.3090838976 50.5435566699 50.7462366458 55.9457497568 62.3470545428 58.5285394472 44.7925515762 33.8338250189 34.2363490046 37.8097088945 37.3376440147 36.8112748047 43.4217787259 44.7995461927 49.7911604962 51.0979092254 47.1761789366 30.0655535342 23.0696300349 23.9748025423 21.8657012778 19.1394748409 15.2593408289 15.9073227939 18.4404407009 17.8963752083 22.7134913214
3.88771513361 2.56943875928 2.15814434875 3.18142759106 2.54031810167 3.27567494322 1.77857900865 1.2811760993 6.46649938504 5.65830072893 2.28623400753 -11.4750390663 -19.8400524801 -8.09227462344 14.9631912842 16.9342398457 17.0996651115 13.9423288052 14.5589943034 14.3645357878 11.2441449605 13.3011743522 16.3122959754 18.4610957815 14.6660214148 12.1817356433 14.0400191482 13.2393743699 21.2206796643 22.6626387442 24.8382116732 18.9970112022 13.8958133917 7.32149506204 1.72082275217 3.40026263251 2.9984934483 3.72594944913 9.00638382895 7.10888992997 9.46326685903
11.4273542107 11.3259809114 7.45693745448 9.97080359008 10.8355615931 15.7979964539 14.1480137165 13.765040149 12.5830583112 14.298101417 11.2217474679 20.7496327653 19.5440292052 15.8271563248 -4.16032138536 -13.6632230856 -17.1196293124 -13.0872440494 -7.29280157149 -2.46203498417 -2.17009579876 2.4294617975 8.62022187702 14.7060936991 10.7715324186 3.92101007937 2.16347185246 5.57758227463 0.327055075369 -1.43108743025 -0.144514672164 6.21060278993 12.6779484151 13.1961279182 9.05800028228 9.63805016892 12.2773913135 15.0588094128 16.6948654336 16.2326550165 19.420294422
-0.037205661294 3.39147632527 6.25463522201 7.93625721946 7.34381859817 6.89584742928 4.95362120012 3.13461783627 1.94231507804 3.36242018127 13.5064283862 3.66424645793 -6.21178664123 -18.2941176395 -24.2563449168 -20.5192937987 -15.3881515058 -14.1107988212 -12.9754821711 -13.1963763546 -13.4792699391 -8.77417457588 -4.90402748514 -8.02114171371 -18.5726214171 -24.3575127962 -15.3049700615 -13.6549509166 -11.3299035021 -8.58717142473 -9.93164710147 -9.65586232376 -4.48989408927 3.75022053796 2.8523911499 3.7977991874 6.0173116431 8.9149093059 10.1493438758 6.52182081765 6.08347529859
14.8387959991 14.8555211444 16.9295182372 18.2759450751 12.4273072728 13.7057877599 15.8450616345 10.3760877828 7.67556505637 8.9511111133 7.79638773475 7.13759048035 5.91365403195 -8.26290097627 -22.2195342917 -18.9922445811 -13.3476206964 -12.6304726917 -13.3479383957 -11.572206349 -11.2201846468 -0.652568368044 3.1161630598 11.8121031414 10.3595775524 -2.6392569234 -12.5408616104 -10.3812728995 -6.59869266851 -4.22716270261 -4.52744408767 -0.982194693364 4.75467015954 9.4899926723 8.90628675847 8.96583238587 11.0125637942 10.0375170993 11.1390957794 12.070582979 8.95832000345
6.66801299272 7.48108721977 8.59281912555 7.83643239792 4.45119158151 6.16230524289 6.95732023773 6.3631193776 8.11616746665 6.115386879 -18.3061293525 -19.4115743356 -16.459512873 -17.6209454413 -7.77224006634 0.908087557217 8.57547123124 10.933065914 15.1936102718 16.3449953755 7.78000533842 4.57450740999 -0.344711955927 -1.77926718326 -6.26967399091 -9.25043165274 -8.80359697102 -0.834284530901 -0.902378149518 -0.828296647127 0.742492232689 1.21292891655 2.33088176447 2.58830930397 2.88957358891 4.86636044717 3.96480180016 -0.623024284614 4.95712401609 3.68314164492 2.83514922322
11.9406792092 8.69077845797 7.88082632868 8.50271074151 10.1781018185 8.06479315974 8.6048368659 11.0372827461 17.1698710216 12.9223370106 19.4877424985 25.4405681644 23.474128729 23.2027088482 16.1368998997 11.7369231094 10.790802614 7.64565983616 5.89064290221 5.738378687 3.19909303506 3.27295507638 2.36788140506 3.71226638136 3.20830347186 5.27251605347 6.62052866658 4.4927849598 2.33890984157 -2.35246859565 -2.18574030595 -0.599191473906 1.05243120551 8.31437508799 10.2005316346 10.5732992093 8.48439517166 6.87874289125 8.93022937778 8.44828034967 9.41184933399
4.24472496331 -1.63803528752 -1.32982216674 -0.166761191801 2.60610565957 2.35807855124 4.98118229144 5.63006440342 6.38532078632 6.5574948346 8.8759265004 -0.569573025566 -13.7980753718 -15.4051787231 -14.4992376962 -12.7458224958 -10.0580309813 -13.7797690966 -14.8352988214 -10.744561908 -11.0804104003 -10.767404048 -5.82459487004 -1.02121510326 -2.3731901878 -8.49105495858 -11.2116692454 -16.2922264519 -22.7933435173 -24.983589748 -17.9625576767 -14.6385224955 -9.92536300913 -1.73406090314 5.22023951096 6.15631835084 5.65904930786 3.53793489321 4.43350915 1.0468625212 5.28432119349
4.18703775497 5.37698676461 6.29102609133 3.06211063203 2.37481125879 6.33541085237 10.8932993151 6.96320524819 5.72796559142 3.13411339223 -6.56429455811 -2.11949548959 -2.63672805939 -6.65779764345 -0.0460830513217 5.57301095483 9.47517360455 10.6175114823 9.56694967774 9.47640419285 3.74797623793 2.5467917837 8.93890842986 4.95539910535 4.21667824569 -4.15643799302 -7.66532745001 -3.70527417142 -0.311677617837 5.12925347514 8.43839792501 6.85704159098 3.65753969379 5.74798915745 7.68459842093 9.44152545228 6.52655206124 2.21315662836 8.95245037302 6.08844464346 8.37130107975
-1.48132283654 -3.12052937827 -2.50154858208 -1.13878632331 2.31190798492 3.94579258709 1.11001416013 -0.768854265249 -1.56186843709 -1.22751963385 6.84572714682 11.7771713986 11.8553138395 9.03307216669 9.7299842902 11.3301723022 12.5243083195 8.76095477251 1.6128196779 -1.16575850719 -1.98743365776 4.64242338108 6.56954301428 7.85438249156 7.60362954613 2.17979131239 -3.10366744863 0.63493948119 5.77555612972 4.05743530088 3.4171457091 3.38731610805 1.21044781865 0.584774739906 1.19509600126 2.9667460903 1.33120823551 0.774041720317 3.86361160094 0.299170964182 -0.31220001516
