-193.092189447 -188.69826907 -190.381184004 -185.813148998 -181.920378468 -183.298255149 -186.991853472 -185.74684454 -181.036058093 -183.714578962 -119.944818208 -69.2460672985 -30.3054652824 -6.79289991579 4.23352626021 -8.45643666292 -22.8606406571 -43.1661597932 -85.1037069045 -132.822661925 -156.89067065 -178.307462009 -176.745304451 -136.002287757 -107.280076258 -106.775940468 -113.491854772 -112.154188547 -136.954326892 -167.853865817 -179.589406528 -179.632362748 -184.012936855 -185.346958376 -188.787484543 -194.317725033 -193.033534869 -200.417901049
47.9351805745 53.0221635439 53.9670656623 51.972493318 52.0850805809 53.791484155 54.4137005178 53.6745172468 56.2617937272 55.6994142877 2.55536352755 -23.9563495076 18.6417154223 57.6054037997 53.3150606334 46.2117696509 48.8716510609 57.4328797115 67.5281799065 70.3815908206 66.882005917 55.6280404259 30.6719018106 -6.45741992364 -18.7438311808 -14.0259013442 -5.05567016023 14.8660396693 25.6233366688 36.8576176499 47.8902809215 54.0522134593 50.8268041223 48.8839555621 46.827907148 41.2559931052 44.346663306 39.6607573255
23.1285733679 20.6698731403 13.5495389168 12.0867624901 13.3648454761 15.7560105281 14.8342979069 14.2437434859 16.138987968 15.9042383325 -2.08390449312 2.38194645738 5.81433844239 -26.5280169499 -41.0697895181 -36.7812429983 -24.9480382548 -13.6794725334 2.17486432809 4.94893121039 9.67176859325 16.1772178552 21.3723355571 30.4166710253 23.3242759819 12.606914122 5.41206577744 5.57775367049 6.67253624532 8.16040709599 10.9918252292 12.4911875263 16.48854776 14.7978921899 14.9141403392 10.8945901697 7.7117417918 11.8036899539
29.5891920606 28.02126518 23.5271839216 21.311818942 23.8532124813 22.3530433982 19.6734592988 18.5067814622 16.2829852633 18.2228313994 50.0692801451 68.9093687598 69.1396689706 60.5667647803 54.7493734081 50.8357244716 55.0262401537 59.3076916337 52.7452826273 32.6283879801 24.2893872702 23.1647779048 21.9237756575 21.9468274566 34.1638468526 44.6629682218 49.7757256399 47.999346643 44.413918896 36.0400697464 30.7368617754 24.157053708 21.2854041371 21.4413065009 21.9144872193 20.8326733599 21.2645517472 25.5375107081
9.44156953229 8.00630740532 9.67574866702 12.2226520076 9.97364112194 11.4477551621 11.3108464591 3.40080428324 2.03524589798 3.28064043811 -14.4708807986 -21.8794286918 -24.4716754087 -16.3221259541 -15.1577083372 -13.4065006755 -12.24041278 -9.65873381075 -4.19105616909 5.08026308769 9.59058596493 8.78633855116 2.95619082284 -7.10754920056 -14.8829103614 -19.9602154568 -20.7968246065 -21.1520333395 -14.1846504848 -0.465258639178 4.87455715434 7.70537351079 11.0371689749 6.24898915592 3.88685294759 6.7286956159 9.35519586679 10.116161379
11.8355582837 10.7751985144 12.2105778045 15.0302523776 15.0778959322 17.4638806701 17.520632682 13.3031139081 11.8649594026 14.4956100192 26.9637576029 37.2357846959 24.0746278775 4.47912715333 -2.73431622561 -6.38607292 -6.1819975222 0.385983731439 1.28541057781 8.08753091513 15.9077000393 13.3964887303 26.7847007955 33.7729402137 33.8665329737 36.498192978 38.6116555783 30.9631763969 25.2853150126 17.5318479511 14.2877753569 16.9214956793 17.2804072378 14.2747638998 13.143230871 13.2580833263 12.5136804986 11.4838173671
-1.433253906 3.4621195717 8.87734500863 8.37309722399 4.91099799851 1.03164362692 1.03348597263 4.2347919261 5.49729229461 0.779774235022 -16.460232441 -21.2748582336 -45.6499868247 -48.0175634912 -43.8690689174 -38.8233129352 -38.6148671774 -38.0123868542 -34.0601328727 -14.7156291102 -2.35536165054 3.71325534724 -5.08164928165 -18.532742837 -21.3123887127 -12.3026335191 -4.49158052682 -6.79599476666 -3.20937784756 -1.68791197641 0.843166887069 6.98602611183 8.13428958933 7.17413758689 6.68669305005 5.00437435797 1.42098760066 1.7196036305
4.19575408283 4.04228831892 11.4267502719 15.0211138023 11.3753839821 7.9051414542 9.87823619769 8.95433512727 4.9238390519 5.01034704853 18.6076067631 17.2732447877 -4.03170503542 -8.0147197691 -1.0380600309 8.02868321779 6.35789480092 -2.72067298189 -2.48200137455 4.37189351773 6.30077983302 7.0471226758 17.844840981 25.1083139404 17.0325953984 8.96645935099 7.24134624408 8.32747762995 5.64918676619 3.88317519066 9.25536967295 9.22651600249 10.955963692 12.648490092 12.7507613049 10.3566969235 10.637318173 8.99788669716
0.106450848876 -1.64907787455 0.880953125808 1.56048218387 0.813542473597 6.78367489478 8.05769538181 1.6621613301 -3.36457934382 -2.1480404762 -6.09988878758 -7.44882158217 -8.35661134262 3.22220208883 3.98453144876 9.25776218512 13.313948767 15.4252644004 15.789118487 7.83253694014 5.83920812593 2.25493382001 -1.32497021811 -4.17959099356 5.95093550741 16.495072459 16.40348196 16.3262963 11.3800809204 8.60997670327 6.61902752718 2.66062684512 2.86669996061 6.9718208152 5.13830537615 0.543770161475 0.0670641549452 2.00643478375
13.8801984337 10.117559196 8.04186344313 4.89827259192 7.50836340983 8.97917701367 7.20432516056 10.4169668182 9.9150535435 7.59381495937 5.31670555957 5.27127699716 11.1298979367 8.93868904487 7.99091141045 3.38277318212 -5.56429230278 -11.2297440993 -11.2896965015 -9.58235345885 1.85954664099 11.4467825746 10.8412707183 8.45078507409 12.1181044207 11.1744480723 6.90725302329 7.57601199151 12.1085492473 14.0179246496 12.2999397591 12.153576934 4.29212634232 7.86886946961 11.2847239256 4.78887354997 6.68638965437 5.4207338234
5.10976381487 4.05957572503 2.03400150963 -1.1437623205 0.877764639153 4.47426629045 3.72904008801 4.33196656331 1.87373201603 0.446090393124 9.58440971104 3.70039052298 3.144983579 -2.00875227723 -0.857775407535 6.71362712939 6.60365080586 5.37396364009 2.59094372329 -3.0052732867 -1.74769428644 7.86292637415 12.8778840001 -0.238368734663 -3.50005004493 -4.26861351172 -3.52910777464 -0.286061645961 3.01978206069 2.68733179251 1.52040114535 0.580673842683 -4.07769350065 -2.28830367959 -1.52176718971 -6.08262687876 -3.78301456974 -0.595425035093
3.83515178542 6.46548670688 7.93625721734 5.83378412776 8.06962355428 11.0030957349 8.15054692129 7.68237058759 2.90395913673 7.07095787051 4.42885773612 5.84519816081 -4.10148416767 -0.436157042351 11.913235703 14.8127372801 12.0259664503 6.73297866498 3.8516824355 0.162414043194 -0.963325904899 7.19809246017 4.65490524369 5.00233089357 11.0548192511 11.7429604272 12.5792067387 19.6217953849 15.9269802818 11.4451128203 10.126344589 8.90561844935 9.01961953739 8.66625865005 5.47653000761 4.36763627299 4.76318217743 6.6129174924
2.87604681449 2.87705152993 4.34030763363 3.1416141053 4.57874370617 4.81624368237 0.588077417351 0.265128912326 -2.01427948461 -0.381647015681 9.99633014151 14.1553651166 5.67922401836 -1.16155129416 -8.13644205309 -9.97654340914 -10.1420728335 -11.2635479942 -11.4405325044 -6.62805206344 -3.61071587331 -1.80058828355 4.08525364751 11.3238557281 12.4471894139 3.91599176973 4.59720732712 14.5823036427 15.493465905 7.56718479328 5.57734326007 4.95919695322 4.08581783908 1.85273722088 2.48898059474 3.91438051638 2.69038010476 6.23180619582
