-183.091593031 -177.576527984 -177.616690162 -174.678843215 -171.721428579 -167.867914996 -176.940614086 -178.822428211 -174.267612094 -167.831348407 -122.750617597 -88.7314382393 -59.0285274234 -45.782219733 -48.382867748 -52.4750970379 -51.8301470231 -63.0801231225 -77.8005213992 -105.977214464 -141.451732193 -158.400857752 -167.395376054 -143.611048583 -80.1823652025 -70.801965074 -82.2451118207 -95.2943933165 -104.799271315 -110.967694154 -133.06290457 -154.767243061 -163.176475969 -171.708440023 -176.049877126 -176.956217557 -176.379259607 -174.232696309 -168.411015357 -174.4786576 -177.508139296
36.3935129057 42.6413449926 45.9109883066 46.6741977658 49.2632443575 49.8127078691 43.0017669285 44.6631033845 46.9671500345 46.9176647862 5.7115098667 -28.087739735 -2.80516732735 53.7711834825 80.5920266056 75.1620599303 71.3114251652 71.0293784446 75.6248850234 80.4618089229 72.5462282798 60.8019058701 53.357889683 59.3323444493 82.2577628364 90.6943164963 82.877606801 69.1142907213 63.3226439754 69.3482621104 66.8146011441 59.9268101642 57.2379597461 50.9134216755 46.7676138105 44.2006172029 44.7013944168 46.4528500519 51.6988327086 47.4921318568 41.9639295283
2.55577999618 2.30057713434 3.47432341071 1.35610036607 0.276171780565 2.51059709914 0.360744830905 3.57951645212 5.81007054525 5.89266284028 9.2823315866 9.60076996294 19.8789874804 1.829436674 -23.9885418291 -34.97466454 -39.0612796446 -26.5975342047 -13.8015767791 -1.43758176189 13.2616387227 14.1028130483 9.86976167978 16.352663526 8.28806420449 -2.44367445927 -8.93771803267 -13.9048681806 -8.53235817155 2.38375955395 15.7192449117 16.064706122 11.4269235801 11.130074212 7.14127008808 7.78024247288 2.50016163143 1.80469640119 7.06853825187 6.32938115234 4.10364579315
18.4406095033 17.5869266771 16.379168281 18.3919605901 19.3499004342 13.3656146648 16.8216989271 19.9902440901 23.9555797709 26.1360180376 48.7316670498 60.2656957719 66.195703229 51.0437121812 39.6244344113 39.2671935961 44.7748078009 45.1967310287 39.3515871176 28.4907352791 27.4550270619 26.3893201158 26.9543216619 31.4337424323 28.6284902637 32.140102233 43.1605678017 49.4304170536 52.9031596286 46.0750798049 39.5199859519 28.4958633013 26.826475001 24.1613721914 22.0964426994 23.6169173719 20.1927448965 16.5088352045 16.8342884151 19.7479882702 14.270585738
11.1377611511 11.2571661615 7.10830565825 8.46821594793 13.4609879767 5.77489396655 6.3206469221 6.3245707563 8.06441849305 4.75692088832 -22.7642551856 -30.8448027332 -22.2192944948 -4.08584419069 5.64988933813 5.7423298693 4.58180127507 4.59766331133 10.0286151975 12.6118597403 16.0085048215 14.8499051098 9.77067912615 8.2699184623 13.025110852 14.4325618284 9.34540270921 6.48808541209 4.32754459928 2.38276556002 4.98315915405 4.4037783945 8.58944840064 12.2976679215 14.1216983639 11.4536656986 8.6836462007 6.78121817876 4.07427554709 7.27783038831 10.481329105
14.1433526721 15.6388708349 16.840365416 13.9821058065 14.3651344964 15.1732987769 14.2502901564 9.5196049895 9.70286317699 12.9021632028 27.0138720546 28.2727485477 20.918677499 14.6723766947 -1.51116561875 -7.6403532343 -7.13885551647 -1.99056156616 0.0570695590804 1.89382041876 5.01692010776 9.27521754885 13.6134551176 8.6589114374 3.80267312258 -1.29197272436 -8.74903832072 -10.198152433 -12.1794290607 -4.58136310183 4.58316170896 9.01944481185 11.7776792504 16.1818020928 16.1527956485 15.4740645888 13.8771588826 12.5215020893 11.7531265251 14.7756395155 10.8986443376
-0.555610558905 3.92475881017 11.0160167104 9.24205344561 9.07491639435 3.89859182327 2.07878694076 -0.737869290705 -3.47434790542 4.4276849334 3.45448281078 -3.28397923102 -15.9860916352 -33.8555552095 -30.2370845642 -25.3892723456 -27.5145030921 -20.803752962 -22.1873531999 -20.1986077394 -8.86124355644 -5.17682284682 -4.61060351847 -11.9370800995 -32.8931322968 -32.8067469368 -27.097377605 -20.2692786517 -18.9912682425 -15.9058902034 -7.47360175301 0.963661484378 2.81646804674 3.51375218705 5.09444020168 7.19000004778 5.75490718445 4.02489738751 4.04910471008 3.88086453582 7.74953669569
15.362462777 20.5192878356 20.6193154237 14.7839711125 12.2168251802 14.2858993442 14.57332524 10.9262374621 7.7863925622 11.7106495797 11.4622994064 12.3014128195 3.99202258875 -14.2061771314 -24.0943681515 -26.8077384648 -28.3940448881 -17.483457733 -14.3372994218 -11.0171601524 1.29253974451 5.68757280026 6.39438140728 -0.921293675874 -21.0202435693 -24.8397775143 -19.6761498923 -16.2862488835 -17.6696990276 -10.1285711429 0.960139894421 8.7202015294 14.3076075164 16.8621544395 14.5952607089 14.3797448074 13.3216252752 13.412295136 12.1096336935 13.2908306451 17.0643317401
7.42880402931 9.68353878699 9.13183011955 6.85972002289 6.2052317856 3.60390298446 4.77152168402 7.76610580627 9.49217816363 14.2246661576 3.18769102068 -5.45069594807 -14.5275078885 -14.7254243022 -11.0535778757 -0.924387785246 5.87226979224 7.80626905736 1.0368651498 -5.18726342585 -1.89724044588 -0.0250355167569 -2.27761419235 -4.79506047733 -7.01362817624 -4.78368440392 -0.526833516665 4.53216675174 3.65236854853 5.71383475596 7.57032990826 9.40118751288 14.4587032438 11.7870789766 11.2195230348 9.1028284102 5.56606426909 6.97772812764 4.12559139383 3.55439749141 10.4383462094
3.53692108502 4.97142418742 6.18290228587 10.3703126111 10.2036925668 4.41375718743 2.23373046101 10.3177886479 14.6579830529 12.2692903233 26.2686306635 31.1981325392 12.7300211378 2.91351789793 5.82940278401 23.279834227 27.5597312271 15.9774271713 4.52658930656 0.523867487722 0.0185590890448 3.02465550489 2.04391335309 5.71956400266 1.16413008879 -4.57808162923 -8.09443075972 -2.28380768038 -6.5560530586 -6.78696392402 -4.382328755 1.21822863727 9.07980351949 12.3461587254 11.7946654911 8.78819962391 5.37669149012 5.72213239404 7.71795586159 8.14858871529 8.21928565511
-1.3387704762 -3.32017108197 -2.74769929089 1.78812815422 0.751335120871 -5.5259502191 -3.92235145672 -0.239850262569 0.0603653579118 -7.09440900371 -9.17691804946 -5.68013582498 -18.0053601005 -25.0531020051 -23.2658515079 -17.4774144699 -20.0087364333 -22.4783429999 -19.6904102164 -13.128385944 -10.3026327633 -6.06439057162 -5.80104639894 -8.36141708035 -23.249748031 -26.712864947 -25.1898960657 -18.9611414503 -16.405496805 -13.3569007409 -10.0996905512 -4.39093127765 -1.80506538008 -1.99061215087 2.81205377614 3.84071040524 -0.40463460059 -2.97448792658 -0.300079363427 -0.680466011121 6.05344541167
1.31942178343 1.94282978559 5.05031919758 6.12694030857 8.70648580335 5.94040482012 5.06922403743 3.89158479988 4.08686763667 3.88840039301 7.55707926541 10.682719182 -0.0771682172103 -7.88113342006 -5.06877379347 3.98048018247 7.27596860994 10.8491669329 8.02084838941 3.46385984947 0.106688750722 0.614078154121 1.78353755362 4.16437856503 3.94702006387 7.41712204055 12.0542906084 17.5581655082 19.5684856292 16.1680893233 8.89115350426 4.86805538857 4.33775028564 4.79837860565 5.37468904445 8.54379928578 10.2965218354 5.70698559814 7.65822129367 6.59844789085 4.00501957009
-0.172627840182 0.666390376504 -1.47365703518 -4.07419678642 0.690150199582 2.04256753922 4.52882866466 0.888948230181 -0.407131505343 2.24460381368 13.3717048426 17.8914405006 12.6813492981 11.8304280125 15.894974791 14.2600549885 9.16384480864 5.81755262738 0.302975771777 -0.448592881713 0.296794613644 0.807112458834 -2.42892138538 4.0531940385 9.84643078108 7.90618671281 9.30305555975 3.40601194393 -1.16907806237 0.431328187688 -2.91433833432 -4.90372398429 -4.68906876025 -2.56148965545 -5.52660732641 -3.30113812844 1.32746926187 0.345762975571 2.65468583199 4.94359563415 3.42268588268
