-309.928413803 -306.177904674 -306.960035569 -308.364403803 -309.081102809 -306.14724073 -308.825833174 -311.81747051 -308.963774441 -302.150906701 -243.156540231 -192.338943152 -146.789370836 -130.600509764 -113.367598475 -101.5726436 -101.694400842 -106.339813086 -134.758917464 -185.522876239 -243.561787349 -278.778049321 -301.684325609 -304.856498628 -272.190879919 -239.097068618 -243.02848535 -252.455204965 -247.532114384 -252.053737362 -266.432123979 -282.638953967 -294.922557185 -300.65410217 -304.554740909 -307.562183295 -313.315532266 -315.948526164 -313.787002923 -308.74047533 -314.0806178
43.0864891226 47.1380265698 48.4743668668 44.1169793255 43.1505259341 47.2196931718 43.5382810278 39.7596953618 39.8303405014 44.8548989753 -10.9040002502 -28.4007529066 17.5263625006 66.0581107971 62.2956483538 53.8241763376 50.7090285412 56.6429595317 71.2390161076 84.8630183102 77.8169783399 60.2770979436 46.0119640323 45.5266017812 58.1685456042 78.1387867948 82.1907905052 67.658757269 58.7852123779 61.4425617617 59.0598012511 56.5770643946 53.5997818998 47.6503336478 45.9567424248 43.2371608266 35.7632741981 34.8150978982 36.3266778469 34.1892614697 37.4448593356
8.93077038662 8.57076747818 13.6331070984 11.3265670793 11.0455094146 12.7953570119 10.0225895825 4.67758817034 4.8592602931 6.99091745442 21.7807612166 27.9287296567 16.9738174392 -24.4153972257 -60.6681574186 -79.70923115 -76.5282329341 -75.0941147881 -55.9809702428 -19.8668568346 1.51329181931 5.52262631005 7.66761679748 6.94281746737 11.7618233458 17.4040685387 17.2333928971 4.82672323122 -2.93479068123 -0.944371716236 0.353195329606 6.59152364849 10.5392912287 12.5806965672 11.5874078636 7.12165609883 3.94688349658 4.15127630528 5.261373796 3.64738871968 9.27852961605
20.1045506886 20.97368332 25.1941616671 22.5171064826 19.8014549185 21.3049735321 18.7381771524 18.9205787164 22.3830136102 23.7015863951 39.7311797135 52.9296250765 56.2425084008 55.5416702939 63.960122628 67.1185424727 67.5216578803 61.0256444507 49.5987609574 40.7237550905 34.1428824644 30.1844628115 25.4298432653 17.1978637924 24.0666237526 35.3856912677 37.85496129 41.5147279491 51.646768195 46.8521106114 37.5113273244 34.5321520979 28.7400821093 28.7901824696 23.9554679318 15.0362160019 14.9864499672 20.3824669697 20.9044016943 17.8108381546 14.952848502
3.69937421039 6.3812171237 9.8526870608 9.10506102322 3.71117725179 2.63980001492 3.76745392273 9.25643105427 13.9606391857 6.84696889055 -30.9273477934 -41.1587627217 -33.1864935333 -17.7444620343 -12.6019961474 -16.2069439594 -19.1458909101 -14.0785709707 -7.57591529973 4.42718063774 10.1304143294 11.2051043885 4.69266187672 1.72427196635 5.67238104886 7.12602134636 4.97574858759 0.575069215711 2.80391647567 2.09001940071 4.05221948234 5.5324268847 8.94010116028 9.26911946402 8.54800682229 7.99213978174 8.65458360923 6.51174836812 6.69425612055 5.52878661137 4.05120535294
8.90949290942 10.4503845884 10.322421395 13.9066482392 14.9973216461 11.8051830291 8.15982895437 13.1654247049 16.2786360588 12.9635424883 43.9603811743 42.3225167181 24.9796368844 -4.27935561047 -14.3348954823 -12.6508519189 -15.2773246003 -19.100017468 -20.0503302369 -16.1413114019 -8.89830264988 -2.74061893538 1.45256228912 1.51291705887 3.05260355797 -7.16896213645 -10.3034332355 -12.2150358559 -18.4650798212 -20.7287491112 -9.58982916908 -0.951273855808 4.20845574663 10.8714717004 11.3877112918 15.0964696983 16.7070932708 12.9103824319 14.0147558905 16.7664776682 10.7774665726
2.70467232606 3.17739516369 4.07782523933 3.0221301284 9.81392015935 7.0456141317 2.41890341311 5.84005592894 3.18295472505 -1.34965888683 -26.5919300069 -40.441888346 -59.1812765394 -50.7015587107 -38.4325837933 -33.105637178 -34.5956283192 -42.8955822498 -45.8408061442 -35.7541772488 -25.5078082098 -20.9678106919 -8.88256424682 -5.9119586731 -14.078652277 -24.7017054406 -25.6198153435 -16.097094146 -11.7977925793 -9.28669391624 -6.15295415786 -4.1800431722 -4.02980276241 -0.0347451513456 2.60953270614 6.69072884582 6.64535870923 7.51906494393 5.20123084754 4.61422147151 1.58133214165
5.58025600013 9.25559404795 12.1064523825 13.7057215484 20.7927813966 19.3824861796 14.5065435986 9.9537139727 13.3424667212 7.68375914851 12.4008062272 9.43480642979 2.22621480485 -1.4407931372 -11.7792392838 -8.19029072282 -6.37693827851 -4.93105630253 -5.35219938207 2.02891983313 3.3077006107 -0.0628308401625 4.77604314228 7.54092327457 -0.215792844238 -7.12637886596 -8.23645770024 -1.42620228476 4.27335130826 8.49910633175 4.94576336758 2.2412736295 3.54249645138 7.40993083087 6.53631940142 9.57819879334 13.2546044996 13.2217862831 7.16261958689 7.51235120022 10.1459166041
-0.967619885093 2.53818247336 2.67318602346 4.66995538316 6.59811601188 3.54546594421 1.87366421929 2.40771847682 3.51593406595 0.190071572351 0.303321963113 0.811241568467 0.964817213606 8.293111741 15.8053477193 21.8311763197 20.9775986906 16.8281840592 9.93125759933 7.08316518521 9.4590233778 5.87301774603 0.426805323765 4.8159318347 -5.61139827193 -11.2479544588 -7.73991968574 -9.20255530506 -6.00769154313 -7.29075400691 -8.10240718948 -6.48316371207 -4.86249651633 0.403326703206 -1.26069480743 0.733005247625 4.40328944159 3.3596219934 -1.63378976472 -0.786670028887 3.34825596763
8.15167291444 10.426617391 7.66270283401 4.31413552188 10.0141252453 8.62439125666 3.34010205992 4.7257464325 8.39161123105 8.88600449921 -0.308152360138 -5.23523177967 -12.3625390461 -14.8195914948 -13.0330853306 -12.5272272292 -13.0765297539 -15.5958097439 -19.5603688029 -12.6991850301 -2.62360542579 2.89233024417 3.09754279479 10.2660341031 -6.22978685756 -13.819030575 -14.004057833 -15.3180099585 -11.7999019964 -10.0121669034 -5.2975358105 -2.24215541993 -0.783613768712 2.43532324476 2.76366392241 5.73298921782 8.66072119072 6.58159957964 8.15657374792 7.59210874235 6.89984329165
5.48325529146 5.7756606175 3.80900011844 1.3224456111 1.24726382036 2.57892730153 5.56464874441 4.55569152907 6.46581972414 5.72296067542 3.6708986898 -11.3780582081 -22.940600621 -14.8162434655 -11.4255357987 -10.2342173256 -9.4628870315 -9.29286848738 -13.7089400052 -13.1336751321 -4.12928528102 -2.60693708789 0.0318216408946 1.07660033866 -12.8221231523 -21.9338480633 -17.3459511769 -14.2665439058 -11.2014047021 -6.04055795633 -2.00669612315 -0.158389445066 -1.55289284544 -0.801934507081 1.16994382306 1.62252987443 1.38260840231 2.30964051244 2.0005442224 1.48375875859 1.80813978613
7.28061375565 7.55237300153 4.6770841478 6.09265503897 5.17634071803 7.31894572386 12.252319891 11.0547567445 12.1268549116 9.28386921328 8.45058021079 8.75978608022 -8.20683046455 -7.48831986018 6.07997459759 14.2123709779 20.4086640815 21.4936825106 14.3372837928 10.9842826127 17.7770197197 12.4265946834 7.825812906 6.24798730308 -1.46316986147 -4.01888845775 -5.07499606999 -1.52517835939 3.35361573164 9.52794262534 11.8098743823 10.9923477842 4.07519062187 4.52527821161 3.49447365024 2.53509005567 2.92631688905 9.8198360583 7.9905706126 6.47935904974 8.48061137162
-3.11594856767 -2.01280645589 -3.58285639267 -1.10493362637 -0.188592341934 2.49551870983 1.98201117799 2.16750910403 2.41589822688 -0.205238989354 -3.53035634707 0.711004585626 -4.3493480375 -2.01163190283 -2.14202824495 -2.53619376124 -0.457348315975 -3.55743924009 -9.14210406973 -4.54678633715 1.30150633211 2.9505773265 -7.00095885703 -5.11271240266 -2.31000595203 -3.05351015451 -5.55148391263 -4.46308847138 -5.05591799749 -5.9597229204 -5.54395449984 -4.66780637296 -1.5399672205 -0.62517188428 -2.71512621022 -0.908632982418 0.874809152212 3.04225742674 2.01999316659 2.93626874825 0.0837701804494
