-176.634015127 -168.03296362 -163.394303398 -167.634255034 -171.606523031 -171.499340729 -171.608366321 -167.415378539 -165.659304537 -168.822536717 -125.115898635 -85.8843526511 -61.6381681284 -47.4196123004 -49.0882148439 -48.9115119153 -48.9858082372 -69.7854651132 -89.6938809885 -129.752544088 -154.416047784 -140.823800469 -97.38206027 -68.6539191685 -72.5932479852 -74.0193117094 -72.1923826956 -79.5213941821 -88.8435088531 -104.637355595 -133.986962383 -156.765200386 -163.488872511 -171.352140649 -177.004073112 -174.119306546 -173.474997018 -173.360313973 -172.055314093 -170.22441034 -171.127934318
45.844110795 48.9741365602 53.2406110719 49.9568325231 43.3552677149 45.5570233636 46.4836725763 45.7838648412 48.5726726204 42.067581516 -1.84513060517 -32.2950029907 -3.79100807464 57.2154099978 79.7321053867 81.408107576 72.8048122304 65.2963958275 72.6851210087 65.5607903842 53.7848891111 42.9951701633 66.2390134802 82.6033481591 77.6110325952 67.972676157 63.0541641742 59.18022015 60.0781906922 64.4438238669 64.0977533895 55.0487711465 50.9584438705 45.6949266087 42.8720624346 43.6839219337 43.2185334223 43.9046505584 48.8026370293 48.6298416015 46.1747238782
9.8390156813 7.70674523449 8.04294319141 7.33111601814 8.91076561261 12.9415512432 14.0095637593 9.26153630392 10.7485664199 15.5220105353 22.6360093831 23.1111709309 24.8000272567 1.42447069082 -20.5077931994 -31.5418126592 -33.5605655851 -25.5770488894 -11.1594786986 8.65464760488 19.1646857995 9.72498010888 1.62575144814 -6.31829504932 -9.68174162764 -20.689351725 -31.3283350476 -24.0394481329 -16.1477138701 -3.18973144439 8.54788386597 17.252028377 15.7889372066 11.9206539359 10.3415295112 8.91234772844 7.31457484235 12.1633764651 13.138898625 9.50417175543 13.2367136379
17.9042491957 16.5345750524 14.0403987565 16.3230374713 19.0446699225 20.704894757 22.5154326449 20.4017157327 20.2826621032 22.2630185974 29.6588490043 45.5445595997 54.8543824144 40.4137570182 36.2192469357 32.7061683675 30.0699167871 27.8678724917 27.8312643731 26.9966900296 32.0516386073 31.9228275458 23.8215582402 23.8017239428 35.1206255256 51.0351657769 58.1946277868 58.9612400813 54.0269122968 45.626004939 34.8088498304 32.9200149993 25.6326046356 19.5466473926 20.9489166957 20.8338656173 20.8413979628 27.5017427713 25.3463253464 17.0255051823 17.2417520699
2.63319848125 5.5018022413 6.27147717972 7.73530156375 11.1670807962 8.81262610954 11.9803866867 12.6461783834 10.5220213618 7.99533333158 -13.2072865197 -26.3922725162 -27.9680087055 -16.3701285099 -3.6334211417 2.54665193198 1.02354217368 -0.0590142683307 8.40926771417 12.0802377732 11.9420302367 6.21507702843 3.31687630993 2.95671485027 3.27344680818 11.8317688525 15.3115307868 13.0341245143 10.2336932183 7.88796457455 12.0605422193 15.6675542239 12.2179444731 11.3941214769 13.4046041013 11.6812947985 12.8512245046 13.5563008602 10.8485888927 5.68954760977 7.39426972569
11.4824169159 13.6460177159 17.5245523312 15.9484967717 18.4469548036 19.1322564069 19.8596165874 20.292841183 18.777214793 20.488501084 37.4595491621 37.7761050015 26.3645471024 11.3698525437 -1.7542461557 -0.498957660922 -2.9562645181 -5.8720624764 -1.77639316962 2.43346881513 9.63142505951 11.4618449401 3.41614397332 -3.17006249744 -1.12480656631 -6.13700732311 -15.9123873298 -17.8730714104 -14.806622306 -2.00215744995 12.3990060373 16.0838557197 15.2105726788 17.1972996683 12.9394932709 13.5716880003 17.9461131774 14.9277070114 10.6255918047 12.4390913128 12.9683291417
10.7385861743 9.49582640231 7.62708197554 7.84348311877 11.1387867936 8.78055489131 7.55153318294 10.3373371641 9.78572873287 3.28913527396 -15.6857727366 -14.3905712678 -21.3557256366 -33.4641859994 -27.516747808 -19.9822098292 -20.094698348 -23.9208089729 -23.6739841301 -11.3739436944 0.590738366684 4.56593143159 -21.465924751 -28.7864950941 -20.9461184968 -15.4930513942 -10.5013836866 -5.94539589203 -3.84304351687 0.635722802526 7.25952372316 4.51888747414 8.78554214685 9.49366317842 10.9316940585 9.06229087598 8.19609631785 2.10443131369 0.438968686088 3.38358226607 5.86954031255
17.544203332 16.5718341603 15.2549735585 16.5024820311 18.6912899489 11.4196497821 10.9939917758 14.7532472373 12.971473711 10.6745162552 15.9872741561 11.2848974716 3.53470666208 -9.0517808719 -12.6821773183 -9.61614123015 -7.86174484609 -10.367420461 -7.56410910597 2.52482321156 7.1451969071 12.0143390679 0.35223948213 -11.9820386424 -15.6374042295 -10.8227587908 -8.69581467909 -3.56301826677 1.27417390901 6.82022461452 13.6440411113 7.88133022042 10.6192849406 17.5300580958 18.613694458 12.526695604 14.7158347999 8.9133784491 6.39221769929 10.9235797342 12.4137396224
7.43166189961 6.48648797463 7.13697688819 7.87891894252 10.3509350579 10.1362474583 8.00304982203 5.88311598536 6.1681021562 2.8931504288 -1.01927591134 -1.64947608792 -4.09650612684 -0.0295170359119 9.82060801288 14.63389012 15.3228695036 10.1870163347 6.63961911721 3.82746201655 0.656136836735 -3.3235348941 -5.89804060498 -3.91170362578 0.279500472284 4.61507849031 7.72844934587 5.67592835974 0.951583032263 1.8691953215 -0.0852663531043 -2.39991732602 1.68448504895 1.48533982677 5.09556131887 3.81814889603 6.76772556162 4.11645205461 3.87938062436 3.18514576496 3.27894915904
13.5339152931 11.8794280183 11.648996129 12.510978311 15.3195632032 14.6884145295 10.3730950806 9.05969563567 7.26451955337 7.46889556408 6.86016205741 14.9730932527 10.8381380066 6.26967226844 8.6665995339 11.7594973686 12.7266831113 11.5852972294 6.04597152237 4.29494009509 4.84868811132 8.22610467579 6.73559154578 8.44646791746 12.0470102533 11.973926078 10.4142477215 3.26179336187 -1.62192530788 -4.88228796947 -2.54126791228 1.82861763792 4.51093797881 7.29606105474 10.2540849816 9.90857315181 7.38198202731 11.7488231024 13.1322306645 11.0149797934 11.7531029245
1.49158880998 5.5747751995 6.64101528476 7.1257506489 8.97770459235 6.71701615906 2.25436886846 2.81300839479 1.42006046669 3.53861997092 2.99176841909 -3.60617678341 -12.17996235 -12.2024350131 -11.4088409207 -5.47845969337 -2.85476830032 -6.88154739249 -5.69666701033 -4.93807908033 -2.78962427284 -0.0162323869263 -11.0894119312 -13.2455194136 -13.5297682492 -17.6708969652 -20.3707159979 -20.0601495043 -11.3290198363 -11.2997633372 -7.57606620023 -3.942698855 -4.16357341042 -1.08872284522 1.50832930823 7.22730599286 9.71760507994 9.13416685602 5.02139300114 4.9292533101 5.00236514366
7.19623451551 4.7712409808 7.41748784683 9.62611592955 6.31452455096 5.18977374722 4.37965967285 8.00910264742 8.6701812809 6.89839541684 3.53907424157 5.39031994839 7.70290520117 6.96568923528 8.17612654952 15.8352614505 15.962172274 12.8294216627 9.40947519019 4.55674425098 7.83474405827 6.37100822386 -3.96900995308 -5.1298692189 -4.54554439957 0.759639950764 8.70649751709 12.6757161539 16.4916071482 13.1781215457 5.71746894867 1.62863815725 5.21451443533 7.09445292099 7.9711497094 12.2676472184 14.0167715285 11.9715704898 4.70861528044 7.42195072918 6.90168775398
4.19872943796 0.571778896016 0.239058823367 2.00092755604 -1.93048372426 -4.1822496609 -4.85373059336 1.02524519573 0.547999151057 0.0506729335985 -1.8711686047 -1.09467216068 2.1753417022 7.55327546838 9.82250167323 9.89372488976 14.0856824507 10.2133949501 1.61760009067 -2.0419235376 6.34790393785 8.80772377253 10.883963354 2.3686797931 2.90583891091 4.43196116712 6.89050722762 3.98346139735 -0.278387626938 -4.36654761818 -4.57502548152 -2.07323177362 -2.83121891544 -1.04173406173 -1.599940227 -1.95546360585 -1.95928156215 1.5263511591 3.69676152168 4.67918884701 4.84187971256
