-275.452262988 -269.549680883 -270.203086367 -272.528706674 -271.841297679 -269.167071675 -270.063669541 -265.097642095 -267.611641969 -267.824644034 -195.963297611 -131.053430749 -117.98181654 -103.795135075 -89.0737530111 -76.7935995294 -86.5405851014 -114.047997063 -118.029895262 -137.513665278 -190.07176425 -238.587864441 -262.300188222 -255.823379278 -202.01426277 -157.858592933 -140.99735556 -137.161256699 -145.079747234 -148.348315363 -160.236050617 -188.676789001 -222.320498772 -248.882976272 -258.101405374 -263.528250773 -265.067630852 -271.111089981 -269.933778321 -268.399076465 -274.063785688 -273.377227959
40.2034251728 42.3210220085 39.8887623007 34.4724609758 41.8252722005 43.5510325443 42.0936127151 44.2506338203 45.8868100213 45.146034696 -14.8444699985 -65.064637578 -70.2109698766 -6.64089608568 59.1596028482 66.1179028638 55.162433033 48.177299321 44.3656578696 55.0075980548 65.3391161464 56.7505609175 43.8150778098 34.4620038034 39.5779040689 74.4435199017 83.2394937824 72.0228179554 61.4648912525 55.5931591646 53.5525260021 53.484127036 56.8722068455 49.2488165194 45.6990029451 45.5807452302 44.7296584237 40.1109488626 42.6105721117 44.1680490834 40.6940308965 40.3336206229
7.06357880524 5.85747994258 3.88148773848 3.03322487571 7.01961490319 10.2082386039 10.0082076233 4.63034643036 4.89155420914 5.08256971784 21.2820378429 27.9831661875 28.3405450552 26.0022488087 -14.3284087182 -51.0913503928 -65.4328557144 -54.5971745419 -49.7095349544 -30.7479685376 -5.59581764742 5.35439254145 4.40485321018 2.40331420011 4.30848331369 8.56273433311 -9.59584546966 -30.3341328114 -39.5590213339 -31.0100075801 -18.9734244633 -1.6293642796 7.41205965481 4.95064006221 2.33905983623 2.43595385296 4.64973151171 7.55281866404 5.42975852164 4.93789111362 8.5363623977 12.1713818347
17.6166292738 15.9396270549 12.6363144656 13.9132166419 16.0764918497 17.8630061235 16.8352055069 13.913059759 11.180498336 13.7843811973 32.0205090385 27.9842035336 37.5621190737 51.8089250473 45.0844127233 51.7157496009 57.1414411611 60.856677386 52.2855998974 49.4979671051 37.9997315108 29.3811818511 19.9669622867 21.8874485404 28.9726212657 28.3869345466 40.1806209036 45.7619227211 53.2722566124 63.5455609203 61.3605219581 50.8551952461 39.600489614 30.0060305251 19.9708676117 12.5111145169 13.4265839763 19.3387696503 15.7022725958 15.31320702 15.4291576935 17.6177384061
1.18747949684 0.0535650633412 1.01826240545 3.97499247977 0.237580803616 -1.66745619848 0.464126494527 4.69162159065 5.72694934735 5.14755295056 -25.5962812949 -43.8312671746 -42.4437402223 -36.384454144 -23.4513687492 -11.1003354745 -6.87939412102 -8.79082393441 -9.26109043735 1.39827941187 5.95117558211 5.71789430712 6.16102108485 -1.85699944116 -6.59008666727 -8.83609633519 -9.14808971326 -3.83650857297 6.80154291647 4.96457274249 -2.99439506266 -7.25837094072 1.66128609127 10.3951133901 6.15892907553 1.75235591122 1.78483061503 2.00751209692 1.76947646296 6.85997401952 6.66518495525 4.96234013357
13.0258667467 9.2218085776 10.3807457245 11.7360269004 5.47187495565 -0.324805367532 6.01205924288 11.5571504501 14.3721600871 12.8317380031 29.281905457 32.3016739698 29.9260727596 17.0140193256 -4.77388248241 -23.7078412946 -27.1837848738 -28.0831093586 -22.8687574348 -13.3051768629 -4.92374239745 -0.772729814443 6.061582228 9.34783718461 13.7813484608 1.29565045934 -8.28035150722 -15.3778362241 -21.4332989199 -27.7669276835 -27.7542627693 -17.3719854358 -5.97607864775 9.15375439233 7.76036384815 7.25855466848 8.56696151873 6.83825253937 6.57458218941 8.48040709911 12.3888497724 9.72542041194
3.07938580098 2.13162041394 -2.25881586662 -0.987731619577 -2.90092014633 -4.16228988378 3.49514278883 5.72387321516 6.32327058118 4.82140665383 -8.0262367129 -12.785738009 -18.6565026635 -33.9497955899 -41.0969970568 -35.0334095063 -30.9815385655 -21.1486051603 -17.5100476728 -15.7319376082 -13.5308224437 -6.29828985919 -3.15402998846 -4.86184107883 -9.59409121952 -15.9387499865 -11.3586303986 -13.4611473019 -13.1208719951 -11.1654866055 -7.00938318953 1.98985797584 7.63030851531 5.37749477903 -0.447483432966 -1.23788317838 -3.90549898439 -2.59960151079 0.603973111253 0.659576573909 4.75137470654 1.48329659082
9.49631228191 11.0326024071 7.80118279752 5.46206554471 4.78789813078 5.8431796536 12.1770393617 9.18373022279 12.399202575 12.6615977549 23.1204736948 26.7263461917 20.1227479666 14.472733796 15.3504659527 11.3215433836 9.51060361493 9.54618506157 9.82269465258 13.6960382145 13.6947112492 7.00119871351 9.15356221904 9.0432921926 13.2318122543 7.91033563767 -1.38240057493 -0.565435218762 0.188924663834 8.03194128777 13.753787528 19.962402098 19.4781010185 10.4266047305 5.01823787969 6.79345271536 2.57924066954 5.8058133258 11.8687432098 11.0360527047 6.03242585976 3.99351889199
6.134992633 6.10770271809 0.7750755291 0.739909099433 1.24312322862 2.03584487789 3.17019340531 0.785709091359 -1.2403851245 0.320334279196 -4.7919968442 -6.49562144101 -9.47911482875 -4.66152401949 2.67163179447 4.84160758715 1.87148911395 0.90149549424 -2.27859951845 -2.04028426531 2.3453905637 0.0427774644603 -1.05752790398 1.59760298968 1.08690963809 6.11444653086 10.2276493199 9.74493126593 2.14770429731 -5.39748071239 -11.7759857045 -7.95625498476 -1.87194623373 1.5333679861 1.1542493549 1.81239068753 0.19716383685 0.982783414177 0.979307045896 -1.13040203851 -2.91520696528 -4.38110243019
7.82233404955 8.12640722939 8.70013041975 12.0931490408 11.8833714159 9.48523689251 6.6476930613 2.9153744626 7.18044705174 9.15059443627 20.957582 25.700058478 20.817914769 13.2532458318 6.74080368764 12.0564415096 16.0281191429 13.7875002431 9.27911313984 9.90197045296 3.93840684538 2.38000141887 3.99072443546 5.86508986465 6.80482922007 10.2728367512 9.08599770857 7.78995797803 4.90430977164 4.15284591878 3.06083600173 5.98746419211 11.9808365322 11.8688883567 8.18023968238 8.73419473184 11.3178649117 8.59143787144 5.20781897315 8.26576207853 7.58045212163 7.06704864147
1.01802700323 3.79360864065 3.7096505061 2.41657149613 0.91851624954 2.38578670333 -0.339853331806 -4.8772128748 0.150532555913 3.483040754 -3.02009502691 -5.57885488369 -10.3939842647 -14.8897547339 -12.1461745255 -14.868699955 -14.9866060321 -13.019020603 -13.0243709259 -11.7970765533 -9.70754663326 -2.28340196415 1.12164898413 1.36881251157 -0.669844851017 -4.55633198482 -11.6021409209 -16.5914750687 -17.3306639635 -14.5047929906 -12.1921836304 -10.9138457492 -1.93396121943 6.31674643642 4.79199088209 2.42106667798 4.62550369295 4.8493461199 1.82265377081 -0.579425366749 0.0736718685524 0.657633649526
6.01427559009 4.04715934776 5.03431886758 6.58851903937 5.1691986562 6.06149169187 0.558659654201 0.857285091517 6.62330060511 6.52106750575 5.61861610008 4.44431859431 4.95868803836 1.1509170191 -4.20972835721 -4.33807702326 0.980895590075 4.8749739816 1.21589788203 -0.519293528776 6.37664462223 7.8678577782 7.49124880638 5.43407756758 -5.53551267895 -13.7874026732 -9.43814697256 -2.43004205525 5.24089591959 9.58224906356 9.00690676964 2.19612408448 -0.373136581128 4.52367825691 5.6242405592 5.82980890085 6.86909381012 8.90962083625 5.65346120829 3.25414333609 6.92624879873 10.2805573007
-1.53924427376 -1.95346561766 -1.24096321743 -3.37049728147 -0.906445716679 1.00959938102 -4.52208444173 -5.23674183385 1.66383057049 0.702457721853 -6.05173392967 -9.19732628091 -5.31013790003 -8.90925637215 -9.81505950165 1.18771470542 9.00424382207 7.97507148093 3.86415305745 -1.96639412726 -5.11458416237 -2.24189884304 -0.558797509429 3.35401843254 -1.30357559616 -10.7172517917 -13.4314090254 -10.5105175933 -1.86925703144 -2.98815837755 -5.38001863769 -9.93958109278 -10.7128768133 -8.23953828958 -3.61175662635 -0.229144150223 0.670173443596 -0.714768982041 -1.11845009431 -0.100603831325 1.4928366798 1.40601360168
