-143.744908477 -138.990410492 -135.786841157 -139.010074213 -140.287903934 -137.912879846 -140.402075638 -138.281702034 -136.812420111 -112.057768965 -81.9270146875 -62.5150748551 -45.9333191094 -41.5089735318 -35.1504349721 -39.3001774935 -46.4127448047 -59.3748447143 -83.911613876 -113.618550143 -131.738626786 -137.561492978 -140.994764603 -124.724055074 -72.6087169408 -63.4054495272 -70.1613616984 -71.5054142927 -67.2726239597 -62.6734336535 -71.8752615387 -85.8498293783 -103.201740717 -119.086762438 -123.932781748 -128.473139141 -133.421085101 -137.355038775 -137.085679378 -134.860989302 -133.885329244 -143.924644602
35.394950966 35.497963279 33.6606605888 38.7603172694 43.3128076207 44.9003532838 44.2348627482 45.8022319512 44.5229557828 28.1634892016 -7.34436525461 -37.2990324951 -11.1931579783 47.9242515586 71.5158225737 68.2105322223 66.0635242234 62.9641124869 67.0281401298 63.3057896464 51.1652300773 44.0807649745 39.6923446956 35.4511797868 44.575668551 65.0700795544 69.4809591036 59.6157685198 60.6822793397 69.8423119777 71.6108972511 66.0330244224 67.6082464161 65.1933846553 59.0611961525 52.3915916649 47.7735653363 42.5647992151 43.8315323399 46.3386330534 49.5686955087 48.1328632531
6.74605902086 10.1991876026 11.11373931 8.34482921358 9.28093920667 9.97159738917 5.73382537758 6.14280837724 3.56554755924 1.51142534579 14.1157892674 23.6803215289 27.8281727295 11.8534031581 -6.80260648108 -14.7423709733 -15.1344607371 -8.95816856363 6.78010103004 14.6312759559 9.39412873049 4.86960051402 5.04015211612 2.47748191595 8.08610221108 13.904669973 -2.48935266467 -14.4072160207 -20.5486635272 -13.5268166736 -1.35336534168 -0.281677410607 10.8993793926 14.7010421588 13.208041829 11.5656648607 8.93523080928 8.21279865393 6.8198586055 6.321980667 15.9159081645 22.4393353586
21.0688011371 18.8388615283 19.4544625166 18.8577804658 20.6231321107 19.3617315847 16.5135503236 14.2271370246 16.6393647205 28.8511918179 38.8431342999 51.8107704405 60.5841230214 51.9524888438 44.205010707 35.6326602112 34.5952574121 36.7763590521 29.6970063349 26.4646114595 19.7012769163 17.6063218294 16.4194508721 22.8399894525 36.3153820878 39.1582190519 44.9385819032 42.7520596267 40.2149366313 37.4254014268 37.6915435303 36.0332586949 28.5013748755 20.8695002637 21.2686063797 24.811266379 22.1108070152 19.4910271215 17.8770644143 18.6244557443 26.542080115 31.9732889481
6.89845618187 4.24614022978 3.93598281194 7.19131401024 10.0098800153 6.86131953808 9.32968007893 2.87175711992 1.77163262441 -4.7748302511 -22.9716111638 -40.8558965016 -33.6176091923 -12.2662735622 -7.40157519412 -6.06369726455 -0.127217346285 2.14100747356 4.62431388219 9.27276741229 5.38006851001 1.79678139377 5.71493805692 2.60957586898 -8.24465376057 -4.91182285262 5.81510167527 6.19616988953 6.10776730748 3.12844816267 1.29031671947 7.91467131551 10.0478241365 7.16700516986 6.94410283808 11.1858830824 9.6569554721 5.13255699076 2.99837758852 6.73508334577 11.3833906928 15.2265425125
16.2680972769 17.9295165014 14.2213048521 9.21371201157 8.96151554353 16.0745870682 17.5346631376 15.9718155517 12.6218051261 18.371019561 32.2485280075 28.876972304 16.1534636091 2.48823317815 -4.97591396644 -0.346079698687 3.47232737433 4.19643918175 10.6900054332 14.276714655 12.9671319415 12.2354970772 13.8570020929 7.84305733373 -0.620636629816 -4.24521450935 -13.1657436707 -12.3965420975 -12.6914791993 -18.3998859837 -15.7390893906 -4.32703697658 5.30918023032 11.8787056731 13.4678731691 13.4487561523 14.2733056045 12.0013891448 11.0859855876 13.6121926675 15.1613269294 19.7064939771
-0.98320928537 3.34472793529 5.70658329425 0.141631975152 5.26338961718 9.77361237164 6.69452219719 8.83290447777 7.7715470473 5.6244232961 1.27010118691 -1.46909555784 -21.365515532 -30.4389969825 -27.8988051846 -26.8690048709 -25.9132942665 -20.3455087115 -13.1231297647 -5.05394244706 0.79226575842 1.6200247004 1.96619355557 -1.73457117091 -17.2093645069 -23.4512433207 -8.78910344436 -6.63108412687 -15.5834012761 -24.5902210313 -20.0963657182 -9.56178629841 -3.81932937261 4.54735198567 8.07555041527 6.26954852207 4.07808869041 -0.671033368617 4.85839030169 8.91135270066 7.52865282425 10.7629004059
1.52294787723 6.57373955361 10.2182051794 8.87832727756 8.9523626019 9.60983705527 14.9716279453 15.2394553352 12.9537134243 8.40058009818 8.49745934022 14.4716930614 2.50756740665 -13.0630036681 -23.2819410589 -18.6290878686 -13.9628165865 -17.1883056428 -16.8192175508 -5.08579562968 7.09481080006 10.9465317823 10.4907492759 3.59120508823 -8.22078822422 -16.6629253222 -12.4004496821 -10.5331738914 -9.05777439535 -11.5242238133 -7.72511525764 0.016634214354 5.31656621399 8.28662623477 11.5925037282 12.9316442524 10.8106830282 7.21495661122 10.5482826608 14.1949813933 9.62693561259 5.86772193626
4.37568708445 1.31129495205 -2.25154085472 1.74858706063 2.94292927787 2.8355475776 10.7840488503 7.06800690784 7.09446538312 1.33215091705 -10.3451535576 -11.2161678032 -16.5937017941 -11.5082296543 -1.11401098319 6.84946605291 9.33951875324 6.24778559492 -1.20441278957 -4.12891536042 5.08590927888 10.0917534021 2.27465437149 0.302063345581 -10.6748863441 -16.3165956453 -20.2768571083 -12.1445975182 -6.21375268785 -3.98715217338 4.13942958514 6.73288308456 -0.953555596401 1.10744251918 1.25789472084 -2.6474288529 0.0468538185651 -1.41848563337 1.89368251309 6.60783286277 4.70667205178 -3.54570365243
9.75972339586 7.71533253743 9.81331314618 9.91067133772 11.113477257 13.2625809751 9.79545514778 5.93525163278 10.2600276528 13.1320862731 17.3993020017 20.964468467 9.77000410173 10.6584122656 12.2366558226 12.0660792134 11.3387748383 7.05232423151 2.62351553451 5.08310955474 12.5010799608 12.768313455 9.54031270704 13.9568788037 9.16894670606 6.16635116814 8.97514692712 6.95492795377 -0.624310183663 -1.88867488985 1.22080376424 5.71241942624 6.07734250734 5.2716833286 4.64376009535 5.53708895758 8.63401882527 11.5853283631 12.4122288388 13.2471603644 12.0248376734 3.26762743402
4.41357368948 -2.57966029658 -1.72519441963 1.41381187853 0.382433602415 -0.4171558172 -0.796133182241 0.0384923553267 1.4265639132 -4.1913333979 -8.83086541185 -8.35351472945 -17.6987229154 -10.354829793 -6.74762699804 -5.47799116499 -5.29632846183 -6.13498678749 -3.29725778894 -3.21260683803 -0.434270884957 1.37912924644 -0.0346310500377 0.73184877162 -5.66377762015 -9.12747952292 -10.8354854941 -12.2006612576 -13.3195780001 -9.97593970153 -5.91278687817 -6.45353751199 -3.03417262609 -2.94653572247 -4.0502321069 -0.665846006083 1.18455293072 6.83843149051 2.36645683657 0.406796538387 4.15813874271 5.59400564191
13.0029052098 7.45356026783 3.80714020217 8.18257402317 7.12525154662 1.82185237215 4.51741724377 6.67620557112 3.92890397479 6.6745887387 10.209761214 11.7718155751 7.79202664709 2.69809359806 3.19111061332 7.55127439037 9.4653251294 9.85709664991 9.74817317446 7.51201376129 4.36070823719 6.26507139518 6.75388434134 4.75480606959 6.99992864394 -0.825419077509 -7.0534636892 -1.43638234886 10.0339533502 17.0780150228 15.9632155997 7.87450295172 3.68310962468 4.05252576521 1.42258582686 2.67083671629 6.49146019819 10.5945486051 5.99358128391 5.17243636394 10.1572090637 10.749177481
-2.32151500768 -0.0260659343635 0.73044789838 0.792524597098 0.171981867611 -2.09081172159 -0.0197548530613 0.0863666695249 -2.58007497147 2.68067757785 7.14462316013 3.78943129818 2.24981773985 8.81703819466 5.45133369567 2.27617108008 1.31796003591 1.76492860969 -0.982180682905 -0.333234332234 -1.03668735533 2.68165813521 0.405865543862 1.62003634728 3.63122326801 3.42777921611 13.102279888 10.5971440559 2.7870964362 3.77008113099 5.90761680015 6.64839599754 2.38819965479 -2.87851329892 -2.0181308833 -3.24957655442 0.132260597074 1.61768759821 1.75642596487 0.938437637773 -1.12904568652 1.93666885022
