-229.912612236 -227.518421434 -229.05209242 -223.6245621 -222.266642393 -222.683622319 -224.194737972 -223.803898373 -224.111709328 -225.766106735 -158.001268526 -102.533963426 -92.7062406296 -54.5534351911 -36.3253907065 -40.6362448092 -70.4224910107 -78.7477853411 -100.470353151 -134.371850613 -183.453538711 -203.840728452 -201.815835228 -167.918701669 -133.530069396 -120.718132169 -123.547043249 -134.427126448 -148.765273534 -178.882316575 -206.645943911 -214.269971165 -219.841331986 -218.898719359 -218.057105348 -223.324554014 -224.161662221 -227.558176932 -226.724601122 -233.39560754
36.982929744 38.4515673626 39.331447462 45.67467311 44.883679946 41.2883100593 38.6352999269 40.244899739 42.0007891321 38.0976002165 -3.64124690727 -40.4818719695 -47.1080353092 7.81823057812 57.6948657234 62.6591036062 53.9723929468 51.8093555217 51.9854210338 57.5191666458 58.0325418989 51.8075613632 46.8039419175 55.2643668908 75.5695416197 78.9539731036 71.0771129923 56.4702313736 55.5752311104 55.5712997358 51.9227652185 46.9807763917 42.0549166198 43.7977035414 43.7539758088 41.4310232037 37.8519093471 36.8380912026 36.8266557744 23.9712436574
6.66236108359 2.70394568998 3.28556995818 11.370507523 8.38993887346 6.44464702062 4.66435290577 3.40885507192 5.49620060437 2.82547677301 2.03374465815 9.24394812876 22.5160140997 -1.86343503318 -40.0070839938 -54.4062538266 -50.7084303322 -42.8495700151 -31.4258801643 -15.0878879339 6.1973098247 6.18443952593 0.909272556704 2.29403324654 0.537638097631 -13.317847538 -19.2024106882 -23.6399877509 -15.6610421403 0.518841373968 8.9620340369 9.82508144525 12.8507108496 8.14613825768 4.75717234678 6.09907728839 1.4016558213 2.93285924449 2.21325839819 -3.32093230992
16.7838573681 17.0066522567 14.8042116322 15.5524667588 14.0658820965 17.8560464676 17.2785013644 15.6404618568 18.8078860742 16.5468926771 27.8719901326 35.4566864035 45.9076750527 43.6055537547 35.8179710093 39.7541068752 48.5763443509 54.7387811841 52.735963013 45.9631096611 34.6056471841 23.1035261298 19.0078951361 20.9519924362 23.2037554099 34.5729941408 43.9231177052 52.7987265593 57.0279835558 46.9865113578 27.9716521948 23.0535458595 22.4323889633 13.6570183946 11.4860267816 14.0966138477 14.4926250332 14.5747317861 9.1432246463 6.18083279165
6.52187734512 3.41622352474 2.89513192045 1.41264318079 3.00235532511 5.17619871999 8.47146976623 6.38697480431 3.16407978337 2.8536401808 -34.1806651713 -49.2609978564 -47.6578647249 -31.157977591 -15.5565816278 -8.78223565626 -1.39868911471 6.06941960298 8.05732094726 11.4030232346 12.4359086414 8.70943795949 7.96670369415 3.39851722405 0.709344218126 2.54686476102 6.08830863753 14.0519809194 14.0727614166 12.4166523755 10.7617086915 7.46858645753 6.26190982645 3.22606436697 -0.442515509608 -4.66579848382 -2.70720788709 0.227964319997 -3.4626378985 -4.87556329473
13.853734489 13.682459021 13.1289309047 8.89979845574 12.7754735013 10.0508801602 7.76321874131 12.2721389431 9.04594799194 11.8209762141 28.1502699686 37.69972671 40.9685442809 21.8138763023 -6.60659968834 -19.603610688 -24.6379943125 -18.8096488686 -13.9054912656 -6.23662356199 1.60976654388 6.59857515605 9.15143312752 7.93817295508 1.5807178523 -8.02248067166 -17.3525606622 -19.916741691 -13.0055247428 -1.44648878289 6.68442539909 8.15198151343 7.87212951411 12.65853347 13.2350328925 8.68675748166 8.28200439954 11.4422575804 6.97515536637 8.85024803514
4.31084838871 8.50122458663 6.21280506962 0.79457894353 3.61225695782 2.68062471281 -0.489858580955 1.49191140272 -1.07336738286 3.27453518793 -1.72541421437 -9.7403581572 -14.7150134967 -34.0781369223 -26.7342592634 -24.7210431596 -20.3684192371 -14.9356678115 -14.1856096749 -13.9389044068 -7.97956964643 -6.50876583249 -5.19705196821 -3.21820192098 -5.5857292025 -7.26839621519 -11.0008778906 -8.91166550507 0.339929023584 2.2192083533 2.00436641529 2.24185022066 -2.8451920844 -1.30586930718 3.78227296261 1.76556782441 1.76271502641 4.21435701474 0.357889851344 1.67838927786
5.67318783236 11.0602229715 14.7884745782 8.56808388606 10.2334167007 11.7139745611 5.87656722243 4.73973209306 4.11848076213 7.72525280183 28.2152786579 31.3308458713 23.6619615942 13.6554715927 4.46292157588 1.81775642434 9.55256299053 9.34119314769 4.21113211945 5.43847309992 1.8233069049 1.58452923453 5.83717692232 12.4644244605 -3.52952423832 -12.4461832163 -8.56780016139 -1.12477959388 6.52856891913 9.33292826589 14.3660097155 11.0076593516 5.03045865396 5.40341650638 9.0154009936 10.9930852127 6.88979986478 5.36920491607 9.68123730757 8.09828178285
-1.77405433181 0.787619407992 -0.827042386667 -0.995019112197 4.29087474708 7.35512560177 2.99078223595 -0.194328121148 2.44871704759 3.07136614861 -0.321737314987 -0.840413894268 -6.83932337834 -11.782243831 -9.18496443066 -8.21255469434 -2.99774292405 -5.12849822451 -6.09619470818 -2.98092003757 -7.90079609576 -7.62656973935 -5.92411102672 -2.16234496591 -6.85561992058 -7.5151155479 -9.66027350454 -11.2126179789 -9.19408600101 -8.82808306252 -2.8663015717 -3.75121410939 -3.20479967734 -2.24325164528 3.11465885737 3.43324642702 -4.99468599148 -7.67966760533 0.79819574055 3.55498840896
3.71696906624 6.30419910704 7.89588082684 4.82563281293 10.0802335179 9.36356513196 3.38423328398 1.28579989841 8.18582153961 10.1081288436 17.432213235 20.5775642884 14.812481678 3.29318603505 1.11804566244 1.65437576193 6.07822190305 7.4091947251 5.01013566523 3.06560211831 4.35697803699 0.32998724726 -1.05956484978 0.108399188738 3.57167009144 2.28462641757 -2.42884936346 -0.173212762416 3.25493730872 1.11849582347 3.15522527582 2.44098567401 9.61936114434 7.17418824189 7.67888035704 7.94255591546 4.63054257479 -1.52176221516 4.01305146749 8.20401514215
3.79972878902 2.01758466003 6.01056687111 1.85694830988 1.45843318815 1.88665354963 1.66487028253 2.6011345634 1.75368552958 3.20205125726 -11.9045356971 -19.2489639362 -22.4595632658 -19.0856441825 -13.4126174265 -15.1353631541 -12.8960471411 -14.4944225509 -16.9052603019 -12.9723187393 -5.07690032428 -6.07480031241 -7.14677437712 -9.51221566894 -10.4673285586 -14.9555224883 -18.2445338964 -12.8118965862 -9.4704610665 -7.88693360154 -2.11528309117 -1.05601946979 -1.00077337356 2.71820751884 5.91154762058 2.29629614521 -0.0351848055391 -3.42944857503 -3.33008399895 -0.163018232255
9.98438743756 7.67174892429 8.21002907457 5.77209806365 7.07326105886 5.27185128197 9.33162485529 9.54794654543 6.98962470092 7.7133664133 1.54404587788 2.48326976723 3.54142621858 2.64472197144 -0.79626664669 2.87570142963 7.39456429052 10.7132312547 8.00605486832 4.89921591475 2.21806112757 0.337178431246 2.35523808165 3.00837364179 0.455779703203 1.93353524524 8.45449650563 16.0608966218 16.5091314042 11.2683028072 8.08502755817 2.09585269675 0.474377774459 7.94229446889 12.9467115506 8.16656207812 10.1429219311 6.50439156736 3.59063071672 4.43362197538
-7.40051594425 -4.08091427305 -2.49763867565 -3.65226478764 -0.379500225425 0.194226639304 4.37897147102 2.42372694723 1.95336020565 2.16250382888 8.04901947647 2.55521696477 0.228960947023 -5.27146515778 -1.73748762425 4.01844526593 9.315701171 8.23833804005 6.8053528765 4.90204066822 1.98966230464 -2.08817249525 1.58853442519 -0.620436290197 -7.74199518672 -5.78006309668 1.00297264049 3.4578900046 3.32814784572 -2.49582125132 -1.62390785718 -0.239943028305 0.238891458069 3.96916413938 3.46164523668 3.40142012165 2.73032114063 -3.458146794 -1.77990540403 2.72767871414
