-155.709566449 -147.525657047 -150.245947842 -147.795419731 -147.690058113 -153.217324793 -149.99792401 -146.48691051 -146.270265201 -129.028974884 -78.7176347219 -61.3818430417 -46.5473575936 -39.9404835667 -37.2845719589 -44.5887535629 -55.3370325168 -85.8473136368 -120.534771748 -132.438380731 -117.976685096 -79.5387203332 -69.9322922223 -87.0751849923 -74.8762244823 -81.9151742321 -103.870795389 -120.042768101 -128.937014967 -132.506366514 -136.841317386 -143.554323781 -148.827437398 -144.724253316 -140.808321786 -142.19549945 -140.90987579 -150.311557777
40.0206715883 43.7644586561 39.1742458269 38.9743815353 43.066315012 38.529171154 37.2802230444 39.1374311464 41.9923365938 37.9789356882 5.22098973564 -7.14548566961 29.825980259 58.4659067553 49.9968380422 40.275033442 55.1314049014 69.3023608811 61.2760497129 53.4404556302 45.1789558968 45.3464752457 57.6143260531 64.7454143638 68.3325354933 70.075046953 63.3018522934 59.3485880297 59.2519408311 57.279871674 49.3012320886 42.256353575 39.783727723 44.6995604766 48.0994837827 46.624154554 47.6314483327 36.850529685
13.9172801262 14.5887290763 7.94394424869 3.1680710107 7.10707398913 4.93313242585 6.78010732109 7.10076252709 5.71949978623 4.05483712168 -2.90668695014 3.2412586552 2.76138069559 -14.7425777951 -19.0962866138 -18.6897200043 -5.46344104697 11.3648463076 15.6643243328 14.0559558538 12.0281518429 15.1483468378 16.8506609296 10.5891608669 -2.2936045108 -4.33839512123 -0.453750701071 10.2571026167 16.1096499409 17.4994141466 10.7376939134 5.79900933979 7.44795139059 6.80274867034 9.28654744397 11.5009857825 8.84053299622 6.57116603395
17.433134111 18.3787615002 15.7956200224 13.5732773212 11.9284371646 12.5085180609 17.214279938 17.490400117 12.9271462889 23.0438826321 43.1906243071 55.4530380106 46.3223527868 39.8029594975 45.2328912248 42.1924722694 35.5844210404 29.6721516601 26.3041746567 22.9148702483 21.6956586884 36.7020438103 43.5450551289 40.292274749 38.6989091278 37.4938637059 36.5409075343 35.3673229248 27.0880391661 24.0157164174 21.3767748583 21.0502462544 19.1348413331 13.1168045211 14.5938580825 21.7182821147 19.624987833 17.2720855167
5.49070334898 -0.57105326334 -1.0796211601 1.09678978063 0.0775169320175 0.200924637544 -0.19955688348 2.50427657994 2.68905108011 -1.47601908848 -19.6032582392 -29.2193452642 -18.262605347 1.78398543544 0.982176055597 -0.789747209906 4.04328053987 10.0459798087 13.3582422537 10.1146505758 -0.0614871336203 -5.04630921356 -8.72289488076 2.982161582 13.9020256309 18.6026846878 18.845493958 11.4401344412 4.93578767867 9.16738823478 10.815906487 7.77611647199 6.06615411871 4.54278791421 2.75929078112 9.39243836443 7.40182082394 7.07078722802
12.8803927394 10.4627859888 10.4177193357 9.42754301487 8.19330917859 8.72426323585 13.358462453 10.950498306 11.0634868365 9.82951301591 15.9148356238 19.0576071738 21.4416836045 8.33028972808 5.22656461272 8.17958829788 9.78374273259 10.1641556143 9.05697627371 12.7466926287 15.3144911955 18.5517376585 14.7389364185 4.84211547754 -5.49431505012 -10.3580987934 -6.99307778216 -3.66293979631 3.33459431938 9.04652952997 12.4307785223 10.5557988385 10.8177303504 14.4637355684 12.5152832682 14.9617431131 11.7142610294 10.3216546882
14.6042549967 10.3994425106 6.11388067262 -0.663369700981 -1.68561935635 4.26623156672 7.23637165882 6.510431403 3.89990790778 -4.08984732828 -16.9640808516 -17.8722858296 -23.6685502038 -21.017868248 -17.7645719691 -15.4051015746 -17.4838044744 -14.8549716195 -10.0253104073 -6.37763181062 -9.86098430119 -22.7545585904 -24.7627728691 -19.7616912355 -22.8870172631 -22.0076190523 -19.4302762333 -16.2066890934 -7.87930225451 -2.22791373526 -0.804719503521 2.81445536859 5.32441120346 5.38351658312 4.86921655788 4.12897076963 3.86338731998 4.14983747095
8.69201589905 8.49804152581 8.48945413113 9.57952700489 10.1259123822 12.8122864384 12.8582344599 11.0461948711 12.728999043 4.24777587743 4.36399890131 7.09832420387 -14.1391119569 -23.6762563769 -22.2893054314 -17.6080284863 -12.173421157 -10.6687416804 -4.46391485709 2.11563500568 6.14160959487 -10.8634336804 -24.8157594365 -17.1669838729 -4.76183635675 5.0711520353 6.30126174982 -0.251910520455 4.69766942579 12.2815861587 11.243889184 12.9150549754 11.3010673873 8.46686604181 8.50146412786 7.64624009739 11.4225522893 11.9948628305
-5.21949118958 -2.13071949583 1.04374802824 2.49927576625 5.86727029005 6.33169574023 1.7214416677 1.40212237115 6.0903813219 -1.23223640039 -15.8273950517 -20.0330381785 -25.1142033194 -24.8882862259 -15.8667439047 -13.8114992668 -16.5477488699 -16.9918931274 -7.59666404198 -1.54952660808 -3.63165453879 -5.41903022884 -1.04610515061 0.0767080188822 2.54464292468 0.833663812824 -0.166186029268 -2.28856425699 -3.21294135771 -1.22908102708 2.03411459367 7.16586996849 3.09490062407 1.86057320978 2.52567134493 2.20245248372 3.96557285225 7.01524255543
6.91389160083 5.37783621647 4.93871333924 10.5924706431 9.96343561905 7.44035810764 6.2997130204 8.75295380701 7.49815721915 8.7700796575 13.1779176209 10.1567369425 8.95598561086 13.0615200887 14.8292354765 11.7812626828 6.30468121614 3.92609421924 6.84952402905 9.277238964 8.6127318189 2.46674115846 -2.84879026882 -1.00027792369 -2.36734531029 -10.5635102558 -11.4311872874 -6.34590570245 -4.58648368995 0.57169999477 6.82747147267 12.8243182322 8.96986102644 6.19971080925 8.08737815904 8.05113276187 5.83085666602 4.253360047
-2.5158796224 1.2142209608 1.61912790497 4.16817260168 5.30762273214 4.74665399714 4.98426644316 1.70223712537 2.19343736876 4.68722511758 7.62343620732 6.66358392783 8.25689556137 8.77978537951 2.22785579098 0.184759246183 -4.02678370163 -3.28476758295 -4.89229114126 1.01897509608 8.87764681005 3.22797164987 -1.02495997249 -4.60602768376 -8.50498355101 -13.5195644259 -14.6191547178 -10.999634975 -12.5391037938 -7.28660963581 -3.52379126623 2.68412064279 1.67300473434 1.39876848499 2.05469846099 0.617694087412 -5.21348236792 -1.6865527901
1.49587108613 1.2447997525 3.98369543477 11.2344447807 8.59312020309 8.23207666193 9.4317999677 5.47605575218 6.39790782077 7.28032625736 17.3811965514 14.3889676881 8.33948744843 11.5847258546 14.8225495837 15.1188049475 10.4435306354 5.8231252411 -0.713256594948 2.13227795021 8.69312119983 8.61199107239 7.36686794124 5.67430041702 5.48451511891 6.36384435855 7.09340120629 9.18407164548 1.83238212565 1.51280262158 -0.528646499685 2.27025485447 7.43722013868 9.62886090869 8.20658075097 9.06017495588 3.31952871153 0.828778304954
-1.48951478259 -1.95757170715 -1.15929462557 5.54870952123 3.93855462222 0.947741297069 2.68497500181 -4.66944926158 -4.29912468187 3.75522079853 7.91344818509 3.08679867283 3.42642725326 -1.04664007119 -2.03109993687 -6.3831724704 -8.35189272628 -3.61407417703 -6.11456767858 -6.93538989196 -3.40908038459 -6.84228131924 -9.90402997465 -8.16776406174 -1.75694373119 1.31431864026 1.97806711849 -1.211568721 -1.83249346936 -5.36030550429 -7.7824072953 -1.37030593448 -0.390445938273 -0.0479575486491 -4.34568591687 -1.35219441325 3.58276451433 -0.173283778417
