-301.521456776 -262.133775981 -233.918401846 -177.667966932 -95.3721528398 -50.8890239958 -35.6910928017 -35.4297048242 -38.4549940168 -29.8798400153 -28.4409905816 -61.5677708932 -140.217146638 -194.67343948 -235.709978961 -236.701080605 -164.032936073 -127.096169764 -141.516775005 -173.300781467 -182.589153338 -185.17201928 -190.120346206 -210.566359731 -249.209820349 -271.307811572 -277.69344793 -281.427605983 -290.130098549 -292.495455822 -297.167779203 -290.407331845 -291.541465583 -297.170175562 -307.01557172
31.9414717263 4.89499388446 -3.03594144197 -20.3415325017 4.58986898903 41.0042354936 58.6395241782 61.7043959712 46.5857980687 34.9726303001 38.6692980892 55.26610976 72.2636397435 71.5899923367 66.0449414064 52.7683754123 59.2265479147 88.0206072654 103.539221278 103.715352817 93.1096154222 90.5353173337 83.5802875208 74.6854788431 63.0236424131 52.4096651168 51.1973739743 50.5961422712 46.3538195492 45.3480273716 40.5093324298 39.4777602092 38.1797843107 35.8146443716 28.0524059868
2.41096002299 2.31391292267 -0.845714424815 -12.6111696926 -12.8924715247 -32.1284344772 -48.8805155011 -51.9592035088 -56.4389053549 -51.8024736133 -41.1054382392 -28.2591084983 -12.6553514871 -2.05434742725 6.78831725501 1.93113336508 -1.0364007737 3.87218185189 3.13233402157 -1.62938352815 -8.20703033706 -10.1084325359 -11.7382402774 -8.15566151269 5.05944299374 6.38611760047 6.7546179264 5.45167311501 7.19076864254 12.8225614921 11.3919497486 9.63182513491 10.5945605183 8.46121441398 6.58464853566
11.2820374212 32.9468980627 41.453218326 49.3245756514 68.8793491632 74.1245041856 67.2635146662 59.3587441319 53.5581753869 51.8358027875 51.9722542775 54.6838526134 54.3526457462 49.2811824379 43.1295772795 31.0351743155 29.7959904953 33.257652138 31.763105069 34.4258431473 40.1827298683 45.6678198111 42.7172167518 43.7254540365 41.6448275409 29.3122668014 21.1238268108 17.4717661999 16.3384442923 17.076741246 16.3188606943 17.9559437671 22.1900947843 17.6102770968 14.5641793365
-3.21869595238 -21.0222056538 -28.3838868174 -26.4688178274 -7.48696830545 7.66684805733 14.1370192839 12.4443101178 13.14396999 13.8019397798 15.2166231551 21.0172791784 27.3891695729 29.3509050847 23.0722710262 13.2972131248 8.82812737834 16.4313200254 20.5878063197 26.6198015033 32.1602373526 33.5664963211 32.9813317784 40.1517151322 35.881206958 15.9349992429 6.60794845842 8.43644502798 11.2212867377 3.73809522168 -3.14165460084 1.57542619287 5.55755771159 2.47184236563 2.47131612911
13.5528241133 28.2313684873 25.4838860537 17.3482545402 19.965770826 9.67345503369 -9.66210828643 -15.8108194438 -12.247947566 -6.78278657692 -7.02229846524 4.39976510184 17.3961255111 14.2743801376 13.9694764258 17.8026079637 18.50747574 18.9047737992 14.7876075509 12.2495716019 8.19869216701 0.431092948418 -3.55290979487 0.915913281658 13.0716132399 11.9935878722 11.1891325041 16.7381767364 22.126480045 18.8258148479 12.0802747329 13.600111958 13.2745381804 11.3651331958 11.6110198805
5.88251683788 -9.06740100953 -14.8545496246 -14.3342044732 -31.9954878875 -43.5667794301 -43.6544951535 -44.345606877 -46.5991449684 -47.1534646337 -49.4436502776 -41.7514058102 -25.0903909105 -14.6525301416 -3.56501635382 -7.06550393288 -28.8066223174 -36.1048268488 -30.7371902356 -19.3553432956 -17.9433130058 -23.9789639806 -27.9041758762 -24.0356316307 -8.62180028324 1.80690833327 3.46631697033 7.34535174722 10.60570392 10.942905096 8.5152826488 4.04756395446 -0.732885881264 -0.199807140356 8.36233213852
13.1303089663 14.0779339543 14.6310202645 25.6193492483 18.0453803248 9.62784274523 2.5081236462 -0.12220379315 2.08443587998 6.1539630514 5.59536338864 2.48532678243 -1.78185338943 -0.323308117869 6.91641562005 14.7263823855 8.01634437519 -1.53618556132 -9.37036843988 -10.3034298337 -10.738428735 -6.4876828034 7.03489957912 17.3595867951 12.3576983142 11.6727186026 10.8003109479 14.0551768217 12.7373408351 9.87954031645 12.5318649111 9.67054518996 4.58613928412 7.76361694966 11.5372695651
12.6840454728 10.007458201 6.28188531158 0.421263144545 -10.3530851213 -12.4115698991 -15.4236143894 -15.1502415215 -17.3164158796 -7.47969458285 -1.92210043268 -6.8693113233 -9.65126213957 -4.39884343618 3.11905456248 7.06143011118 -7.82553756567 -16.4725770811 -20.681173453 -11.9989222792 -7.31162840674 -1.70028165843 3.50901751803 9.15839546265 8.14228834707 7.01438733338 3.21614607375 5.01201479998 4.85952931181 3.92386315238 2.48497174448 0.783646975696 -3.24034046914 -3.03594346147 -1.16555388465
13.750389186 7.11071914305 8.91915091548 19.1803074452 9.04383244645 6.32213521024 17.7071193695 21.903410577 21.7912075735 26.9311007978 22.732505079 16.9870746793 15.58322113 11.9481041964 11.0140846862 9.49939131617 -4.25079432148 -5.27621080364 -2.82820380432 -2.80173097699 -6.07822719172 -11.2289553708 -13.2505891765 -10.9745128767 -2.46118435545 3.08664391038 4.72420047751 7.16699417886 10.1761425047 14.9002087701 14.0165617591 9.11558736913 1.99016115151 2.15672183006 0.949758592083
-0.473208291017 8.13272686757 1.58331375309 -13.8193349887 -30.1451368216 -35.6731524557 -41.6099519382 -41.039202649 -38.7731766382 -32.5565446116 -34.0628350494 -35.514809941 -25.2432989117 -16.5930455663 -11.9140166863 -6.27283372364 -15.3396567292 -15.0348566616 -14.1394340163 -16.8726261629 -21.8433863937 -25.3873637985 -27.3996252247 -23.122152852 -15.0113858575 -2.32250133141 -1.88859601672 3.02749268339 4.69491883128 9.44133812656 6.67281658284 0.520819231367 -1.21364947808 -5.26383110509 -6.3364993673
7.00950856781 7.50030265667 6.12099884978 10.9620653218 -3.38505688268 -4.87555209663 2.38889084379 6.15723580755 5.87291144906 6.75860057156 3.59102926698 0.132554506261 -4.17204414972 2.82311216489 3.31680673462 1.09015631352 -4.82040544056 -4.16816142067 -3.62144428219 -10.7605100453 -11.9459807015 -6.23506909607 -4.92222488319 -0.319775445764 4.29377897774 5.9505188482 1.20162855507 4.49658129938 8.59161035265 15.4353502749 11.7002643687 5.16540782183 5.74599035686 3.29260019844 3.73927542457
2.20902869437 6.07581737649 6.83034488715 -0.401123846614 -8.77075291583 -11.9214414195 -9.7995852005 -4.79115473315 -6.23490445159 -6.91057798809 -5.25107781897 -3.31736634027 -3.40091637324 -1.98252411899 -0.637772375147 -4.32267686365 -13.6138059618 -18.6963360517 -25.4177742905 -24.1158977988 -22.0075737989 -18.2974051132 -14.6673947501 -3.6497957662 2.02265335521 -2.93706518753 -2.42746494232 3.14738078899 2.91947362389 2.93280145517 2.2349357618 0.763965079596 1.13944386149 0.0453442058687 0.0516793063885
