-300.35730064 -287.744669798 -169.810693189 -80.5067378547 -39.538853191 -23.1528564187 -23.7485515091 -25.3117459507 -28.6663498761 -28.315897521 -30.2919759849 -36.0070760821 -51.3192977437 -56.9916138782 -45.2578545118 -40.875966117 -51.4583551169 -95.4713801493 -180.508015601 -246.47703934 -277.897121378 -295.877614666 -270.353011693 -241.731337162 -255.503109947 -287.959402569 -314.020843609 -319.72012309 -314.916456502 -317.945920091
69.6596384334 68.6720694769 75.7176958154 76.9886052224 71.109240501 60.8423679972 46.3977016627 34.341821266 28.7441345937 31.1007681763 42.5941024839 61.4168320551 79.2614839364 80.2607219452 75.9124814406 73.3913268659 74.2678712238 81.6928056267 87.1958674336 78.4121472541 65.7998838828 60.1312636033 42.3787264716 32.9901847656 30.8749228194 30.5348581172 36.2670388888 42.6291733352 41.4193571007 39.5897619377
36.1134385889 31.1388411232 4.15767218731 -16.9663872887 -31.9519487554 -37.5829064859 -39.2762484019 -42.7553181015 -41.643373879 -45.4475344201 -49.9752737109 -55.2289709536 -58.8421571124 -56.5903103601 -54.5633290919 -49.623904418 -40.2920632228 -21.0080729464 1.26556847733 7.49672231697 10.9447715078 13.6203117403 11.360272646 16.6944089469 21.0465241414 16.2990758433 10.9970181939 11.9698739307 7.56988697098 4.28368483148
39.4174949481 36.0857412031 39.3450788125 35.5904314037 34.1311619331 34.1304632481 33.1207473402 31.9047356524 32.9806997964 35.2741844734 31.1875115401 23.3064390738 20.4099255162 24.7132081347 27.2307581166 32.2507690289 43.0984386034 56.1647504931 56.1587382694 44.3741892613 36.3007602386 25.1439080776 17.8708072268 17.6638870614 14.6689174869 16.5364019627 16.9775946315 15.8612474643 15.5095584304 15.7836199939
21.8296458537 14.5480375225 10.1309897204 14.8816721481 11.5337953665 1.54102483148 -3.46825564604 -3.62477701125 -2.37336620672 -1.08571823112 -3.10388718246 -4.69955872074 -2.62843638271 -0.618447775297 4.50775345147 9.85161299385 7.61208551799 11.3777289148 25.3836208109 32.6502353721 26.6528485343 11.0666062109 -6.80942571805 -17.8529157059 -20.3959343646 -12.9406336683 -4.59077952401 -0.794587001957 2.8921564939 3.76756821254
21.7581968051 16.8839400742 10.6398186254 3.94122749954 -5.50354637507 -14.0562803381 -22.7675514137 -24.0156695399 -22.6046163106 -18.5788812179 -15.0663825912 -12.2992144378 -9.63275900838 -11.9333529877 -9.75165816243 -7.71534590952 -1.68222525759 7.35464712356 12.010367738 15.4750298598 15.204275099 10.7673948687 13.6188336516 12.1372209015 12.0118846618 11.0616160763 11.7016211395 12.2191471162 13.0059419112 10.7026943186
12.7827868889 3.65263729919 -23.0456599129 -41.1232987354 -44.9395682977 -46.4095423506 -46.1987279007 -47.5595250219 -46.5533349937 -45.2689709462 -42.8720373719 -41.7350499555 -40.2356272633 -40.5545056323 -40.6976421166 -40.3379413148 -36.9896238664 -32.5631161037 -29.8981096512 -17.4751577622 -9.22995244808 -6.45040646696 -15.9012962699 -25.9908378065 -26.8180306734 -17.4712970635 -5.84123268988 -3.26689935233 -1.09106043188 -4.46148829146
15.023273725 17.2476168729 14.7012572629 6.33310344319 4.73523382316 10.0960949838 8.93275053116 5.28465299931 8.72494314359 10.4399635942 8.9483433582 6.78063714203 3.41194528776 3.77299714509 4.17491528748 2.13215938521 -0.253710038178 -1.66583853283 -7.90105655082 -11.3088544107 -3.00364659277 1.48346178666 19.7100183698 23.2622662777 16.8678911195 10.3284177793 10.9173167049 9.0656569286 6.31468280675 4.48416535979
4.48433117838 -1.4318167832 -22.9930421704 -30.0998363458 -26.4389637467 -21.319179817 -20.4006219323 -21.8431997594 -22.7814645397 -23.3747792711 -25.7694767652 -27.7166420788 -30.0483471087 -34.2952220891 -33.3075941348 -29.1110975215 -29.9835471889 -29.9304398346 -18.4682982365 -6.7593343206 -0.76876181063 -1.83556508636 -5.84274440935 -7.91034924334 -6.38133769028 0.0323012202035 0.975488055247 2.78151603189 3.72547048704 0.0209483235707
-3.18670056316 -3.28666455313 -4.06638771114 6.54021592531 16.2818847223 20.5694968394 18.7147260268 17.1386912186 16.4872885357 16.5598172827 17.1244209506 13.7635768311 14.0962777954 13.5487929378 15.9577076867 18.2465768493 17.044694674 13.877449857 5.66848071453 6.56237283701 8.05337139429 4.32408683421 -5.44528261468 -4.24319690891 -2.87691453818 2.93716284415 7.82908192911 9.58100977252 7.92549227634 9.05650917078
-4.88397734512 1.90212638104 -9.67032982063 -17.9842889736 -16.7497121135 -16.7059967684 -17.1540371258 -15.5907158592 -12.3412281676 -11.8755475637 -11.3466258861 -13.0827627127 -10.6410099516 -8.63995620053 -13.587789355 -23.3534842277 -28.1827557505 -28.1432656809 -26.3477278289 -13.1603521703 -4.73945109912 -4.23657663097 -3.87412376578 -6.38549936729 -2.38107614226 3.92167007957 2.42007050458 1.24354292791 0.78677221488 4.44037095078
-1.3722644022 -2.20038026561 -13.6890328795 -7.21036861937 -5.01176187968 -3.59693359884 0.291533358759 0.263121413283 1.20992841087 4.40833487944 4.21768130619 3.03551232584 5.63980142151 7.23649143937 2.85771792351 -4.05937193727 -2.56510722156 -1.28163979837 -4.63937262967 -1.44713453866 1.5312463838 4.32604829278 -9.66012226006 -15.0936986961 -7.28308714561 -0.605773975829 -0.410546673199 -1.75756346993 3.77427223765 6.20393395093
-3.36858518828 -0.0573498989536 -0.713770498679 5.45028250452 9.24224192798 14.6756842667 20.9054802835 22.9016801132 26.0045970475 23.9453880201 19.2116384472 12.2103622963 11.0336006785 15.5289800146 18.766362031 18.199951018 13.4920655793 10.1129861614 4.82297985801 -1.22698174166 -4.63973179041 0.230676375232 7.06012202968 9.97876309293 14.7069583482 9.10919580335 5.51182583026 1.99364473554 2.47766928545 -3.91276538084
