-161.332328424 -157.418475255 -159.703089353 -159.708644094 -160.57543956 -161.289340331 -164.176352523 -153.961765801 -148.903028541 -146.868661902 -97.3560076964 -61.0777558048 -54.0395587411 -53.911375 -47.2108626023 -46.8786154377 -53.6919412406 -59.5266325947 -69.678288081 -69.7689751261 -68.2052459877 -72.0500169761 -86.3018685998 -113.580886904 -136.991711991 -151.771503069 -158.359467401 -152.262347242 -133.101561231 -118.448126157 -112.546694423 -121.461103791 -141.232609318
51.3100498316 52.1620623838 46.9502798413 45.083116064 47.3265345221 45.2718954046 48.5173085803 61.7207693703 62.6325467619 57.8507466691 79.8540814515 89.8687451542 85.1608512583 73.5020764853 64.0345129225 62.632916252 65.9100930004 72.5624112657 71.4218628602 70.3693471465 69.3362605189 67.4213179788 69.8383325744 68.8186424314 63.977876839 52.84756274 46.7086160094 41.320704385 17.8158413808 8.14519234894 18.7930725517 30.9541015092 35.3826443072
18.3109599331 15.8635794515 12.7810859033 7.69750606557 8.81277075559 8.08673083361 14.8219895893 27.0109060635 30.2991429864 19.7049761568 12.4367666851 -3.85706815276 -22.6580638273 -34.4320975838 -41.1952169962 -38.5538076948 -32.1363556026 -26.7793059525 -25.0757989885 -29.0983764915 -22.4394434076 -17.5017705397 -9.25994728932 5.65176633262 15.5079331763 12.164736738 11.3677024391 13.8927626403 21.3812021385 29.811521815 31.7670779681 24.4517216972 16.8179019196
19.2648972728 19.4862279801 22.1239637515 16.9875941996 16.6624915203 21.1557548223 26.6512022729 32.2344229195 32.8096157018 29.4582186459 19.3167750555 15.8276395099 15.4483666875 19.6777061697 20.9048171464 23.0727080738 24.8647866004 22.7365927639 24.7393125058 26.6392860142 27.2973166701 24.0285307597 23.6074669822 21.1721966488 20.9720745678 23.8614883895 21.7664170258 18.4809489573 2.7435305178 6.06566241146 14.9740001069 17.7644918018 23.3091909783
12.2188678095 8.07589841438 8.11478298049 4.66604659185 5.30669458017 7.77620911132 12.5283753047 12.9189983341 9.19675305566 10.0205314007 5.85805986961 1.95027537186 1.04150531463 -0.483704536308 -2.98433323688 -1.46044144433 -1.01119284044 -3.79214374491 4.20379225331 6.43705294661 -0.0175946461728 -1.36554039941 3.65581652414 10.0881220546 11.8051224462 13.3308610746 6.45524053773 1.4262880882 1.1784801634 4.5980118829 4.11758420899 1.18569887925 6.62740583938
19.2907810265 15.7407629151 7.85775536071 7.1058433954 12.9534638178 13.4589312328 15.6700873332 11.455408937 10.3026702486 11.5689413501 2.11522650467 -1.8648148051 -2.16818755906 -1.53601988581 -3.90639235528 -0.697722961274 2.17979671295 0.834468000351 3.02881445172 3.62929249379 3.1000046239 3.38625076528 2.68468202532 6.88624690311 12.7439676229 16.4011882401 16.3080843767 11.2656680682 8.09440533111 10.3253830274 11.009459513 17.3274972722 17.3984928088
7.52102378072 6.53134664527 0.313433198546 -0.267766970439 5.64161824201 6.61125668808 8.59347055657 6.55869711267 6.67202229279 2.72267855331 -20.6848135203 -24.7643099753 -17.0031501757 -12.3795729355 -12.5727383363 -8.84099115893 -6.1837294307 -10.0500765103 -11.469883891 -13.6179177333 -13.8414482086 -12.2409717286 -14.7538206136 -12.5433340035 -2.06266445974 3.81770546985 4.26554938098 1.93322471259 -8.7655285939 -10.2362719916 -9.22377489284 -7.56129735466 -2.03081345672
13.7437280397 14.5687396723 12.6735766499 12.1705057415 11.0060724436 13.0497094672 15.1200439894 13.2685856233 13.3966921728 10.0164942741 -4.53836738536 -8.47954659807 -3.71696755633 6.79924814046 6.72684637323 5.52605962159 3.29251822067 -1.36732115722 -4.26833574232 -4.48021598929 -5.17701786675 -0.0706101039645 3.10457094848 4.3675217486 9.01451243068 12.6987207027 9.72401407147 11.1850215229 13.8304653117 21.9011526886 21.0649842767 18.3969136959 14.1577056622
4.25130538823 7.63989174984 7.57165282904 4.16490081063 4.08091197973 6.36775968975 10.7481948235 6.23865136987 2.51316788984 3.63741363564 -7.02725553411 -2.39677432891 7.3757545049 15.1290248023 9.68845290416 10.0206319005 10.5937124293 5.86159708273 4.48322970663 6.75973318715 8.66596801837 11.495657316 6.34885997533 0.575547922791 2.86301648032 7.19466558113 4.05370885301 0.4982896962 -3.63313378639 -8.14468837263 -12.1633637587 -11.4509724603 -0.285387281923
11.3008366967 10.9965887742 9.71968966541 9.95009055461 11.5897345151 12.530707046 12.9356813835 5.6011167614 4.69605968062 8.34921428999 11.604487783 18.5747198621 21.028081272 14.5819732278 17.5686116295 21.2015220323 17.2061678266 14.0917031032 16.6016001322 16.0360312081 11.0413450071 11.0490840082 10.5266339241 11.2593330248 8.48733718254 7.93172425818 8.98865293103 8.11257590096 14.732646333 12.9865384426 10.1854698509 11.8262139776 16.0398187426
2.89307169911 5.73012775763 7.75118866688 7.76958961689 7.68888379138 2.02700073753 -1.00481094293 -1.81344421723 0.195000400091 -0.914556483962 -4.34217379253 -5.24184170869 -3.17972524286 -2.00056088013 -2.05908581229 0.294904855965 -0.78233702076 3.47016020324 8.47710575079 8.05213627089 4.14587214889 1.12660887649 -3.21886623527 -6.29830806638 -2.4611668007 4.70976153429 2.03257428715 -0.221270540353 -1.04317772749 0.00621671501836 -2.96716326395 -2.57101025664 2.25333593683
8.52390103698 10.7956909913 10.960717351 14.8269932912 16.312020078 8.14599954695 7.18944562075 5.06915235827 3.76368104673 3.11476210184 -1.4039943648 -1.78247354676 1.81972497976 5.26208738261 9.62758792659 8.3308255662 5.31567387221 6.75756874547 9.7886921058 11.2573515432 9.61769827829 5.47019835638 5.03137947217 4.31466257619 5.12311233564 11.7949571519 9.11628217646 6.75771723746 3.72257653613 4.11069183632 8.1282640893 7.7586900644 6.39641865466
-1.70101106771 2.85703180799 3.17075535824 2.97406998877 4.43564605804 4.7452459302 1.36672833929 -1.34756610226 -0.995187076435 2.33535079547 11.7861943292 16.1531923381 10.9096204312 5.50149156125 4.4647834459 6.00980504838 5.32212324862 2.91036578041 -0.980765047154 1.24146565835 3.64493398501 0.8488082055 1.23361366205 0.970686661906 -1.39351936319 1.40712512287 1.65409682225 0.267664631904 0.591945488415 1.4883326911 3.28159044829 2.50825642704 0.0462021363251
