-149.284126624 -145.251168609 -148.007076562 -149.525441478 -149.814462251 -131.766077746 -125.143344231 -126.78223183 -90.449299802 -59.6571919245 -45.6435609416 -45.1264216125 -47.2465140644 -53.5967421146 -57.278971543 -78.7896494365 -109.921291638 -72.1527875153 -50.5110367476 -50.1007329451 -44.8372989423 -48.7885539198 -63.2830111369 -80.2346048507 -117.083051664 -143.40832255 -150.21291973 -152.384169956 -151.220620351 -151.405498083 -149.156077482
48.391309069 50.1187462082 50.3274711207 51.3238147831 50.338487769 69.5752158492 78.4990531188 73.6412914385 86.7439625848 91.8890753625 81.0716438011 71.3822269174 75.1942661136 73.6199688543 83.7618428293 85.9186380625 78.9986346384 86.1815608374 72.8112859372 63.5373854158 59.7520396529 59.3739684162 58.767654702 65.0747413772 70.5361699462 57.8641936385 48.9422462505 45.3388553687 45.0798502228 44.3465377662 47.2960930562
13.2357619735 11.6975041046 11.4340624827 12.6835593542 14.8508717429 29.2442224814 33.6211504718 30.4855685672 29.3613092195 11.9864088369 -7.55968445265 -5.80749759566 -5.51039325676 -6.20464226114 -4.72253980121 3.51791847012 16.2485468585 2.16771107894 -10.7995234568 -11.0062540313 -10.3068072562 -9.98402509059 -2.42705858363 14.1843456652 24.2355757932 13.7050243174 11.9154543481 12.2413292028 5.84087736472 6.2173547555 7.58330409117
16.2566704177 14.9006467412 12.899212638 14.5705536412 19.6170579445 30.8934475395 35.7917186246 34.1476883432 33.4504053562 30.4145565347 33.1384384249 36.8199159853 31.9608991309 31.4800266542 24.7959372219 20.5134127072 21.5381992152 22.2391489592 25.1383828308 31.6285075282 38.0527779766 42.2602108239 38.8109375833 35.9438803279 30.5737385566 23.675707151 21.0675366309 19.0966727907 15.4519058677 18.862124849 14.7813290993
6.23510398605 4.74447324009 4.34452191229 10.8854142493 13.0256649178 14.0609548782 13.591519801 11.33023838 5.64715180611 -5.02800129549 -10.5096956392 -7.38136195107 -9.93288404597 -7.345378007 -2.82886332775 0.452666652396 6.02131913242 2.21578817085 -6.05317992881 -3.15385215166 -1.26828282617 0.284068891936 -1.82513920193 -2.0749356219 4.8488751498 11.6411828088 4.88774069424 5.02163816134 3.67313307703 6.15121486167 8.96625974046
16.7596142555 14.2684526624 11.1400444621 14.3265721581 19.3657758931 16.7822184817 11.2294436568 12.1559061204 6.42377134053 2.25945171995 0.784077376612 1.22994278672 6.62829004915 13.3114378745 16.0647512542 16.4007883039 19.3156371948 15.7858273214 8.23421557489 9.94896251798 10.2230264125 14.7882444178 17.4352051669 19.3908578932 15.4531180702 15.9297786215 13.8071938601 14.2879774962 15.2531497723 11.8256559402 10.2411771519
8.57283286769 4.55963507997 1.22385578342 5.29463223725 7.95261390889 3.16314460033 0.163920136708 -0.843540407107 -20.7670916117 -25.3456675759 -21.7749923151 -23.0540569408 -20.5289878198 -18.2268053404 -15.6251213965 -7.82687975687 -0.757877386726 -14.9688299678 -23.9912573059 -22.8035199199 -19.8202984945 -17.0923407058 -14.7034903191 -13.7977685496 -5.3644278054 3.15355008294 2.91678566494 6.30246708121 6.55040014452 5.60824250763 3.16270349337
14.182965418 15.1706716791 18.1387801611 20.6484967447 16.4838387175 5.15597883213 1.85049896988 4.23952579045 -16.0099481969 -23.2415351909 -22.2141375927 -16.5361489757 -17.3549462367 -18.2994927119 -19.9240290639 -12.1602789296 -3.69750307874 -22.1139573037 -29.0545632937 -24.5186885984 -18.5652518336 -16.9310503931 -9.91418717578 -7.57756544321 1.91274699909 9.57519474354 8.94053360326 11.5176888551 13.4029503455 11.0849885178 8.93765072705
13.7570796852 7.116988031 3.45806845151 8.06707414045 3.71986848164 -6.85595742778 -13.2452744525 -8.19717829078 -14.4594549563 -11.0927811748 3.88527483093 15.0204998087 15.8684741565 14.9351328916 2.90500061033 -3.5223223289 -4.32931979005 -7.54091600867 -5.22694749659 7.95881718567 10.7765760533 9.67912198475 11.7501912812 7.0709225337 3.03625381592 1.8287866743 2.07469625296 7.75283488502 6.22022746868 3.39748221691 4.46312656702
11.0045601115 7.6905370949 4.74797961127 7.3942924271 4.742350336 -4.01217557696 -5.20807284346 2.20754567254 6.37235300241 8.06575045866 19.6651970302 25.673745665 21.3240915638 19.63802443 13.7752120083 9.91332018574 10.0159606486 9.72778358726 8.01947939317 14.5164569897 18.5091334452 14.6206609327 11.0826065322 7.6383741642 3.29118049607 6.29208176734 5.67664381887 6.70440611912 9.64550194907 9.56274455665 7.29077637778
0.83443681881 1.38766083331 3.030054258 3.87070758217 0.124964659103 -8.38320839429 -10.0267481807 -6.18759918413 -7.17043438328 -9.25341137179 -8.25918438173 -8.84396721588 -13.8312044148 -10.8186717093 -8.43582624553 -5.81325429184 0.0570350098112 -4.93798472101 -12.614986651 -9.34713065672 -8.77330418643 -9.87330991629 -13.1856840969 -15.9524953512 -8.11394015227 3.08654463866 5.30890209743 -0.954961330944 0.320463155235 5.50262507369 7.40227627275
8.4456783139 10.6576240551 17.5053158264 13.0303445971 10.3042003258 3.97354743267 1.315013517 -0.354408597216 -6.97813624395 -2.45092984854 2.17696701861 1.5297257795 2.80201213126 6.09102716055 2.54214481487 -1.55105549617 5.10684731497 3.90944039648 -1.91301632529 3.21788127574 5.75341381013 7.20159834545 4.37251647193 -2.44999839662 1.07175449852 5.94861709157 8.87022216252 5.65849825092 4.4814918349 9.51091592683 10.6372119564
5.98486365568 8.64606746456 10.4914208194 3.44433173671 -0.570153674921 -6.06904177823 -5.99044858185 -4.51123177496 -5.34356122205 -6.74753759517 -5.94257602521 -7.93007349579 -7.41253908698 -7.88799625611 -8.36426429434 -7.71395354957 -0.506036281429 -0.801596762102 -8.46059892625 -9.69420102244 -9.64779859465 -10.9541862818 -10.8622864726 -5.53718825518 -1.51083836183 -2.68952321893 2.66092202289 3.13228562926 2.41630794126 6.19368653955 9.71228017879
