-125.586797957 -120.85243469 -128.146155301 -132.699159636 -131.926780143 -131.821437849 -126.956874189 -121.759130932 -110.8554004 -106.238800535 -63.5140654359 -36.176675381 -33.052326495 -35.8055260171 -35.4282318696 -33.2369367457 -39.4928696645 -64.8277194101 -80.9193665995 -77.1918110259 -76.0354729528 -85.357191413 -102.477967516 -115.838747177 -124.386926145 -114.42174847 -99.5858088261 -106.603908388 -118.48564284 -122.636488967 -123.678078472 -126.661595797
42.2457100994 46.1152652088 40.8821575022 35.536435287 40.5702922005 43.2830294468 44.0924017873 50.404124441 61.9904120372 61.539223268 75.7477504383 75.8602827758 54.1016763749 44.320694735 45.831598593 55.1428623346 71.1603168225 77.7314787961 78.7622845501 73.5784585162 69.853867114 69.9125016301 65.9016068286 56.0819622386 52.1959347892 54.6366430036 45.7605793428 42.9103781482 45.9234964658 44.2078306765 47.199237459 44.6716246456
22.0179574244 13.7738571354 4.50360256465 0.459658155243 4.65910080016 9.97885586765 12.6153694251 18.950018057 21.4581560573 18.135776119 6.60730409712 -5.10882270173 -14.7313204026 -18.2641770121 -19.2676406307 -27.2025677749 -25.4630368135 -10.2104771546 -0.23145390547 -4.03852489447 -0.502825578475 7.67859953576 17.6835520957 17.5690780801 14.8801427529 16.4564587396 12.366409092 6.18082058441 8.75929377004 9.1760820468 6.67908400175 11.7254628222
27.7496784228 22.0431871943 15.890350488 12.3706007615 15.0808046663 17.1643442018 22.3424912709 33.0080418997 27.1263001372 23.203076739 21.8498619365 29.3878671958 36.044188102 29.1051517878 30.5094175068 28.5403650916 22.5926250856 14.6304605093 15.8922240132 21.2394211353 26.9790729304 26.8399157448 23.1444966681 22.8683237137 19.5961314389 17.5878225128 18.0181243041 17.0555086773 16.8917399523 14.3963451143 15.8370640335 21.4268851744
10.1188270714 7.99742438833 5.04998530779 1.62497085835 1.27163719646 2.73508819375 6.13374800621 17.46511013 12.6397923347 9.57257964251 7.02270633436 5.65044220581 5.96916639461 1.48946188748 2.11776043354 7.79358162333 11.4098655877 9.99176378392 11.6153273756 11.7317603108 13.7091779421 12.4167965706 7.1949281763 7.48886303976 8.12894286994 4.11044206442 -6.64864862527 -2.15521411708 4.76683703138 -2.74848657354 1.33140506422 9.58196896747
6.84156618213 10.2028860788 13.7465280448 9.02644482589 8.97710608688 7.11433563032 12.1134116565 14.6864349811 12.4907645421 10.2727581087 4.90005178299 4.05804417509 5.4841202771 2.56530342024 0.737092791868 2.53552455119 7.09779023127 7.81703274284 8.13642314723 3.51348313124 3.91173444137 2.00977463446 2.56421483489 7.14201186642 14.268827319 15.8379168293 10.2803777075 13.8380344232 15.1734359238 10.1158483949 9.57178755103 8.25395687085
-8.26018681723 -1.65807355086 6.63808041327 2.62946440032 3.98155917671 3.36149304351 5.94440942817 3.98200171885 1.61290234922 -1.3623098572 -18.1877115373 -17.4619710463 -16.7333663512 -10.8895845673 -14.1450564694 -16.1681217298 -13.0824200299 -11.2361553149 -13.7670759038 -16.3179255704 -13.414079708 -14.9948131512 -11.2019984875 -5.49455956687 -0.0659996682012 1.31139106957 -10.4036848826 -8.3950907594 4.73772923412 3.76671142302 -1.43435878124 1.91174728238
-2.77076531528 4.56227461131 7.4646920957 9.83881096745 14.0231599694 14.3155151839 10.3180327025 6.41984433272 7.43636288193 4.82783202388 -6.44939931658 -9.27394142234 -11.4632062953 -8.54677162393 -10.6367768421 -16.9185651355 -20.0044744399 -15.6044948675 -12.3185529302 -9.99033653914 -5.51503514543 -8.25228242894 -4.97341736845 1.82005700234 5.37730476251 11.4497910362 7.74302063851 6.81220109608 14.4831907236 16.4329727248 13.501174277 9.04168395978
2.02537911687 3.78108933993 -0.979460417258 1.25687994662 2.74664027608 2.70383357717 -0.334572714682 -3.70170183148 -2.7864546446 -5.95964467276 -11.9606800986 -9.34344223384 -8.10494198558 -6.69752469836 -8.82051738673 -13.2189577303 -17.4936829834 -15.1881848646 -14.3724687063 -15.2218647255 -8.79114714424 -8.92996412976 -5.9015228381 -1.63253182177 -0.0972859547932 2.65999997494 1.09247164242 -1.67089757851 0.930784467964 4.30145535992 7.09859401003 4.59164190124
5.55963880855 7.11107348172 8.78015722608 8.31586351418 11.3628440675 9.30031120408 4.56437927371 2.50576045268 2.25642700014 5.70456115378 7.31113015069 10.9311341862 14.2147138801 14.7176016606 12.4647956407 9.99716184684 7.20397566321 1.25804729248 2.9715449183 4.26772891768 4.74384817093 3.15179613135 5.05010002372 8.1155379059 5.42488421531 4.01941402999 8.61219972834 6.02939174299 5.39254760627 4.98842949927 8.74092729763 12.1460123032
0.31405556942 -1.7021825798 1.9740744112 -1.53301079646 -0.0233374379494 2.87771878747 -2.42021097906 -3.71011816646 -0.26750969697 4.82843324266 5.21035363901 5.30208362625 3.51220832969 -0.770925420651 0.646168978034 3.85278268165 8.07050492241 8.49862801189 2.72961879021 2.84399325634 3.01068353829 1.80573070003 -1.02485234143 -0.931130689946 -0.0518298658062 3.08250936268 6.06918972867 4.90684038364 3.57260365599 1.52642547512 2.81620612777 9.67679098463
4.35209203347 2.55170862532 2.0771803564 0.767982681109 1.4076678247 1.6684833362 3.87420372343 5.47356434431 4.13366407635 4.44743118553 7.82466834834 8.79961745057 6.10875611877 8.31486228861 14.1050761435 13.5578219517 16.6988140311 12.1615005498 5.23899636521 5.13216507489 6.34982641663 6.36183783557 0.815258014048 1.06032744069 1.25338377618 3.41812592435 6.11313047413 5.83966049896 6.87251391926 7.20200355932 4.02902119426 6.16004627666
-6.02197706241 -4.52620938532 -4.79974336219 -3.79330181837 0.8422524709 3.03330295197 -0.519628459076 -2.41303991087 -2.85198141998 -3.41443813015 -5.28219311801 -10.6029336217 -11.6389529576 -8.15471894467 -6.32049698493 -5.16436105126 -0.724695080372 -4.82375731182 -6.95960196643 -4.60463326699 -4.37585425727 -2.12659418087 -3.09007789032 -3.36989222582 -2.9402742999 -3.31678947401 2.68069444083 0.510003505154 0.406638676847 0.138062413093 -0.824982772986 -0.670456746431
