-181.888386545 -176.00979844 -177.739874352 -180.892700807 -180.796772643 -181.799111435 -178.807080853 -171.587265562 -168.332329614 -166.672407821 -156.555048351 -148.199896934 -144.174667419 -144.598634702 -149.221971621 -122.171194539 -75.7867452997 -51.0432007344 -24.4818559707 -12.5271849468 -23.1762613352 -41.3283339424 -68.2761933919 -88.1703363474 -102.256206079 -103.369290122 -100.69361932 -104.061987466 -126.729320348 -151.617842039 -167.905130555 -177.979695561 -181.809758527 -168.985352657 -136.596003559 -137.370473526 -159.402561037 -175.423190101
42.7562962227 42.6927809105 40.1484347242 37.5786744712 40.7043021229 41.4809415606 37.6079398752 40.3400107651 52.1159694643 57.1633722905 68.7132496761 79.0166762091 83.9163629256 83.7058119698 75.1545596812 75.4887090823 78.6599162347 76.3265463232 85.7134931441 89.8323203618 78.7166136764 77.4509159601 75.6615705511 80.2709820709 74.2268083692 69.641279528 65.2240419629 59.3088050709 57.4092373686 57.3050160213 46.2049190572 38.8768453951 37.094069121 42.1230793209 45.9009096489 47.9190951393 46.7072456008 36.7645235368
14.74899353 7.5171299019 7.90339814101 5.08645033483 7.02413603064 14.3750899511 8.65725563481 8.87572180711 16.6293878866 21.9066347887 29.6966761959 33.7526234214 34.3910902091 36.709153804 35.6186515445 17.4982939758 -16.9352745604 -40.4055962767 -54.8110085085 -60.5300575023 -63.4349310955 -53.5793241747 -38.2495326107 -23.8756098672 -17.7246681312 -24.2383314885 -22.8281083808 -14.5098538208 0.813340978361 8.01181281539 5.60496246476 2.99124839627 4.57073335402 6.45774001373 8.97279523714 5.57066647814 -1.58057246878 3.84756098833
22.4310594319 14.9551425013 12.0547102925 14.2438444292 16.7997615411 20.23245388 20.6960221897 25.5044123236 25.2660743153 26.08851878 35.8955159881 41.2917870465 36.1771086255 34.7070639445 36.6272317826 37.7081913707 43.7556611313 49.1585091611 43.9679720368 41.4015465568 41.5462040548 42.2959106631 30.2877199756 18.9615963355 19.5056406323 24.1614970711 35.5854204762 38.9204808621 33.3187634893 27.9552014059 20.2478501031 14.8963696498 18.6328037571 16.5773142762 17.8967163897 17.4150246148 15.4081701677 18.7761815824
4.54755561424 4.03753658072 3.6528057961 5.58218493766 6.27115278586 2.43843708169 4.72521133256 9.61874052149 12.5523281952 14.7271567215 23.2175506679 23.9363151165 18.9573396217 15.9366739153 15.1854636598 20.7506967466 19.157599747 16.8568068672 10.5500180604 9.02098733106 6.29076644979 9.22999865618 13.5109998607 13.4984533032 11.6819221144 13.2104988943 12.5241011637 8.25653434355 6.76082288739 11.668045601 9.29945271581 0.938921824479 4.04149290964 2.0605266656 -2.08734189099 1.97512564017 12.8401110524 15.8316074953
13.1689948492 12.0844589619 14.3315350727 14.5354627854 14.5513543306 11.2646823715 10.2476231247 13.9194263316 20.4427897793 20.6813900674 22.5151210762 19.9387663126 17.3511616795 16.0657389184 21.7648065427 17.3768904544 1.61773358493 -8.97124919327 -18.7390916256 -20.5001220202 -19.700302873 -12.0441437034 2.64060434111 10.6164710152 8.50416028324 1.69812341673 -2.02929049968 -1.24687147002 4.55016417849 13.3813126145 12.3298475596 10.9578596819 13.1828081493 9.95309817177 13.4473139718 15.2928661602 11.8616767017 11.6511111715
4.26276821434 2.90787644095 3.56607987579 1.48048022905 2.85384047668 1.62587353443 5.16431732955 7.45178629719 6.4088632731 7.33122406886 11.5886205872 10.8061068016 7.58259313489 5.62163487319 6.28673212947 -7.22354527078 -13.1717823315 -9.97700240772 -11.3870504071 -12.4558098909 -14.6946768482 -13.5502640264 -7.92021606821 -12.569753135 -14.9869236248 -18.4997748166 -16.3743343074 -13.2096772118 -12.1859684798 -6.36250494177 2.47462424184 7.04919918209 9.71442117897 3.73788740532 -15.4926829913 -19.6209076202 -12.326997162 -6.3936612222
11.1304155437 8.48889767655 9.9384260622 9.85494966472 7.36438651564 7.69598536158 9.50740773328 10.481591499 8.63479725633 9.95343491295 11.8617704763 10.0206755095 7.09967389718 11.4723697272 14.1835465285 -4.67675177866 -12.827939608 -14.0352460196 -16.4201110473 -16.9740686839 -19.3929950223 -19.257780039 -15.9665440807 -14.4074198753 -15.629660538 -17.1715799124 -15.055201292 -6.46936368711 -1.13400577886 1.51789666123 8.70506048989 15.2829696612 15.7864125289 13.7928125625 3.69873414402 1.15433970308 -2.08458407947 -3.68737036582
1.38690514025 3.68019981473 1.43370636405 0.596535580026 0.53443189622 -2.98974931466 1.72994353235 7.02455412146 4.27991288267 3.35614540702 -1.30553091779 -0.0160551489486 0.104467024008 0.306200928258 0.712963571163 0.392662872991 0.851352487073 2.63933619781 0.138614874374 -0.953422262343 1.32981973373 2.6060381189 -0.271967117952 -0.706843372631 -1.70180744406 -1.48801111045 4.69381478106 6.67629553456 4.85097549295 0.779997068354 -0.590352180346 4.29227933447 2.22840385195 -2.97598328391 -9.83701762339 -5.96790074563 -1.29986232714 -0.152068794018
4.56580464791 8.8504925756 4.98476636844 2.85871053597 9.52435850246 8.81116142998 3.16919977428 6.97500991427 1.95341702542 2.66877419803 6.71536547417 8.26198300363 2.49735273344 0.489147334315 5.38674918923 17.57192943 17.2716590213 17.8204880226 14.7453682248 10.9398856806 14.4919794366 16.7347252621 14.6205386041 13.429912195 11.1233667358 11.2562889341 13.5182482217 11.8498511985 8.10711646786 6.3451807091 6.22361804291 6.83089589488 2.54866149883 5.52703602479 4.39337630136 5.33202819213 7.82502747956 7.60674431136
3.63839164362 5.24267014491 2.70396991756 2.24222217166 2.85942519552 -1.13800464321 -1.30060907839 -0.588750320611 -2.98694764696 0.554314620551 2.9722787719 -2.08202216221 -2.51510138726 -1.18011931445 -0.113825629904 0.0392132849084 -4.00989975472 -6.4392475842 -7.96716341019 -12.3145258944 -12.2333856067 -6.86334804821 -4.04805188771 -1.3753858585 0.0188846779104 -0.945256406466 -1.51349482809 -1.64162465171 -2.47935160966 -1.07711278681 3.12304404928 -1.39717746837 -2.30806943009 2.9160214542 0.703070483998 -1.33935228381 -1.28203500544 0.379719644214
8.09471261803 6.21629609143 7.11173991147 10.8367607048 10.9462385141 8.41983284148 5.41259798851 5.34872512827 5.75383502343 6.39688945465 3.24750229355 1.18522511875 4.49304317704 8.72895942487 7.93041529658 0.61414870721 -1.25242483323 4.34738084996 7.97293960962 7.5436795366 6.35999652412 7.01185852753 6.03772089766 2.73065000479 2.35688731415 1.76337923582 6.18324206937 3.25628500584 2.82356457648 3.55242379984 4.39557055259 3.57087047272 6.29384150411 8.4717997541 2.60225097703 3.42764167903 4.38921084382 3.28665163453
3.2399485953 1.55695412403 4.17214278466 2.99329584876 4.04355049332 2.66264461065 1.75497848425 -1.0134632698 -2.12867918098 -3.10232205518 -4.72857908188 -1.70610360544 2.74543615809 3.41507514885 1.73497838378 6.01043393052 5.60358514592 8.15360711736 11.9596947467 14.107251964 14.1753534991 12.5219936108 5.68535334337 -4.31948627075 -2.3503751264 2.72802939281 7.87402914877 4.61948726178 0.640966196983 1.89353128039 1.65939619121 3.66761903506 8.77932794191 6.05776903514 11.9287059498 12.0490182781 5.91295142152 3.85724949926
