-148.058865196 -135.449370822 -138.593237072 -147.215224567 -139.783809781 -131.205125998 -131.655263721 -133.827480007 -137.627828732 -138.275608624 -86.6226545384 -47.5133000623 -44.981001561 -38.4439403522 -30.7050936657 -28.2190507972 -37.0502875427 -52.0413135273 -63.476718867 -77.6582560565 -87.7802535696 -80.9759981174 -73.5221627679 -68.7944031306 -63.2378088093 -72.8177038038 -96.1773687824 -125.286589714 -137.278464736 -143.422597129 -142.341648471 -139.334454063 -98.2491800941 -77.9610774748 -91.5526505904 -103.218119616
33.4333564118 36.4516006644 40.878256198 43.4796481068 49.4169804389 56.0021241347 58.7195593935 62.4473810381 55.9520079233 50.0652188761 65.1872583219 72.0605996689 63.4191165341 58.1986990937 61.2103961989 64.8262009066 70.3360593321 69.1667791323 71.2525016819 78.5146665133 80.1651223143 80.5870071206 76.9241507402 73.4696015257 72.9241592248 75.8518336041 74.0064821811 62.4291733047 54.0598368269 44.9616969066 44.5431447816 44.4100161768 24.6203988851 7.28644704852 4.061521603 15.3498544573
7.3127113625 16.3667784335 14.7063656397 7.21585586924 13.1827477857 17.8617321182 19.188364413 22.515566075 22.8578608315 19.8667031231 13.4064956084 -9.77569118623 -23.5034903521 -30.0841386338 -35.776621819 -39.1049854716 -33.5200541606 -25.7760118259 -21.3423257965 -12.3605944167 -3.32354476326 -6.81941108698 -13.3240653529 -16.1213817202 -14.262926992 -3.55120820764 13.372027473 18.8319342519 13.5587982713 4.60274294262 1.48589132184 4.95939499778 12.158585108 21.9972909635 25.5855050002 13.2076599376
15.447540411 15.1547767018 15.6633504399 15.4581460052 22.6554500332 27.8278727586 28.7733404445 28.2963669016 26.7383357629 26.1630121219 27.7702343807 34.5161379507 45.038465377 48.9171965024 50.891483704 47.2176361909 42.6888055869 34.0013567257 22.0242535427 11.6768417834 14.7677227872 12.9655879964 17.2810679819 20.9088027756 24.9446838551 26.0136564976 27.8991012523 25.3896182225 19.5772530146 11.4356692723 11.1223842205 15.8103100045 18.8849009708 18.615166801 30.222569507 34.5292228405
6.65822976815 9.36143636323 6.55812097518 3.92341480325 9.0882522654 10.2649067426 9.57082829956 8.27598969279 8.21527224503 5.57560663924 -2.64221967643 -0.871825064339 3.21548530939 9.19078177582 8.92630433951 8.85057699742 16.8720753479 17.9006734373 14.2109945126 10.5826516356 8.58592564172 8.91665072368 9.77645878093 3.57513935661 -0.278389532957 -3.32637927383 -0.0547737459179 5.02624506207 3.64646890699 2.20534232281 -0.381871448329 0.37164734705 -11.9229553458 -19.5147792847 -19.9961125978 -12.8239611413
16.0027832507 15.2102196188 12.7408467255 11.7210439152 13.6005956566 16.4593528291 14.1393861222 10.891326208 12.3185719601 10.1423479542 11.2460859771 3.97871136448 -4.772702745 -4.46760341551 -9.14502069509 -12.7377483422 -9.47036699626 0.346505134231 6.98623051125 10.5960365332 13.118068225 15.5451049431 12.5561852066 6.89389917671 7.1131001195 4.18294984318 3.27899618218 11.5981666909 13.6705956364 11.8841724523 11.0408942476 6.61068587922 18.7711659982 29.2359056035 32.737587764 29.4652128003
8.82760593768 3.00570563445 3.65809589523 3.73154637732 3.22554006303 2.87411302523 -2.04324574701 -3.00144649163 2.19957188755 -0.47572456156 -25.5469737477 -31.9176702057 -28.9597786333 -24.7633861378 -29.237770055 -34.7691299713 -31.7514195579 -27.5324714893 -28.2893619526 -21.1973966769 -9.13345451647 -15.1630916117 -17.480394247 -16.6836074757 -16.1627121522 -15.7788049333 -12.904309717 -3.98845317149 2.27471632606 -0.235962038253 2.14638902794 1.11801854938 -13.0167671742 -19.4071919976 -13.1943671404 -9.19124081075
20.0795071298 17.5444151623 15.6625993689 11.5570364845 11.5524368438 8.46983349127 6.95825996665 5.8889845599 6.85293984257 4.48853556625 -16.6172905824 -20.1700812149 -16.2419098201 -13.3425691862 -15.082072452 -13.858082878 -8.22770807458 -8.38731414095 -12.7374525915 -12.4968248606 -12.0801916618 -15.5480578015 -16.4638636428 -18.1133846884 -20.1464570605 -16.240561436 -11.2269623778 -2.20586639457 7.7426501722 9.85012130255 9.40484751811 10.6715487949 14.8758642121 14.6250763212 14.0997076253 10.9291955274
9.76956794514 5.51949112932 3.29273773693 2.32164087953 0.927290292633 -0.869924800722 1.79870144503 3.61020534016 4.49792655813 2.85590301937 -2.56668480425 3.17140724229 10.3829747073 10.0595537203 8.95306331739 10.4370682665 9.5621265903 4.84694345733 4.13504226712 3.84687220254 -3.14592180921 -5.47420637223 0.854276504445 5.03480520385 -0.606421257876 -2.74517648725 -4.77572970847 -3.78301404602 0.658959558236 3.7583655603 5.78685911542 6.38445597702 -3.29585751975 -4.98976510248 -0.0820587143381 8.23828800727
17.1116169809 16.3624875565 13.1621692677 7.65350858211 4.26414111172 2.39249547774 6.87983985392 7.50165749714 11.9509740571 8.98020082097 -1.07427657068 1.53106256483 2.3603713901 1.16589864514 4.23211575894 6.46041497507 8.49517460574 7.03937891386 8.09459159977 6.30591453621 8.76329160826 9.65685144515 10.8735239027 11.2217661069 6.11944689106 3.60908652989 4.42941660452 10.029197074 9.90030119825 5.29528737149 9.17118226251 9.75437487534 4.16599208039 3.77346466027 7.32589871204 0.623253331737
7.20208250316 3.75501417539 5.47467472436 2.70111269572 -6.40199777259 -12.2347015241 -7.93321777559 -1.0935397015 -0.117419865957 -0.220589777619 -3.97778101012 -5.678818555 -7.50740976074 -9.59463150153 -9.94093199039 -4.47181131717 1.68623469703 1.94029925837 3.56073965744 5.16046984151 5.41861534863 5.78001744786 4.86786405786 -0.834825662541 -0.961574762479 -0.14323621699 -1.61718841297 3.74029108378 2.6695215224 -3.49624065283 1.68264319289 8.33228217865 3.73758828165 5.44555266937 10.9743300665 1.17708574105
11.5284760786 14.9054520272 13.6879295096 7.83863127162 0.967017271601 -3.26180446411 -5.98550556526 -1.21799304162 3.94421329332 3.20255142632 -2.07996419444 0.15083946339 13.3395623884 16.9229059895 16.6693861758 18.2596165483 14.5736075448 11.4290192887 10.7861230388 10.311891838 7.42222055949 7.61759708211 10.7474970236 10.1794140967 10.1367412214 8.19670267296 4.80939347195 6.11102136183 4.17839733602 6.14514859362 11.3853521153 12.9278131176 6.61914579704 7.60880572291 6.02173619363 -1.15590161405
2.64236249501 2.84541049277 6.05755782565 4.39249578036 -2.1491405271 -3.7119184707 -10.6239535309 -10.3394133319 -2.78373630084 -4.21195080497 -1.85409816484 3.87437383095 9.51802807782 7.00555497726 5.19912808853 9.52200304338 6.35473348793 3.39519496965 1.99854513834 -4.93120411862 -4.18255364764 -2.36878012992 -1.02385664391 3.2760929655 6.86054088267 0.962748309127 -1.03074804755 4.27418925328 -0.621967056989 0.560993218014 3.22268497678 1.55815286277 8.66940894071 16.874072067 11.516276829 11.0251275291
