-299.138328506 -292.188616457 -292.850096521 -288.670957397 -284.948094507 -284.426122013 -282.094594273 -281.579532789 -286.238778664 -288.191105009 -270.850880418 -254.772604027 -251.192280689 -257.155717655 -264.541875174 -233.697815339 -115.930229485 -43.8917561014 -16.3416832541 -13.4630759332 -16.8976863337 -24.330681267 -35.5243592217 -23.6527481903 -27.3222819957 -50.7465541874 -53.229249567 -48.9132557789 -64.845546186 -94.7268018354 -160.172312304 -228.366700665 -253.809877644 -267.850297785 -265.054249765 -251.523490849 -257.052994299 -269.458819302 -279.226612729 -283.456181355 -281.502619169 -285.003288246
30.3976586387 32.3637869192 34.3790644907 41.405368103 43.3870328723 41.6833015998 46.1827609194 46.3338971786 42.0843121028 42.6646434687 67.5544429016 83.7864396322 83.5285685811 75.0909362043 71.8160203766 81.7090920289 81.7485063913 74.0096738915 62.5122298354 47.7701348857 35.3947982875 28.9618886734 27.7311184114 47.8349857305 77.027202065 93.226129733 84.6913475528 85.2533903109 91.8412248473 97.2660163412 96.4104880086 79.0354553069 68.0506024049 58.5315553425 47.0672940856 27.396953424 17.5402551198 24.104831136 38.8777934683 44.4321632561 44.1588939079 41.435023018
8.89201695649 7.49409684509 5.27171914385 8.00785665641 7.17905737792 5.1253815143 3.94985230339 2.21626539046 3.02525239527 8.17109860283 28.6040888071 38.1016484103 40.6548593647 34.7350493723 28.8691362861 26.4113877638 0.720657035741 -18.6415831409 -32.0695506481 -40.9710167213 -49.0117972523 -48.622935383 -47.8077631625 -60.7336488937 -66.399474325 -61.473104909 -59.4763458866 -58.4576183095 -43.674596534 -18.3638135382 1.99093437714 9.49514313595 17.4481448766 16.5455782136 16.403807755 15.7570204564 13.4264099501 8.6191002686 12.4344835979 9.90848961726 6.89024392483 3.07219532097
13.1937265017 14.8495229781 13.6803381993 13.7454466133 13.8622243406 13.5721641558 16.2506184174 15.5102859424 12.0098565377 15.7289882496 36.071390028 43.7708594346 44.4079081033 43.1943659187 37.9186081 30.7939364872 28.7629011917 29.0460962357 32.5329212096 36.70101654 43.3925298552 48.3244616987 48.5329365873 39.377360355 29.2737821211 24.4884729159 32.4013762511 36.8584804719 42.5423478204 47.0762454109 44.6657442042 34.1471287425 31.163160843 26.4452203279 24.3140959296 24.9123086826 22.9173090441 19.859563385 21.9865190118 20.0914800681 14.4678627699 12.0487232536
5.97399102383 5.22235067109 2.57632989693 1.96020704863 3.47159874732 2.51923339609 4.76055681031 3.43175258884 2.94413593631 3.46994326807 16.8267801982 17.0952354135 14.5992917063 17.2061940549 17.3551532197 21.2791209595 22.3926855105 17.9974013279 15.8539320133 19.7590488111 21.3091591129 17.1801668844 8.49281376297 7.76341953531 4.28834133239 4.21040583937 11.8545555383 15.0701743516 16.8759536937 21.0450872661 24.9408812693 23.2920938463 17.7237564147 11.5795350166 3.76414873031 -1.63223435313 -1.85931412744 -3.5720939049 8.86640579396 10.0122684796 1.87144372779 4.16286506802
17.7930713538 16.74773782 11.7647045635 10.0005309822 12.4611277172 8.91881764355 10.542134617 10.8704066337 12.9237725641 14.1926549785 22.8854528522 17.6920637552 10.420514238 16.4418369791 21.5922038166 19.6824248784 16.8524850045 3.82739844755 -2.66366564412 -6.67711800639 -15.3049469944 -15.3259702686 -17.8710475649 -10.0100895009 -2.02694131346 3.69924305673 2.72557323375 5.18053872042 10.7935363743 16.3509263748 17.0352974201 15.3008861396 18.2545029321 15.8414857188 15.2200743712 22.8503046076 27.7665043803 24.0351717967 20.4033264014 19.7507439921 11.2206350636 9.64985061819
9.45623238176 4.22491635532 2.28185398934 0.0645108008471 2.79850986835 3.06638852182 1.38467916834 1.18992799494 3.28260489391 4.64808244785 10.5780250576 9.58607786717 5.15426900414 9.03070135551 11.5653119584 -6.30624823325 -31.1100500366 -37.9716483729 -40.987601556 -42.1351082721 -46.1227724756 -42.3104748055 -42.1727834621 -37.6815415008 -28.4518259624 -26.1523360827 -35.1298657465 -34.0693618507 -25.8370390971 -23.0133198902 -16.8816467436 -8.5396821968 -1.66615153296 3.44198151978 -9.16337730529 -21.4207813349 -18.2169331767 -12.5336629271 -1.5427172981 11.1636937547 7.14424811402 4.6781723608
10.387795 9.30982202911 7.02879264087 5.44147501252 10.2674596137 8.49868565447 6.49860899049 6.6071909538 7.2062317083 8.91065791476 12.041195499 6.90615836575 5.33833598749 5.93969858297 5.25480124458 5.87879053573 3.16195582979 -5.8519066044 -13.6592610471 -16.5529161366 -12.7471900188 -4.28707580703 -5.81651175211 -12.1957066352 -9.63103305939 -10.6198935464 -15.4320457717 -18.4401611805 -19.4956482401 -15.5169996954 -15.8643361385 -9.94421948477 -2.33493764581 8.66576240002 9.48816139556 10.4987517766 12.6528187463 14.1361159081 15.1050408405 11.0077265641 10.7517517784 11.0859600604
5.19182735526 1.57559824477 1.9095923525 1.58369216536 -0.28293938512 -0.561992565541 1.42107058409 2.70555372718 -0.458492813882 0.347113991941 1.16604364016 -0.923876223914 -2.01298753913 -2.84733862869 -2.05487290484 -3.60880305126 -11.4827340591 -14.1937086526 -10.3919823608 -3.71709584534 -0.0603151363263 3.45899522361 9.23888191773 3.07197794408 -4.65658400276 -9.67359828166 -13.2752403887 -13.0306861761 -12.9402550555 -12.4819823439 -11.4433392802 -4.97781211362 -2.41971485214 -1.03221698156 -1.51716045108 -4.34767240657 -5.8966444079 -1.0123933281 2.59735299199 -1.82654313953 -3.40110614463 -0.273796073255
11.3437817889 11.2579079817 12.4333236311 10.6266748675 10.3232662221 11.3498771256 8.14440216942 4.05787602496 4.34067702753 6.52533818087 -0.00920211705794 2.00676262515 2.76152661708 1.45660335604 2.29867499875 -1.82941270771 -0.982923159097 1.62432821122 1.97171903925 8.08106572395 10.1572147535 11.0535480701 7.36193113688 3.62970827682 5.14732461216 6.17246163477 7.81569648106 7.06048449368 -0.602254970841 -6.1446367074 0.978428326597 5.85730410844 0.871334992293 6.28195948431 6.39008061861 2.62595918542 -2.40537501584 2.23798910843 7.83112543053 7.06062631079 5.22537402422 7.07312332355
-1.59817269381 4.73939823578 4.60145132322 0.767982887431 1.53661248982 2.36167323835 -2.00726662227 -3.10912305906 2.18267684158 -0.754490109559 -8.94635278532 -9.61425334148 -9.98412082475 -4.38154006119 -0.376556614259 -11.2162621059 -18.5104616512 -22.3774992489 -20.8484014818 -15.2940223365 -16.1449248825 -18.8262751512 -16.8397167575 -10.9810787555 -10.7931259686 -13.6834216663 -14.9834065544 -19.2420243666 -24.0998933512 -24.0955157833 -17.0771126791 -11.7243435749 -4.88860306499 -1.7115403246 3.54704506382 3.50910367238 1.01039787878 2.78129862411 2.75040674449 3.9817642973 3.63799005022 0.883988026987
2.4881785783 6.3838433545 6.02859423192 3.27787253887 4.92529547078 7.70611202903 5.32219498334 7.20398860851 9.91972456374 8.26233120341 -0.250117628248 -2.54913738115 -3.0958430463 -1.11617059339 1.73458141431 -1.70336011739 -0.438112380226 4.41477238833 9.08784379259 10.1991618218 8.71202943142 10.2830249528 17.8336623276 20.8586169051 22.0181360315 24.3076855749 21.636194304 18.011870377 11.3201323856 4.67201220724 -0.248083778106 -5.19234020583 0.808048754331 6.95453678526 10.2575364158 2.71437305537 -2.74037135171 -1.64399887983 4.63402198599 4.86804085618 7.0478740583 9.29513041481
-4.44840462025 -1.60046967962 -1.00073483535 -2.87276179143 0.806726330784 0.0812278864207 -4.3939479734 1.31433751273 -0.450081145523 -3.73107544038 -12.2713807829 -13.5747770744 -10.5456007668 -9.59223227833 -5.0807512915 -6.50642769362 -7.64595354777 -5.38081755832 -2.07168319215 -4.38676828258 -3.61699515983 0.757691331235 5.63587971379 1.41574048232 -0.400985602315 1.89931799074 -4.20737884814 -4.77231250765 -8.58368658166 -10.3588300057 -8.91593140253 -13.1265691266 -9.02813397178 0.228630836816 7.00069419128 6.45274264968 0.712224065335 -2.10015223652 3.84056954999 1.00125412152 -2.85737926315 1.36540433732
