-226.424247466 -217.255147435 -213.86769259 -216.954331988 -216.965135825 -215.620951779 -218.445768073 -204.336185331 -190.684493953 -188.466976711 -166.293357869 -127.493179941 -48.7435458422 -9.32266206366 -2.21671424091 -6.28190663917 -25.6161182238 -36.0724566255 -48.0251652879 -75.2809190578 -73.1169268305 -59.8662904223 -72.5465539811 -106.537886954 -148.342538343 -188.349958028 -207.443905317 -215.841777663 -218.9149699 -223.047805507 -217.465860719 -184.280673828 -171.924019664 -193.114007736
36.2470697832 38.9324349307 40.9126689329 40.8951191642 41.4337524586 39.8445796346 43.8005797387 57.6433946055 73.071649275 62.4221181601 36.0955184539 53.112831608 81.9008971087 74.6181283531 59.3167451055 52.8615672098 50.6367779664 58.7280052997 66.8330667596 78.9667507838 87.8225694356 83.1329317309 72.2580026416 66.7500926751 60.8814185155 55.9591048148 51.7255593386 44.475426091 44.359524898 40.4753259557 36.1039844063 34.5472526845 32.2908233798 35.5751079946
-0.436699561663 0.0385581099299 3.40798154135 9.21269003259 7.62301230475 2.16239487187 10.1741565419 19.7128847829 26.6815960216 29.8334889064 5.27730139017 -11.2723504482 -45.0058848299 -71.3822831979 -89.2010188911 -94.1587750852 -82.1799384393 -74.3099806021 -69.2098364567 -61.5851826966 -55.2197432497 -55.0807288549 -42.7484357512 -14.4345053554 4.42901470765 10.8328961504 11.9351174072 10.9679767833 9.82433663372 9.36483939159 5.50694812114 6.72021700165 2.81778414083 3.85070284562
7.99902046775 10.3271172228 11.1239420099 12.9830134191 14.4213336444 13.3794064441 21.5719106538 28.0831125824 28.0963817393 25.3539144841 28.1873083321 24.3910926753 37.4783023637 47.6541521358 48.3839545101 51.0342288388 52.9934648795 48.3224085002 39.4342080122 26.7316374527 17.8417464668 18.0717461452 24.7596837963 32.3732777756 31.0189348769 21.1674425093 14.8331486676 16.5327203445 16.1915517291 16.577516071 13.3379905497 15.5209592332 20.6713565616 19.7866103366
0.275668418982 4.02809947273 3.09695031954 2.07645368261 6.17367833758 8.81055916675 9.99902665298 12.1766454408 7.58178317839 -0.758278987205 -0.748438499551 -10.6434073108 -25.2912704192 -34.4303866705 -33.4288738909 -29.1048247625 -31.9020449812 -24.4962042946 -12.8551530053 -4.70377154204 -12.2900592761 -25.0076273552 -27.9719842192 -25.5262137445 -19.7765636046 -7.8096656031 -1.70148065989 1.13135387198 0.868325750959 1.80766257082 0.742112410973 -10.6689637243 -12.0929996112 0.297726203394
14.7768124878 14.3938751717 10.5884022186 11.7962550888 14.3457760847 14.1137445423 13.1428921552 13.167546396 5.83217805189 16.3117585113 29.1295205292 6.32032870351 -30.5413500515 -31.2554128526 -24.262385824 -20.1202551252 -20.303894215 -25.3693655616 -22.7203985094 -18.3396902153 -17.0219249605 -19.0422174758 -13.137446379 -4.24592924802 -4.43613202144 -1.01596126826 -1.98715387515 9.06731579764 12.4658782086 14.581490025 12.1834344285 12.335122371 10.1594181979 9.97771069335
4.67068857486 3.1500242375 -1.23139397499 2.06102031802 4.41885612403 1.59507680467 -0.0960593684527 -4.6553213205 -8.42061860445 -12.8443942791 -11.780398721 -23.262304472 -31.6708700983 -24.0369884423 -15.9212037372 -15.2403291524 -13.0904239628 -17.2735489891 -18.0829825984 -19.519005227 -23.6207375876 -24.4101620193 -22.7312711269 -25.23960819 -21.8307630081 -14.1330971627 -6.58928728061 3.269797705 5.96458905324 5.58304442805 0.236919072844 -9.10774240682 -9.7376706528 -3.59207340783
11.0988399605 7.82856404774 6.04292925381 9.70765902688 10.8241660499 8.99745699621 6.71141874633 -0.969330950198 -6.83313868272 0.418243953976 9.65684491314 2.06814955753 1.76320094802 -0.335594130955 7.73863823035 7.41270117607 10.0864315647 5.77290712163 1.90963097817 -0.278185027641 4.74119118286 9.98554084685 11.1182258126 6.08533946355 9.04437859383 7.80922780541 9.41398561947 11.0554825707 15.2162647513 11.5530736759 10.756556041 19.9003452323 26.3105005346 18.3099241101
-3.51509655068 -1.28499070811 3.52940343617 5.07800001336 3.500025277 2.83898718107 -0.00934181217381 -6.68212229588 -4.52055926272 -8.55090159847 -8.4993405329 -7.36720478113 3.92385876696 12.7101777395 18.8085960498 18.7790955229 26.3892937075 23.3389282228 16.5526656668 16.2641953727 19.0071638558 20.0584292532 18.9826545581 10.9992447903 2.90265197464 1.02934390733 0.669052545385 2.05727741933 4.22009252568 1.93236557099 -0.752464677606 -3.46196332536 -1.26221571937 2.00077907201
9.23233895476 9.78874781475 8.28960259954 7.53728332786 8.85598134814 8.47829552367 5.75416495282 -3.31528143333 -0.510188352802 4.42236852752 12.46278468 7.13536660037 -3.9468932452 -5.69341835558 -0.825038154607 -0.170486622952 3.69191844745 -1.29217385948 -1.27017314393 3.36819337629 2.36453878264 -1.12910344322 -4.96203725129 -3.74568055146 -3.45155973787 4.22559426074 4.49075702289 6.7569116672 10.9369257727 10.0486221579 12.186012211 7.7349507519 5.65072419566 2.29000281509
4.91734922845 4.52011250171 4.1411439774 1.7637151196 -0.309652338651 1.9966277272 0.194261544748 -6.73862003632 -8.54530213719 0.381716937365 10.059236691 5.54313594235 -2.25173484479 -1.85268585418 1.3999155347 2.16212241004 -0.754787197642 -7.9717346748 -7.86634673464 -5.76545606947 -9.56681688478 -7.13539211115 -1.81581548978 7.90122908088 12.0616825894 6.39481885279 0.496436957841 -0.160851309153 1.00612533449 -2.06538942229 4.14311503022 2.41980782603 4.36242766493 4.14919335511
9.82452366995 7.46668845432 7.53478033551 8.78565398512 9.42700019875 8.80522024826 0.895355213992 -1.34659363009 -3.18011629874 -6.20427021679 -1.58417047091 2.0445005613 2.84194184443 3.83349200505 7.70584153146 10.7357777545 11.5941272689 14.4189908804 11.4728856868 10.6733255848 6.91301257193 5.55533661634 2.94228708747 4.55764063619 9.68474667242 8.95209028064 6.46388431783 6.98856930256 4.8509824823 3.89845131282 7.79459799324 9.85911752145 12.4269280973 10.0808007575
9.87422418019 7.76017105406 3.02950551444 -0.94457627277 0.367117124577 3.69683179944 -4.57377842804 -8.25493164339 -9.8906498312 -4.81720130849 -0.321525664631 4.39795017202 6.985584179 4.61681922087 5.17661047122 5.20570423029 1.9646551929 4.31242806287 4.77395487567 5.9474182079 5.31593019489 3.51449882419 0.720889949083 2.48990946498 3.96869627832 3.58593778758 0.922561258469 2.66070114083 6.13341010372 0.972226529234 1.17671539021 7.99252051 10.7210725409 9.74169560904
