-290.375919525 -284.718392492 -287.650017924 -291.4657764 -292.947266906 -289.190582325 -287.471543013 -276.672019739 -265.517557604 -266.700152686 -232.365784973 -169.654136109 -132.161169949 -120.404993181 -122.512573499 -128.138190673 -133.560225478 -124.61661347 -125.64534567 -135.996323198 -153.007481289 -161.693415543 -153.461667835 -163.560125701 -179.87005022 -207.130017356 -242.119345393 -267.653420732 -283.826518996 -286.993916347 -286.488267987 -286.828876706 -270.068573278 -250.86645609 -256.800418087 -274.162991907
37.2264668832 42.2643623515 41.3008433334 38.991799654 40.5292249519 39.3791558339 38.7163936963 47.7963125491 66.9419800792 67.1844670389 83.6319958366 90.5617219527 78.6586769399 62.5187744746 52.287164054 46.3080420934 44.9468325849 56.0605542065 68.8564536307 78.7472617672 79.5200291956 71.5938556584 65.836690608 62.9300413302 71.5463961637 73.746148785 63.1295042944 54.5355742956 48.079096162 47.113414811 43.5915323663 40.7264744632 32.7809308939 17.9904925164 15.4397457046 28.0173130779
8.27463973404 6.1012490908 3.27118870575 4.70279608442 10.1834008323 3.35361387691 0.998902161575 11.1413954227 25.9964107094 27.9588375011 24.064668524 -3.83062089877 -30.7948856548 -49.04757829 -55.8419746172 -57.333666709 -56.5563067417 -53.6345641255 -49.4085429262 -54.5482498092 -50.7217796069 -41.3225093769 -40.5101617102 -33.1091081909 -15.8969834868 5.90368026292 14.2935225521 9.36585295674 9.29245159419 8.81715259593 9.97349387947 7.73932575822 14.359389867 24.3243121004 18.7153884763 12.7705422816
15.477187923 17.410988907 18.7743784463 17.7299189405 22.1316449427 17.2350741277 11.9995936735 19.349715361 29.3750647558 30.2814059569 32.7582549174 39.7463910357 51.1210631194 57.5223889233 59.9226774531 58.3250006691 55.5073315472 55.7451196588 52.28378391 38.0863399083 29.2260801861 38.5936209535 50.4870351828 51.1442894312 47.1783781561 42.6544296904 33.4192658031 23.970329686 16.1824522452 16.5538810565 18.5519971263 21.4305479281 14.963592489 14.8308042685 22.4866952137 19.0719123146
2.22707907335 4.81930394623 6.04899762526 2.84240700814 6.59710551987 5.94678412649 7.47736032036 10.2412071243 9.80295662392 10.548724968 2.12181203957 -5.85164036428 -19.9524576222 -27.3772534656 -33.5316965128 -36.9992520988 -36.3494198381 -32.7313751393 -26.142533106 -14.9435084641 -4.83083791203 -5.73303051365 -9.10033062845 -5.33177716224 -1.69254349211 2.84611079744 1.27509303134 4.52555454199 3.76102694046 1.67390084336 2.81217614792 7.29569044375 -0.60423284948 -6.05183141838 -3.21178277547 -0.0871221577541
13.6531250444 10.4628143118 6.8567211293 7.67759319617 10.4015550548 12.3981834517 15.569158087 16.5246621216 10.2193913304 15.7353601027 -6.7001019311 -28.8354186591 -38.8828902864 -34.2629574271 -30.860243747 -27.0696784415 -22.5562447289 -23.7378040068 -25.4559186921 -19.5158774863 -11.0665595212 -12.8692626349 -23.3601856818 -22.2039187633 -19.2083832993 -12.0644642993 -5.00902574014 2.43523663709 8.75088771412 9.13592467426 9.22016861912 9.71463649833 15.1140697302 19.5214857773 17.8698482988 12.7652167453
15.1597422947 6.99111359855 2.24744179982 -0.613461510579 3.83731394732 6.45363976016 4.76161278707 5.67176790843 -1.04223315536 2.14356459364 -20.733378962 -33.1092373141 -25.8046987436 -14.6106348562 -11.1872709107 -14.4750793283 -14.8548947437 -17.6748522182 -14.9383182277 -10.2456441381 -6.51368053032 -11.402127786 -21.0247993132 -25.3388672617 -29.1492838229 -30.175031394 -18.0749288603 -2.84428228666 -0.564639911414 4.58128067976 8.27286558946 5.66872560092 -4.90733178138 -20.5399985975 -17.4555835648 -3.2920244083
16.5477828697 12.9528512165 13.2349048437 7.50332558967 7.5508147335 6.26774404249 9.50526326315 9.98934401705 -0.288788698812 -3.1359529939 -14.4248916248 -16.5194141757 -16.8331975838 -8.00413165649 -3.59853449089 -1.98465095725 -1.54030454497 1.11375881061 -0.754649226527 -5.63213318984 -7.44578000797 -7.72687796239 -10.0949303535 -10.9207917118 -6.3979483885 -0.978867192732 2.08051755201 8.19934523214 2.95108820356 9.10875546204 11.719273315 6.9238237161 9.96920511781 10.0811112071 12.6521698456 12.38363256
2.16571344325 5.74081698675 9.05658654144 5.60336656108 1.51096937993 1.96982363672 3.4263813337 3.28642540208 -4.93270317792 -8.31417146247 -21.7197863084 -20.6540409311 -3.30361511051 7.73824577539 6.59943262415 6.14788589057 5.139372421 6.29420034681 6.68875088028 3.54544331802 -2.5285312257 -5.18935318485 -2.00213630958 -4.25903283239 -6.5199483579 -8.04615874556 -2.92005377766 1.49649748302 0.107677304754 0.179823546877 1.98538825424 5.03717936288 -6.10476945362 -9.6631072945 -0.477178719154 3.08725705717
8.7679188542 7.79584642707 10.5339938114 10.9156206912 7.48235511513 10.4330924173 8.24453951124 5.22900198308 1.22706769666 0.529043426829 -5.78807135656 -7.33008939975 -1.3123220567 -3.49259166653 -8.24000882309 -4.22243810966 -3.40581596413 -5.96099178544 -6.89411649156 -2.06976384735 -3.39910578176 -3.66525756899 -2.89836648449 -5.17707032476 -9.251106344 -10.5508070348 -1.7539110778 8.86015426853 9.95036966279 4.8354412727 8.25491264438 11.298814176 11.4422517049 9.07412426154 11.657513958 10.4151411361
7.73509603719 5.12319479753 4.32835410653 3.48124246882 1.75450762296 3.45174939724 0.406396884196 -5.923574821 -7.48031385275 -6.72379890892 2.21965597024 5.302726764 3.53927893143 8.92170166028 11.9826069977 12.497796412 8.11979664397 8.49935768888 5.20579988904 0.430490849936 -0.318720139298 -0.401783223328 6.60316143328 4.01782317392 0.54271778184 -2.60527245611 -0.0693623575727 6.4702359122 0.979135899605 -3.79735345156 -1.71293533325 3.34957031279 5.9101036979 6.13387736875 4.77151267739 8.93636051549
3.96824837507 7.68453921328 7.1406366404 7.99790523897 9.64740570389 12.7023136395 9.38939233745 -0.517777468944 1.634480999 7.63436784537 15.1690535939 22.5600253104 27.4652656541 25.44680547 28.8400317803 33.7801700995 25.1706368322 27.8303726265 26.9368139196 25.514422813 18.5366465368 16.2012561396 24.9583449308 26.0730094334 24.5612714649 19.2260399436 14.5826882348 13.5497651468 11.7246500706 7.18946123565 3.68342969182 5.44570558834 11.3369465167 15.3047779822 15.4479495388 11.9122257763
-6.83535613878 -3.71562814612 -1.93577617688 1.11729325124 1.29255131538 1.9753466556 2.56023898984 -2.95354578073 -0.459911197369 1.96315084643 5.78390798186 3.93271079037 -1.09334888682 -7.567037467 -9.0018351874 -7.12571566831 -7.42909876485 0.260622253321 -2.90304917214 -4.56676516354 -5.47806008625 -1.54091587064 -0.367780328932 3.87677441433 7.44099340333 6.4544160688 3.21290523745 2.96820918593 7.03391080876 8.5763698425 2.09077959352 -4.73908304341 2.58214948878 3.07621283771 4.45789418415 7.78062125057
