-246.99343794 -239.996023915 -235.191196154 -232.759638331 -237.933852314 -237.188865713 -228.066386829 -224.840269565 -227.21751814 -230.316058575 -147.366178989 -70.472226765 -43.9564578362 -47.9366628967 -53.3947863615 -68.7896366466 -81.7432771142 -95.4507367285 -98.3865459537 -97.1708501128 -93.329060854 -102.33072833 -127.210683098 -166.071470022 -204.287374859 -224.827023303 -230.67456041 -224.518409746 -195.760517964 -186.125443543 -204.037085042 -216.072773096 -220.739501045
42.6165079373 47.5220363962 46.9251354126 47.5879928746 45.1982784583 48.6584691778 57.7445533665 60.2914631783 63.2086930792 58.5589607523 64.3726091724 61.9352006544 55.4494931446 47.5494512557 46.5077976143 47.2346435059 59.5755318504 76.3492745801 90.7006262166 89.5634714558 83.8253329876 82.2582487955 77.6196479148 77.7439380188 71.2628783754 56.8054700821 54.3008387369 43.8691371549 20.8138628396 15.086895098 25.5304333457 41.6001789759 50.3066118463
12.6274907086 11.7242974045 12.0782412577 11.2842256191 7.28573842748 9.82433525833 16.5356006173 20.7867802361 23.4969715023 23.8746482968 -6.22500451681 -37.399158777 -49.0334374184 -50.0096366625 -56.8489507937 -53.0117627246 -51.1941740719 -38.0060597257 -28.7003914912 -30.5084828946 -30.2085881518 -21.837258998 -10.0503402684 7.39432949732 17.2980703801 10.1423524525 6.58465398655 7.77524402616 11.7512508018 13.9835163829 12.0954923683 12.2852943963 15.2145930352
18.8013096853 16.4912432566 19.5718240204 19.3540592479 19.8011040185 20.1988645494 21.8086022771 31.7675657429 33.3400369074 30.059042699 40.7438140842 47.312551822 53.6563679218 58.5266135351 54.8113455665 56.6000479692 48.7456082865 37.4345609708 32.040159403 33.1237401038 37.1844548673 43.6564517097 45.8430461121 35.0384757359 25.0301598579 20.9437036109 18.6699521623 21.7492568669 35.2165058117 34.0304107754 30.2349563231 27.1598569201 26.3087209089
13.6621159385 10.8734563007 9.50747761661 6.99198365007 5.8068675731 4.87952061883 11.6848735648 17.0226270638 12.3384730359 9.18226767313 6.30806201694 3.7183936748 3.57529773246 -3.28117162054 -12.9944149107 -15.0806377661 -11.08658655 -11.1970364235 -16.1791388118 -16.7664712057 -18.9002238596 -16.3475109344 -13.8264911613 -7.90872762466 -1.80746544383 6.19734097051 8.57240607231 -0.376595244672 -15.3663106811 -22.8005690258 -16.0751591714 -5.51581821582 1.63824767209
19.895910071 18.7490382954 16.5315909265 16.7988717273 15.1484653273 12.6812941457 18.4190716836 18.8133510638 14.3679764895 14.0785188006 4.58075812976 -9.71832526781 -16.7656135849 -17.5274943461 -15.0525385002 -10.5781126749 -6.78386852439 -7.71394898224 -7.13461361108 -5.68728013917 -16.8431564717 -21.5505805659 -20.1925628911 -11.7467382557 0.520309536585 11.2450963411 13.4757014107 17.5132704397 29.8713506807 29.6893287035 25.5026362073 17.0054023141 15.1392530404
3.01543969557 5.07237567153 5.16579607775 11.664374494 10.2927516157 10.0153131017 10.1892107973 4.18063617127 0.112147058194 -1.19436614517 -29.5761597775 -36.3327959695 -29.5738254272 -24.2500658404 -21.7227493401 -22.8830295563 -22.6306622763 -25.2322763715 -26.9283745794 -29.3546455428 -33.3844560195 -32.5927258749 -31.953426491 -28.6767101178 -19.9446301721 -1.450020753 1.44965163337 -5.5722021232 -10.9365002773 -12.9264444795 -6.18974315906 -2.38290458987 4.47091872124
4.51452441225 8.82216334644 11.5054493466 16.6732840226 19.8691894421 16.313826342 12.3121960619 5.78880840882 3.39075476724 5.39177227679 -14.2259685426 -23.5833018418 -22.203264537 -17.1568146162 -12.4213516729 -10.299293904 -13.0113564557 -16.3896500906 -26.9376395095 -34.5093511138 -29.9542794555 -20.4133772005 -14.4793681323 -13.4776827585 -7.38090263801 2.18464926755 10.4961301223 12.0238805107 10.5176020295 12.5802995143 10.991033777 6.30445677806 5.7509999806
0.876580387711 4.56484109665 6.47788151987 4.0224870577 6.59260923458 5.89549357729 0.097217655032 -6.60683013006 -6.9726519871 -3.66560171736 -0.826952160463 -0.575722678837 2.50340599503 14.0473289903 20.9594198411 22.7978975231 17.8034066326 6.81785493004 -2.09638237381 -0.304040557533 5.35536239428 10.9642735428 8.42870644295 3.84430436224 3.63219915967 -2.30883710045 -0.0866751219071 8.61112782663 2.68695706051 5.48850472725 8.27394764577 6.82546975065 7.30874510265
5.63642989245 6.34621076601 8.53989409931 9.63349574726 13.1354273117 11.9856222415 6.19920068394 2.0571763913 2.54085985128 5.55858901266 8.03437562586 8.15192270731 12.560852757 13.8401015478 9.70234036107 7.16888849145 4.53171672247 4.91350848987 8.41526213187 13.8968511429 17.2240865688 11.4671991867 12.3584542603 8.77478672378 7.39670033896 4.48547060485 8.73503863348 7.46147620811 5.70078038464 5.39705869843 1.91269725301 7.38133200335 13.2722932294
4.28471032224 4.52080232867 3.03888539177 0.145765757881 1.62864741705 8.17787751579 2.26698258857 -4.40715004072 0.52052590705 2.85943613837 -1.4424577882 -12.1124076099 -13.2277986679 -3.63661471258 1.98594301518 7.21325559779 12.0032505816 18.001677516 16.8576724067 11.2800210292 11.4547505244 10.9642448515 11.6769920116 11.4069813331 4.99780638028 -0.0890518208943 0.70144893641 7.98468435131 11.1480468329 8.03927443908 3.97189172131 3.26823365545 10.4953604884
13.2097856684 11.9731531558 11.0657578675 10.7617641267 9.33658174045 12.2883871529 8.15946964796 4.02452241343 5.85683066161 5.9615362123 4.47607989974 17.1857393726 26.9866756841 32.5856645894 33.3136905157 23.5804468969 15.7386097355 8.57810961222 5.90586241976 2.08069297515 -0.128340799405 4.03607451172 12.2044123982 11.2188781205 6.34846527896 11.0950042468 12.7319489481 6.10133955281 -2.017742225 -0.248554937921 1.66571234969 -0.648414768209 2.64176145106
3.28012163417 -0.859615327149 -2.50629768878 0.388979538309 2.90576826381 2.49627947673 -0.312323240494 -3.54637073652 -2.1803057975 2.77259758335 -0.119285878116 -1.62241906129 -3.80883850721 -4.51885583872 -5.41616261819 -8.38494026818 -7.28471980377 -2.74697573551 2.95995500373 5.23995404308 9.50360336276 18.038974175 17.0003318549 12.5146047467 5.87450443286 7.55477376927 4.99941376964 3.22576345518 -0.580644663463 1.54770526422 0.962977731315 0.615906708151 -0.00316838294264
