-260.493173726 -254.403800277 -251.351952329 -248.27547613 -248.85949445 -248.315526229 -251.322337442 -254.659941843 -254.806110387 -236.891415872 -210.878082169 -202.763780397 -212.813148777 -222.410275251 -206.794670008 -127.533180616 -89.175113149 -85.7092469139 -69.4073833425 -49.3688818418 -52.314986199 -48.5335836631 -40.8125123793 -54.9812014218 -86.4024730775 -90.7205139082 -65.6512748561 -37.2998675335 -26.7032775882 -49.964045157 -107.522769141 -171.547198982 -209.21557078 -229.745142079 -238.760228339 -243.267843405 -244.888701859 -216.369255011 -197.256234639 -219.14666826 -234.591355883
31.9182237682 34.3853146935 37.1380935961 40.2781509906 38.28450051 40.9574640765 35.4664864648 33.9471320173 34.7314975448 57.2097127856 82.3310497879 87.2197332206 79.3187384705 71.4772181825 71.4160432615 77.2612236282 72.0278926641 54.9556868687 36.1090208497 26.6272065208 20.5131151504 25.068616679 30.6800414229 40.5315037421 54.9896200128 56.6199961054 42.2714912264 41.5880922182 57.6941714925 69.4349240953 70.7088690599 64.2709230091 54.872398814 48.5851731279 43.8875586107 43.0085919163 39.5549321251 40.6906905932 44.0479334987 43.0546824937 40.540806798
12.9569161444 7.85627215784 3.56473126009 6.88309548559 6.15920705471 2.95728993017 -2.51351173202 2.22619475415 6.80112407813 19.5651727207 32.350877076 30.2916178817 30.158602123 27.5396876407 15.9569757407 -17.564385984 -38.7765892226 -49.935458578 -58.8893534833 -66.6001548715 -66.0883369858 -73.6653430268 -78.9375917503 -70.6254090004 -58.2746576362 -62.3620787037 -73.9371233058 -84.1728042571 -77.6922198085 -58.2505818069 -25.3177486937 -1.70184257091 4.91128862414 10.1743934458 12.5911729166 7.29343818042 0.264040020524 -2.66173842034 -8.68545046903 -7.18668094582 -0.220883304948
23.2823232797 23.3479656885 16.8555241277 13.7748549429 12.6768940356 8.50700576914 7.18606583223 13.0278881018 13.8120085945 20.032041826 26.0557783159 25.9682850922 26.2654390847 23.7250677467 22.3879970913 46.7924211919 62.0945510724 69.4309015923 76.4474959321 76.4159091746 80.3186024259 78.2019840389 76.2479140413 74.6607184993 61.0177728275 56.3734228132 66.8432047937 64.254895139 58.2468981548 53.4193543056 47.3715671904 35.8148858811 27.6303138193 29.468926306 22.0965431789 12.8006633962 8.31490999463 14.6304023966 14.4721101063 11.4460741889 10.2350837931
-0.193712389278 4.05947676011 8.8242182797 4.66138971787 1.94969444476 -0.511873979213 -4.9658939939 -1.72605671889 2.44390980127 2.16171610231 -2.19059159298 -5.2471273791 -0.344650213862 4.78632026569 11.2335134054 2.42440908535 -8.58957520243 -17.5195882194 -26.1582096509 -29.1975390089 -27.3294618586 -32.2779034289 -29.8422940458 -29.4099465052 -22.2868573568 -12.2702979631 -20.5421575223 -29.3593025956 -39.8370589731 -39.7174505822 -31.3159813576 -18.4093434398 -5.16808541326 6.73785491327 10.7869545629 4.10257057425 -1.66035506512 -1.80564831561 1.16556255128 6.28062163849 6.53632060621
6.84102810712 6.76165172229 11.0955697804 10.0531594953 10.4916063035 13.8762095153 11.8355604957 12.7305213105 14.0748444992 8.07994233208 -2.12103449484 -3.79917739201 2.62586893282 5.52131209947 12.9987534435 -5.74353365181 -25.5287752295 -29.815334513 -25.0908834205 -25.2110278663 -19.433188814 -18.270350588 -17.9703524222 -19.4238383871 -11.9089271733 -6.87468201997 -6.48306665833 -9.94892736569 -18.6523111832 -26.3744731119 -26.6713743547 -24.4644024717 -8.50328060035 5.60647452824 14.2371268847 11.9494990923 7.50399009246 7.84738358893 4.24279506578 2.29246117952 10.0443518713
9.26140607423 5.17156190214 2.93252128449 2.83558456387 4.67988045485 7.817465768 6.22238322101 7.46710260758 7.26126160406 0.313687029767 -9.76363927879 -10.7465468536 -5.61986489349 -7.72243756714 -7.61940743792 -15.4288950152 -13.6178240421 -9.44758965408 -1.33240897527 -0.888128983084 0.875608072411 1.92427921764 -3.03775275029 -10.1158442628 -8.55015127671 -10.7070850838 -10.4744634415 -9.98668390255 -13.6476030224 -17.1773999026 -18.4384900772 -14.7104570103 -6.44162751831 -1.64533698519 1.55236723722 0.153695786178 2.71546562777 -2.50604378388 -17.5513179286 -17.8888262147 -4.27186457777
17.8022115756 17.9400036615 16.2041101063 12.0574609879 8.80343763026 12.0732421708 14.432688205 10.8333866131 8.62698533518 3.07085292918 -2.86122356682 -2.7403935199 -1.32158077403 0.721528525925 -0.88599156923 -14.4204520844 -20.2789983037 -16.9526340939 -13.5158820017 -15.0893706022 -16.6570528102 -14.840276018 -14.8671659996 -12.9616262506 -16.9249265582 -17.5836900313 -12.519614448 -6.99580062432 -8.53058456871 -8.6702563783 -8.78687260989 -2.03978100793 6.73795568965 9.48993238359 14.2019955474 8.38006650359 7.87157147461 13.5816762272 10.0637655974 5.19739617904 8.92362086336
6.66666373575 4.1397087485 -0.791312232616 -0.656425302226 -0.408361752082 3.57898429591 6.36143670677 -2.20825277983 -3.6862466526 -5.85651453911 -9.10801988355 -8.16188750041 -9.41186452166 -7.89175322328 -9.12694839067 -21.5901455856 -15.3289702766 -2.38239779394 6.11884437497 8.91556721847 6.35954002483 5.4958039214 7.98133204848 13.8426141821 10.7774877216 12.451998692 14.4818228018 12.6278749183 5.88579141345 3.22986554315 2.70980242569 8.07481708866 8.83591510181 4.03970585864 7.09641590615 1.39532518223 -2.49696173498 -2.51676390965 -4.60849484945 -3.38109589327 6.06702703655
11.3838059397 5.18918487134 0.432327486678 3.84249339157 6.21266563491 7.75849779848 11.5936074105 2.38071835683 1.0480551626 -0.275603058477 -0.791291680086 -2.31610475851 -1.33459453786 1.64520316152 -3.52488041612 -14.0253393621 -14.7147570412 -7.31937387637 -6.46387243125 -8.90904672038 -8.44702197089 -10.9239729812 -11.6117889575 -3.32827577802 3.31968834881 3.00712259233 0.551277084763 -1.32811480102 -5.49087793743 -6.52289765882 -5.00937187833 4.8676502855 7.60634331928 9.3359858982 7.68483970051 3.78102207598 3.64180921044 -1.53870856127 0.526338754666 5.97250675778 8.7269985175
3.54496474423 3.96939060413 1.47807210505 2.67332084897 0.513491053798 1.53341579861 2.94940122601 -2.40441816025 -6.1938753525 -10.9317808817 -12.1627712798 -11.3171208475 -6.33623087259 -9.35732062493 -11.7673783213 -24.4150901431 -21.8070027219 -13.0894997508 -7.6405058565 -6.32902820414 -1.13607896563 -2.42067434746 -5.50552886092 -6.94824623532 -10.6376793855 -14.1663711239 -9.66269959404 -4.02897525339 -5.62938267867 -6.52221265422 -0.198841417329 -0.781729301712 0.0116225119099 0.200266894213 -1.15657906533 -0.416368600452 0.184891899637 -7.71600242159 -6.83207059851 -1.92775662875 -4.0544874522
13.7531256389 14.2388524959 9.55831624938 6.85101309536 6.989967396 7.43369703776 7.52730012244 6.71362380261 1.91252818207 -4.52836976458 -7.51118708248 -5.98258509094 -0.578585351852 -3.21152391768 -5.19729768089 -1.3741456522 9.0004727793 17.514915161 19.1651677608 18.9757896891 19.4516302781 16.1794242552 15.2542193224 10.0751775487 1.32326845473 5.66768126716 12.2289340185 15.1317308413 15.7924482177 15.017139503 12.4307988025 14.2001640117 15.652235079 12.6041465967 7.02309582158 8.60917052653 8.22293264209 5.08358440484 10.9537878295 16.3506168605 11.3923115062
5.2133742511 5.30803841126 3.48773099922 -0.858151102043 -2.83798310556 -0.452288612119 -2.25519121842 0.14734400616 -4.40470760593 -12.2705726059 -9.82992080375 -8.11407530857 -7.07743415702 -7.51850256606 -2.9976977524 12.5252773269 12.5071763244 13.3523098035 2.67166210098 -2.28721380182 -0.979118944695 0.362563853319 6.20719685639 8.23683226642 6.47680551036 10.5299883156 12.9553905877 12.7779559752 10.9787209641 6.81707963549 0.438176567122 -1.12123077896 -3.25080843609 -0.938498500055 -5.10922534009 -0.638752354752 1.57255025018 11.617288941 21.0237515449 17.8781838229 6.4174904443
