-251.323795271 -246.108818744 -248.745428974 -251.012330339 -254.294033001 -250.885523124 -251.858883276 -227.895532136 -217.981818806 -217.733362631 -125.652102826 -67.5562794422 -53.7169417135 -49.9325441426 -57.3895255241 -57.8626888091 -56.7048004474 -48.7279127934 -69.0647833883 -107.706898049 -114.982571676 -73.6944982783 -58.9566635422 -67.0873415853 -68.2320458441 -78.3251605487 -85.2627132849 -86.2508592251 -121.797667529 -187.616529759 -224.166290173 -234.251575537 -240.188351841 -247.384332625 -245.27818169 -243.765070018 -239.693791772 -229.567367836 -231.931450136
44.7470774493 46.3683696169 41.5048414549 39.1567357536 34.8202622049 38.0710716765 43.4265589364 64.2487678695 70.5024780083 64.8065408508 68.0897146396 68.8836748853 64.0104436269 64.3119726736 62.0452848371 59.3962121332 52.8814271847 47.1880971891 47.9288316097 57.0576369166 54.9151217897 39.6548690787 16.3704190228 7.83117706218 22.1731000719 24.2929266816 28.5912713337 42.8313870142 50.4376717641 55.1646918105 48.2248975502 48.6416029155 45.4446048969 40.2907878285 43.1328314469 42.2787634543 43.5432028486 38.3532490775 40.4551966062
6.34383884645 3.37981463909 5.36389816726 6.25316737964 7.47257636619 4.38924394637 7.9476088061 21.468092054 24.8444160001 20.5039901981 -20.3035435973 -56.0554085329 -79.6471793843 -79.8387533244 -72.5510928968 -69.4246570925 -76.4669547104 -83.2175396587 -70.2809670252 -53.7032347079 -54.5364456339 -72.3237920234 -72.0563899042 -68.5291953881 -69.440801309 -60.6861307566 -52.5746427068 -43.299621783 -26.8486613545 -1.36719738506 7.78581235822 7.60695883869 3.46394995733 3.12959791271 5.07583919689 7.42067538663 5.15845413025 -0.604438978249 3.77500579057
9.13760097799 7.88897097028 15.1330421006 15.6520723087 14.3310875938 14.7033874025 17.7629645754 25.8637299432 24.8242580497 20.9081452916 45.2775767312 54.0594338936 51.3738360131 55.1240539727 55.5696239351 59.3222637163 60.7647089953 64.6826020035 71.6442226108 59.826700623 50.4215429192 63.3077739084 75.1828532366 78.1666910551 74.5954713255 74.452379266 71.468115425 66.7235691646 59.5861849643 42.8745486301 31.487003252 22.9904883913 16.1040078066 17.6094516788 21.5091399971 21.0258577459 16.9373740244 18.784497197 19.3785221868
-0.255737592106 0.58294279373 5.2679415553 3.45953241608 1.34663299629 4.42860527147 5.59840774227 4.01935425919 2.82600494029 3.03151334316 -10.1181188757 -24.0164690128 -34.184270186 -36.4689421884 -35.2938179874 -36.6002590403 -38.9372493417 -40.4095949783 -25.8273372366 -7.25250908182 -5.47676284885 -29.7284006623 -42.2913562573 -47.3133523953 -44.8826711544 -45.4977792093 -44.3750303738 -40.9060149361 -27.616558954 -14.3850921532 -9.18569185361 -3.96458160559 -2.88550762424 1.77141402499 3.67310994601 5.10632699196 7.90045420079 -2.57611290959 -1.94031997599
13.129954382 14.9589705621 14.9136615292 12.4626819481 11.4338897017 12.2231447872 11.9843863794 1.17043317756 -5.18409986372 4.50135907876 -17.2219238527 -28.5635331207 -28.0740359995 -25.5924124538 -24.8814250069 -23.0161093528 -23.3976945386 -19.6422340326 -12.0622416723 -6.41503528347 -7.17568268801 -13.5979891512 -13.0363858003 -15.162745562 -17.1282529415 -16.0508961271 -13.362431342 -13.3679386844 -14.0030760314 -13.9767012357 -5.46769836363 1.00072397604 2.72653848291 6.73092574982 8.00984112403 12.2883200039 15.9570287265 8.6891769882 0.0552271784766
6.29600846334 -0.019182414242 -1.07518995748 4.89208341978 3.59407978863 0.387870340352 -0.0499294250192 -10.5710669706 -17.3157265107 -7.42513204847 -21.2298305076 -22.2915647329 -21.4294065736 -20.7580245948 -17.9774325785 -17.9235852915 -15.3815189225 -19.0848756541 -19.6735214312 -13.6805881841 -14.5172262933 -20.3727607649 -18.8143828791 -13.9521705579 -12.5517198795 -9.89678565666 -11.1742880078 -13.4586680909 -11.5215613546 -7.34995924754 -1.66361717267 2.09125954801 0.739349066146 -0.891189209397 -0.830775043773 2.1573991417 1.49392926666 -2.92714177947 -7.12808881972
17.5335100812 9.78955093208 5.1504962546 10.2190929778 11.8842044688 12.7290392836 10.0193346338 -1.20239260682 -5.1266692018 0.12942038688 -5.47438840086 -12.8709129616 -13.4334024164 -8.90766029321 -7.22326294463 -8.23104148169 -8.51572746632 -11.9245822013 -16.6484213029 -10.8805380904 -11.6778249459 -12.9490215819 -10.9441232189 -8.96560199396 -8.31210483989 -6.91178617689 -11.7746623654 -12.6747137288 -7.567522245 -0.533433575255 2.34444962876 4.95291645285 4.5336547407 3.83327252689 4.91899680399 6.7241745466 8.42430010337 9.76713398171 11.1272591806
5.10848678612 1.39730942606 -0.935408536304 2.44307064582 3.00515715742 6.3807635692 2.22802044928 -11.111903182 -11.0444421184 -6.01409497432 -14.4707337646 -10.1127804858 -3.23324069751 0.351167544562 0.25469689879 3.67838578516 5.99315759157 8.46498437665 10.1997012253 10.8166231596 5.25349806746 4.06256613797 6.10030479592 8.75644152054 2.62171834253 2.29920120986 2.34514667769 -2.91780575411 -11.3252240967 -10.4018488912 -0.57789771795 -3.59673856665 -1.13484798516 1.35301714368 0.536047748383 2.88783757767 0.975207190254 -0.579637861339 2.10274023517
5.81724519646 6.97023114733 7.04397077602 6.92945359101 9.1163704688 9.74554853756 5.94456038783 -7.61092615817 -11.547837602 -2.99622364672 -16.23019751 -19.7379522236 -19.6720557124 -17.8304442646 -16.5194100603 -18.8270234817 -18.973025139 -18.5944650671 -15.9643469364 -10.9651810263 -11.207788165 -24.228812549 -25.7977499314 -21.2385120991 -22.7723788859 -19.0940327007 -20.0254324434 -26.3639972819 -27.244492264 -10.5949682434 0.621576326698 0.545919967298 7.67730689166 11.7723624342 11.3604440267 8.30206804517 1.11996202155 -1.05793499596 -0.197501300053
-2.8530670448 -0.0512650714131 4.2343526634 3.50522226659 0.954406597174 2.81595044622 -3.07504496936 -12.5116425744 -15.6871005836 -11.0648956982 -17.8813252226 -16.7373759783 -9.3302212846 -6.32264617537 -3.98907563606 -3.56310682633 -2.40717168545 -0.882207637787 -3.23598818782 -8.74063706394 -7.62601894156 -6.03198397693 -4.48395925997 -1.40054921386 -0.874177696237 5.96997183769 7.14638278267 -1.58819932984 -6.73019160305 2.17495769405 4.19352040792 3.19611323761 -0.224900968836 -1.18822601667 -0.117039798338 -0.424736793697 -3.28813389382 -4.48698067753 0.0413023722046
-2.18452210882 0.375146935926 4.34063467834 7.49638050496 4.25069846131 4.72851597625 0.874992940931 -7.21728302765 -6.58073591876 -1.78471008881 9.87572964035 13.1588652684 15.6914234042 16.9542384306 16.6940711423 14.3403051055 17.1901319999 21.0593174536 19.5712784916 15.3625279812 16.4138803138 18.7580427545 21.8870737001 22.2811376757 21.27149053 20.5766531789 19.4244470609 12.1777652689 7.17916705982 7.8549191127 10.7114810403 6.37389952712 1.62953630228 5.1351292154 6.29356636568 6.01488228966 10.7196987055 9.63520643217 10.9679505136
-6.50531326038 -6.26544988695 -3.71774970381 -1.09682446045 -6.44021623778 -4.99499080173 -0.506100900455 -6.34046776863 -6.20129830652 -5.92198561744 15.2037251934 15.4501278206 15.2791485171 11.1897792156 6.20922748208 6.72762970678 9.29833546122 14.321547936 14.6808620363 11.3827745458 14.9330685148 21.2378331842 20.1779245558 14.7018520237 16.4941778615 13.9821130901 8.1384963723 6.75142125462 4.48964224932 -5.827132655 -6.50117571894 -4.35850391504 -4.90354819785 0.969417418037 6.31841412293 0.614252165492 3.07124066202 7.39457251461 8.33141406243
