-154.2825957 -149.545825174 -152.540537709 -150.832597922 -148.99988019 -145.123137476 -142.867727979 -137.01173055 -134.118767014 -119.701807663 -70.5927977235 -34.5148499275 -19.3161553335 -17.9566233644 -27.3265653861 -41.1844962288 -44.6494247751 -45.8593406353 -61.276873591 -86.9253798395 -49.0558773532 -20.558944535 -7.35347298499 -14.6809761627 -57.4668955973 -114.212053802 -133.546409477 -147.932353289 -149.781347744 -148.784305767 -126.517259032 -114.557114734 -131.86558991 -142.436955161 -155.103752183
41.4169781803 44.1327335537 42.7012558008 40.4679578535 40.9297542734 48.4977151402 56.5092656612 58.3215298288 60.6812341725 60.0386469947 58.1840481436 46.3587675128 38.6675654695 40.0866703483 35.5626795934 28.4977697846 31.4462523662 44.4049613155 61.3759556201 68.4789627871 73.3613445499 68.5955196304 70.4551274834 71.1939457217 63.8773552864 59.1303207057 52.8388429618 42.9769251493 44.8864102757 44.9228864369 38.8851214481 31.7573772769 28.1541809218 34.4803097817 34.6850450963
9.0137614425 9.63597197736 9.3785818982 7.54270871909 5.62265943218 9.00242461128 22.4452086401 24.7908925725 19.2647585611 12.6771866744 1.63986373522 -13.2033475417 -28.3745086296 -33.8975124275 -38.7605322606 -38.2446189153 -34.7080881584 -37.4482641597 -28.8440685525 -13.8434730112 -37.2307516167 -55.2940466763 -54.2142255285 -33.9784349666 -10.203942131 6.38359784375 9.0784269614 10.5741625586 12.3189812516 16.1450758811 7.06901121618 5.37559903562 1.06208098766 0.626848783045 2.11339838792
15.0864600555 19.3052979315 21.2828542629 20.8623035095 18.296366587 17.7711202454 27.3836424644 28.1494334332 25.1500109222 23.329344892 29.9649392715 36.6680855228 40.4265483449 45.0212329268 48.6129841751 44.5401443779 45.7242213595 39.9456271936 33.3906704034 19.6715965818 21.0697967584 29.7912212956 33.2105448814 43.381075414 43.136595373 23.6965499588 22.1401847316 21.344675992 18.5306504347 18.3090796493 17.838608951 20.1938393187 20.6851815532 16.0262182708 13.8156549337
0.920551211267 0.430980552033 3.84613242485 0.550144853385 2.29583423563 8.65614574609 13.1586070111 10.7608728195 7.84344526494 9.1643441082 12.7504831758 11.177435178 1.99078278743 2.65079819297 1.14725643302 -5.64518382323 -1.79326457024 5.83570452334 7.87875848558 7.09760448115 -2.16599128147 2.5970494643 0.796257783982 0.935424849063 6.33648089626 8.51218250752 3.7615955782 -1.36774802634 1.02219757986 3.82300074413 1.46680215739 -2.01387677562 1.01841050092 7.35621012553 9.02852245477
10.9439352714 12.1277499047 10.0879339954 6.88135750553 12.9912405841 14.9821550647 15.7418808159 14.9493129868 11.9969360351 11.921584315 9.58686676035 -6.21960293995 -22.7801405373 -24.6238418771 -24.3619674278 -25.8881477332 -19.4190738355 -9.26776942388 -6.70073130478 0.657734411901 -15.0108795467 -24.7034579853 -26.730218118 -24.0448522146 -11.4110657258 4.51255045257 3.57155837808 1.68463604647 7.43161523924 10.1942354615 14.4550733772 16.0223616425 13.7310592788 10.4740690284 10.1175136049
6.0504057806 4.96053345681 2.42226210198 1.80188224094 7.14853157462 4.19067423736 -0.730797407624 4.03730571791 8.86176871237 1.79784775682 -5.4825045268 -14.7113727343 -17.7206411156 -10.8736946895 -6.48670972537 -11.227739214 -12.9997445084 -10.9607714469 -9.69456833279 -9.52129003239 -10.5478807807 -13.3774990411 -16.1608576542 -16.5973414712 -16.4146510013 -6.53187274837 -4.64618811642 -4.93239254749 -1.32451028587 -4.56910728805 -4.91148159948 -3.49851165396 0.754726862223 -1.91649743739 -2.20808030964
3.55603129147 9.23166867674 13.6410918536 10.7667956065 12.6963804407 10.9589158859 4.64373762007 9.11096759885 11.9396360254 7.88447331328 11.5410423574 14.764969971 12.4292612366 14.3230553181 14.9833565871 5.59244888685 1.7125633371 -7.2809701956 -8.27459199583 -1.00947371537 -4.87667200975 0.269608904998 5.29223036129 5.80727036309 6.38230421524 7.28831576631 8.20816482459 9.640372233 6.21962043324 2.5091147166 10.5743210124 9.39727716858 12.7099684757 14.9623377356 13.4653583279
-2.11541167838 2.53543328638 5.71859810043 2.69267183151 1.75972371155 2.60284189531 -1.18490059053 0.0596143873693 2.23133623657 4.32529876326 -2.31874183946 -12.1206383425 -17.0347325715 -17.5809326932 -14.6369226481 -12.5824495318 -10.5914051729 -11.2199445591 -6.60285290016 -2.90102092909 0.326638334197 4.70649552849 1.78605513387 -2.71132216457 2.91005630854 5.68430838209 6.01900497221 3.53685670384 0.691243689978 0.321295265439 2.37765911207 -0.418639621806 -3.2083213458 3.20942713046 5.66672551113
3.76151809825 9.92890193473 13.4878571083 11.083188934 2.03254725493 3.03213110357 7.85867645283 11.8912932517 8.9890758126 11.1768047955 7.86891994678 5.67257679013 9.04206621405 7.89665202231 11.4817515126 14.7640109041 16.9888290159 17.5086806286 17.7891485063 10.9218893478 18.4051592229 23.8715177692 21.8926434517 17.9873799397 13.1544101367 5.4187826265 8.16975417633 9.767315015 8.15688635393 5.35865510576 4.34702898127 4.73579639415 3.52357961507 7.44063395838 8.52017405004
-1.88900723711 -0.14802633846 3.0772739265 3.22705603046 0.34947892771 1.29090085674 4.08788753523 3.9920062318 -1.58111802981 -2.6523606532 -12.3440442084 -19.2640425874 -16.1492397032 -17.7619048877 -17.6614016431 -11.7399510516 -10.0022474655 -9.58545464141 -3.30475902733 2.39629415156 -1.56764611442 -3.82865291096 -6.93703526297 -10.667542942 -4.62474215437 -1.55347734614 0.448821063674 1.97319612989 -0.157283565985 -0.942911326507 -1.75470417462 -5.53050880641 -3.41579133496 3.26129733111 1.69232649692
11.6486518481 9.19453165763 10.4421317811 7.6115126209 7.77731054401 8.0633470435 5.90114816947 2.17461281799 5.25226983461 6.7842353081 -6.39029188414 -4.18884817695 4.48498272404 7.24936411686 4.42855560426 7.34083469688 15.5924108921 10.7550358297 1.90565430046 2.94242866159 3.26518667013 8.54279578361 10.8459302745 9.42310433557 9.52155655204 11.2140073113 7.693150589 4.5463766455 4.11557997054 4.41307943704 5.58251970256 0.302899865624 3.061209977 7.27125803248 6.58671814523
0.136309877449 2.48002401732 3.58302445888 0.548566688892 3.90291397753 -0.219007630827 -2.13760764153 -1.94608892192 -1.66937464595 -5.3980541297 -12.235125627 -8.04225182398 0.310741206635 1.23060432629 -0.321562042 -1.3647022618 1.54927793479 3.85380538144 2.71056763664 -1.63307205857 -3.97046630219 3.29159211539 7.0221642183 4.30071538863 0.87180343349 2.3686800148 1.2923106817 0.934334914111 1.78034396428 1.23270880145 1.25308188541 -2.46281463483 0.328265505785 3.04475458828 5.1508956072
