-334.655818379 -330.006749512 -328.452549548 -324.912371817 -321.569972032 -326.70200087 -326.737940744 -312.731950078 -305.491809101 -306.501812027 -244.157871623 -174.124604158 -145.124336603 -119.216480157 -104.58139211 -101.448180627 -109.175378833 -119.481594575 -129.382051032 -145.606361054 -179.32450504 -199.668748409 -200.75573804 -207.600471247 -208.630338488 -224.141997338 -265.001787454 -302.734809303 -320.672397601 -326.381662526 -329.60706341 -319.534751131 -278.007027631 -271.717470001 -300.103828375 -322.974124272 -331.669241068
43.5651605301 43.9839774712 45.540713376 41.433126698 39.8047197266 37.7107484361 41.1758532496 61.5188733238 72.2871595529 71.4726090542 78.4967829728 78.1811702371 67.4357005069 55.9646409408 48.2224456866 36.7464579978 25.5865995695 26.3770122848 37.2848794239 58.4722530092 77.2534758272 80.5091726783 72.0828133197 61.7415737078 60.8148320529 64.7027252034 61.9159802801 57.9551489806 46.9857248602 43.8141901383 40.7757265224 35.7379270168 21.4012301139 11.909353545 18.487167863 38.4773189545 35.858508056
12.9133390469 10.648453597 10.9446406963 4.68547471882 -0.706336945191 2.66753877682 4.36104435863 22.8303145523 29.4533436062 23.089358937 10.0949023501 -15.9396364695 -34.7473853616 -66.0372521883 -84.0114085901 -82.0766379629 -75.0820775029 -74.239493563 -79.7943419191 -77.2036492315 -60.3719313247 -41.6660300363 -32.535341935 -28.9232357642 -18.4838863881 -0.388254239014 14.2121150467 14.0510229078 12.6485360259 13.1225106128 10.635773429 6.42019421258 17.3126966673 18.7719878635 13.649308224 9.09572973439 5.51831381697
17.4790530038 17.9254990801 21.2231108616 14.3790350557 13.8195283698 19.0927195706 15.6895638111 30.8823270513 36.3292364407 27.1349945059 36.4037347885 46.9232307261 60.3377896523 65.7781237533 60.451079107 63.7962361088 71.5486083173 73.7817993615 69.2691110351 50.6556142163 30.4584783267 26.4425812758 34.381205261 40.2338812194 46.8845105356 50.1690100595 40.1549201771 24.0558011748 20.4576439274 19.5017419533 19.4663277004 16.69173075 18.1563566949 18.9948271882 19.8152184353 18.8881389588 17.9807617627
5.22962339187 7.20016707216 5.95558200751 -0.577118040678 5.24647516636 7.18582933355 4.89101234186 9.86052111041 8.97541119177 6.97309404611 2.71248129894 -2.51667287607 -5.54405021599 -8.56051932441 -19.0672119047 -26.973601676 -22.942569567 -16.83820318 -6.91107927183 -1.60320159844 3.83072927063 1.99197535349 -2.67801341638 -8.16514398048 -6.85513538097 -0.353642498359 1.99792657278 3.71843712041 3.41465692409 2.2167231164 0.557576238418 0.226276116015 -2.82703925855 -7.87451312077 -6.37767915455 -0.897822308883 6.63798750468
17.2996215256 14.6381242224 8.99546364899 6.73086093791 11.3242211367 11.257625515 13.5607972148 15.5534174766 9.84554570049 7.81546914457 8.11346551487 -3.53243600888 -15.0555894516 -23.3422083941 -22.6446711801 -15.5086316913 -10.6433306175 -6.33959730257 -5.21720044387 -3.87809507261 -6.94293665254 -10.9060609897 -14.3926150073 -11.8497070413 -10.4918806535 -8.7324741047 1.02673772307 6.4739588076 5.95979568242 3.61546025079 5.37553140981 13.6348598081 21.8154081381 26.8850510954 32.7446445689 18.5789346672 10.1910902056
6.38902992432 3.92738286152 3.3098167786 2.48262823112 4.65171152778 3.79642804052 4.6595878054 2.25102791854 -4.41698491408 -3.37082452261 -30.3855994573 -43.6791539009 -42.3293614838 -34.9860443837 -31.6334200815 -32.8186888104 -33.6272410159 -37.6787361327 -37.321770925 -28.7804048714 -24.0273857282 -30.3590141421 -38.2524504783 -39.967461541 -38.7601278109 -36.2443619943 -23.2782660061 -6.56713176736 -6.02831739097 -2.70791646566 -0.250862315443 -2.27214621941 -29.9562551451 -34.9350812838 -14.1829282748 3.05379588164 -1.92925240778
11.4628461048 9.66117651265 12.7652355752 8.71047048812 9.07634739988 11.5916678219 13.768281567 4.87329793017 -1.753658726 5.64551507302 -14.1805102968 -21.0754930783 -15.0701904607 -0.885597586783 1.0574825198 3.63761294899 5.56787146935 -3.12011834321 -6.54011939099 -10.5202339153 -8.94822263634 -9.25059298687 -5.04612124632 -2.66866334562 -3.78663601117 -1.66334038341 -0.691526922406 2.57125270785 1.81236290104 6.30437637825 11.0112408375 12.5019419038 18.1896696488 16.3974047556 19.7987602261 14.3506730192 11.3954718195
3.96564788331 3.67879260107 5.65792507611 1.82527311132 1.80296031066 2.42219422317 3.80526131089 -0.339522337458 -7.57449386117 -4.36559744748 -0.990127594612 6.67273797029 12.9531143681 23.4489967223 27.2078653888 25.1945202983 22.0743879183 16.9867810922 17.2103697799 14.4730712677 8.09836073034 6.81382715808 15.2257820877 14.7644566308 7.92475910627 2.69813857169 -2.84277747172 -4.41494495874 -4.17045652894 1.457591184 1.43024611233 -3.34160658687 -7.94088429368 -8.68713588007 -0.134075181351 4.36318850785 3.13383685657
5.39441936222 9.30962730681 9.30128781995 7.12048448781 4.94962330726 3.60443660182 6.49613397699 1.91433791029 -4.91339073771 -5.18896203823 -14.3822823035 -26.745566837 -24.992820674 -15.6085706752 -13.7609894818 -15.3051805596 -13.3042709472 -12.7819281342 -8.19855672642 -4.08995716172 -0.532979366466 -0.840629639513 -1.52069091045 -9.81224770829 -17.4022614234 -16.0465249546 -6.88645694028 1.00379576004 1.38107352475 4.45393216367 3.88640901819 3.07577035636 0.534339479769 3.28633248446 6.09988705363 9.93496048684 9.68578073066
0.323387347194 2.77682555804 0.850607076384 4.11029127122 4.15251381228 1.50608716973 -2.25061588581 -7.38816700306 -6.2626776777 -6.96389824681 -18.157054559 -16.6902051166 -3.00889574389 5.37280258272 2.46037445662 -0.469150406966 0.894567109352 4.05188047489 -0.0378202949939 -4.21236804285 -8.91890552013 -3.39758061842 -2.82007628674 -4.34710043472 -7.29573400527 -5.37411756358 -2.647912376 1.04765105634 -0.209326005135 -3.14309392579 -1.53031641984 -1.71308421581 -6.02255973213 -6.6950669386 1.35670838582 3.44691173001 4.76431620911
10.560422755 10.0240534098 7.68236076355 7.05705767577 6.9894544922 6.56139195266 2.6778989258 2.38425582033 6.69197855507 4.27630639798 -3.3691172546 0.708165350406 11.9937004242 21.2558950878 17.0977962412 11.4709339984 16.1819331121 21.0765962668 14.9289610856 5.73459243819 -0.0271418132262 5.05359288052 8.71493613602 8.70673686444 6.87002818394 6.05069544382 7.18132621525 9.28831679348 4.24362239872 0.879132400851 4.05625891675 6.12043099386 4.22525180863 0.669789644755 3.71276054272 10.3099091252 6.08241572247
8.00641478931 7.26998061832 6.43030226773 -0.083107826402 1.68086419003 6.08146739192 0.134915571561 -3.93201551707 -3.45099855467 -3.7479628782 3.24102142461 -4.80874636841 -1.51848684574 -0.606254350175 -3.23728720306 -5.77766964833 -4.75891813491 -1.18290170062 -3.37442581113 -8.5068330519 -9.73656105073 -3.23416446228 0.191066714496 1.63331134034 1.58882200709 -0.747725397282 -1.85705907426 -1.3425472495 1.03278660379 -2.05658505231 -1.96951167853 4.36235462652 9.27887214975 9.2076768702 10.411106385 7.00214963204 3.56054567797
