-334.721437588 -326.399176773 -323.129903281 -317.924947059 -316.805476076 -319.138788483 -313.695709257 -301.265050937 -300.133449795 -309.517862339 -293.88179074 -273.229623768 -281.457737172 -288.761098234 -204.079611383 -114.191047274 -70.7928125161 -59.3398291308 -61.4812037797 -65.3248591915 -77.1380360417 -86.9878781328 -98.3210270682 -118.706167891 -112.650533405 -95.3223871102 -97.8545364367 -113.148880276 -160.981329913 -237.352585728 -269.037094394 -289.882471373 -291.461432512 -251.276951253 -259.377767378 -292.633749235 -299.531459935 -308.208757453 -319.047372943 -329.806647952
26.4561343327 34.4448799633 38.8847964878 41.2585286822 40.0082915658 36.310046413 40.3470654093 54.9284527443 57.753829394 49.4292472564 56.8085797034 58.6316649008 67.1560658825 68.7199256775 71.137564408 74.7615771985 80.1772636476 81.8205615645 70.206639035 60.6706008822 61.2907381901 67.6859763413 79.3674008132 80.8333845505 76.4774009199 72.19915431 71.4005713534 84.9640573 97.0817597918 91.0593111549 77.9497688653 65.6315337619 50.0452524162 39.9262391672 32.0559095647 22.5875151825 29.6537703408 42.7358105151 38.4853720552 34.3129523057
2.61970407815 4.93458958172 8.02130505332 3.49527387202 5.41481642179 4.24749329111 3.77939260324 17.0475548154 23.4215387926 15.8591689418 25.6996454698 32.0092523025 30.1130362871 26.269134034 7.17383355953 -18.3375906172 -38.074078276 -49.9140491242 -50.7900818328 -50.3589834025 -52.4403892064 -49.0037894888 -48.959253152 -50.3145124109 -52.9936991436 -54.4066842797 -45.8990440998 -28.0580896023 -10.0386474577 13.8796458502 16.0295962281 14.6191858866 13.3621753654 12.3935336584 15.844857088 13.4171000911 9.23543929303 2.42386960316 4.09980813286 13.6208384123
16.5047740678 15.9773501081 14.3432725183 11.7962746631 11.4633161389 12.7381093784 13.4011928322 21.2131934081 25.6969868895 20.0240525423 27.828389247 35.8182832583 34.4380764607 32.4384896885 40.674415897 48.6221346678 43.8849817852 36.619566095 39.6149426189 41.5922402647 39.4777483234 35.1889338212 26.1204141513 25.625375159 29.210132854 33.6201302523 42.4633329641 52.4982717265 50.5558948335 42.4037401494 36.397849241 26.2775952628 19.2166611159 14.7558308333 14.6230629618 19.8117454848 18.1146683235 14.8555027065 14.36355665 17.2155502865
10.0235129342 6.95062703123 -1.37371511817 -3.6901739365 -0.366401388729 2.58113618682 2.32917317358 8.45646236008 12.8314319571 9.21147056022 10.3881421776 6.68109020521 10.6864198153 12.43655911 20.9495514288 19.0863088413 17.2657662779 15.4838153316 15.0526274025 8.12767038072 7.92404797989 12.8460503762 10.7185391906 14.0648518513 15.0559466957 13.0688591796 11.6646623597 16.6429723186 25.8301962806 30.8930971145 25.5999306091 15.4342479586 2.11329253597 -14.947685702 -13.561135742 -9.83100607254 -8.39808188104 -0.362786987915 -1.1953391097 4.20942782041
11.2768794974 12.2334263502 9.08056974002 7.46819571636 9.91138569351 13.3885120066 16.538587743 17.8001012437 17.8841177759 17.6530551199 22.7316996936 28.0212418932 16.2581518371 12.9102435198 20.8475369197 8.97673541007 4.34623745911 0.954201006401 2.25121717466 1.52950973421 2.76667617123 6.35331546049 8.24084292243 8.08110091566 7.16971292541 3.43713257716 2.68909808272 9.74447600542 15.7147109857 14.2949778984 12.220211637 11.6450801399 11.7897647686 13.0656384717 22.3202017431 33.3255036661 25.6095849273 9.63112851225 4.32647825876 2.58992714778
-2.3619869885 -1.49977346668 1.64166750074 1.13285483354 -0.795943027591 -2.36690076549 1.90916240112 7.41099575926 8.11339122053 9.23634186907 1.17379500704 -4.06856256429 -6.20051481657 -1.32122322756 -29.1127967214 -47.1248636615 -48.8423755919 -48.7983215799 -52.8549239624 -56.6776669277 -58.9329759396 -53.6995483795 -44.7437053663 -36.8612305329 -42.5021174975 -47.7249307912 -51.2807241151 -49.0761336382 -38.7815671326 -20.1740415028 -16.1151727103 -8.93720459485 -12.5224959397 -27.6393128539 -26.1776743522 -15.6532732384 -11.9087415444 -5.53543323505 -0.852507887722 0.907099944717
1.87168139021 2.88963117832 6.68759970191 8.49371900838 8.98717017831 4.47166003357 5.9698250236 14.6562406914 14.5052801148 12.151772156 11.448979574 10.0069140238 8.10482021779 7.09749699519 2.60037991411 0.363389385732 1.82598030557 2.2929259177 5.48181685808 5.89775772668 -0.677188348404 -5.07706440944 -7.98194409866 -10.1247112249 -11.6807564315 -11.559393336 -12.0482718048 -12.6751748365 -16.2271197919 -15.2777565114 -11.9483364516 -5.95846922817 2.59406906351 15.1263640913 17.5307344688 9.73895616141 3.98029742451 6.10933306252 12.5071872197 16.4141478626
-0.828835265695 0.242561740027 2.14542338032 4.82763201774 5.75757653408 -1.82365779395 -3.17688976856 3.00453333025 6.58721169496 6.61652187676 5.20974244515 3.34667936266 1.72693977796 2.38379213195 -3.42108480782 -13.3075778973 -14.789905278 -9.75363723568 -5.24359266547 -2.85895668135 -7.4988936587 -13.6022167933 -16.3287977667 -15.2337014675 -10.2710375297 -5.35945367205 -6.13615667492 -10.9075606473 -11.1350606239 -8.82871027124 -5.71040282893 -5.37507262366 -3.73757175364 -7.22803040216 -3.46562149355 5.46680888499 6.52711153124 5.56615000598 5.27416663841 3.69192995844
8.50730094273 9.29993701145 9.36782154641 11.1644884166 9.60710134981 3.16347208173 5.44842072657 6.9942622531 6.71137073829 10.2986903638 12.6563543631 17.5173548775 12.4410006963 9.95517043457 1.81319873233 1.74052774787 5.11349481781 8.9577786853 13.6467353511 12.2809738064 8.89720052727 11.7671295709 8.27580634056 5.64078007857 9.97544420543 11.4061510198 6.02253775446 -2.95771301689 -5.4251452762 5.64977454765 7.92717435831 3.63608624566 5.79324267171 -2.20285706376 0.916666161041 1.89082372722 4.2229041394 9.32134628943 11.853954483 5.24460334578
-0.445575962915 1.35387801354 0.418131222211 1.7141885292 3.84178874996 -0.290913881474 1.65084217977 2.96568373022 1.20517757318 3.80286895578 4.94452260025 2.55223827044 6.07014598716 8.98235868423 -10.8770600725 -22.0357603386 -21.7929160607 -17.8468605516 -16.7742902544 -15.8746292329 -14.4441632055 -8.64684144535 -8.85668370197 -6.97090204359 -7.89187854389 -11.2670942135 -18.0747230827 -27.3702210188 -23.4442966301 -10.9426878695 -6.64674228616 -2.77009477231 -5.12422983685 -8.89279218775 -1.09024714195 8.85103843057 5.13278678774 2.66063154511 -2.08030071447 -4.55818561761
7.42226319069 7.53703813726 2.77575419601 2.75656500355 6.97435163583 6.56120945513 4.87104301914 4.05012911975 4.35252852432 4.42024801382 4.84199031598 3.68946776028 6.24060240477 6.11340400874 -0.907909338754 -9.29865062988 -7.4100545453 -2.72727261144 -0.7788540508 -1.86941382488 3.43409039951 10.7888079203 12.6198774314 13.2345689947 10.6410890747 8.40802903398 7.71654517764 3.22453416405 1.29667292498 1.19878629094 -2.28122713171 2.39329078364 2.1430152518 -3.13462300673 0.27891759105 4.01659594016 1.32897426423 3.70853929583 1.73393431792 0.176640740073
-2.1612745365 2.72113082295 0.366180173084 -1.6701641109 3.55959914193 4.28011245414 -0.317965785137 -1.86400277601 -1.06587249907 -0.931422729614 2.06879574127 3.13559169613 -5.31803120854 -6.75285749523 -11.3183105447 -10.5878602236 -2.7365271921 5.14170022621 8.17640487468 7.44949687376 10.4019032192 6.31154933853 4.23168085346 6.07625137176 6.48409547348 5.51848488512 2.82209775445 1.09420403499 1.68663268597 -0.435357249816 -3.10986705379 -2.57987437202 4.06266914042 3.26698430763 3.65221252938 3.54692845109 0.147032680844 1.81539329015 6.12354478221 4.32584757872
