-123.651239797 -117.064217195 -115.734214607 -98.9005146021 -92.51360686 -96.3600634781 -94.2927420785 -97.6391737428 -107.708253755 -98.4377554309 -64.0564429166 -45.2416532716 -38.2574734002 -36.1773832537 -40.0872073369 -40.5171941245 -42.8908944032 -59.863588623 -75.6967874799 -74.1692451783 -55.0138106014 -40.249400093 -35.6752361033 -50.5687884872 -66.2019637029 -91.8997456122 -113.139481791 -115.726436545 -112.813899323 -114.487774475 -116.443586243 -115.357640947 -113.777536059 -104.641987489 -104.933364607
53.0271880475 51.4349161268 44.5985509451 67.2568269695 77.1045070942 72.2860706644 73.471993741 62.4622854652 56.631584804 61.0226326451 77.8677051449 87.2607044049 84.281142978 81.8240185194 83.9983597718 85.101698065 85.1206335764 84.3471982101 80.5069281495 82.4740244211 92.2260835313 98.0126990352 95.7717599635 83.6928633093 82.0374049649 70.8485069617 51.8542451645 43.33185991 47.3664912059 49.191709181 46.3479595759 45.0709722923 41.6321530447 35.5520073892 31.3338110224
21.73858029 17.6894512734 12.775552225 21.1647758607 27.2402460313 31.9036759235 26.8223044261 19.2500570802 19.4459087646 18.9864140203 12.6819902481 0.411413323219 -7.84217923949 -4.09820126602 -5.58852944483 -11.1286285432 -12.8691212479 -3.2567480175 5.68614758093 5.23306395875 0.651149555996 -7.48673807496 -14.0043228664 -10.3075578539 8.87805763058 18.3939247335 14.2179741036 8.26760152587 13.809559539 15.1161461327 10.5943115368 9.53588121038 10.6691100868 12.0892748435 10.2604386775
29.0390366992 26.2023844106 20.125980259 26.413665131 29.7524777343 29.8860705107 23.2141968726 23.2505478638 24.9023045932 27.3365646986 23.4816319001 14.7388992839 14.6694427775 17.6330050814 16.484264871 13.2298634528 11.8387737842 9.15163876146 9.11414416154 10.0898614192 6.65760692151 5.01414580907 8.64310409228 10.6457264172 10.881803763 14.373262198 16.0191469873 12.8205141768 18.9018977487 19.5014215249 15.2793330483 14.7591741265 18.0824858141 19.1332538494 15.6941433552
13.1998101999 10.9695292268 7.71909907747 7.85370168769 6.28362537763 4.29924015913 5.88838192809 9.52727777859 7.47467994325 6.78798413813 9.28105073272 14.9674372916 16.5675547909 17.0030708565 17.7191991552 15.3331700875 11.3653820557 9.41509128599 8.80961262604 11.7837580348 13.4286560505 12.1596282136 11.694515681 11.3589774781 5.74968805104 3.13408890998 4.09707697518 2.29402476769 5.51952926938 6.13807438584 7.22561025615 6.06064426322 1.50395735651 1.83483527159 0.320244119562
14.3699274531 14.2414957832 17.0070739943 13.7937656867 9.31424148088 7.00745975651 8.73837485065 8.82982312849 8.92505815924 9.16008912991 9.59089827597 4.56913403678 3.92920629381 7.76755008625 7.61431173847 4.87292207892 4.82224325947 9.68334920594 16.1133394239 11.7800804241 11.8173708875 10.9624278272 9.46783209707 9.04084478791 9.18954818501 10.1898243146 11.9861930733 9.16668122679 13.0954445054 15.1268229309 11.7866028372 10.0662923894 10.5764247759 12.2906474793 6.10404980668
2.28553540913 3.13796066232 7.7553995065 4.62737251246 3.24188028205 3.30698335102 0.841175644338 0.907995999504 0.698003545343 -0.736817067541 -17.444148355 -26.6297443604 -26.5859787062 -24.4016230313 -25.6253158597 -25.1878826325 -17.3618029288 -13.0458517925 -2.88132221912 -6.77939578418 -11.3473669253 -20.1388913246 -26.8938660087 -21.5092502321 -17.0018919769 -8.98854807912 -1.12334973713 -2.14293320218 4.25623802805 9.54212280446 6.16738527682 3.35994724932 -0.0353371659645 0.940985228099 -2.74857379888
10.6173161321 15.8082710396 16.8626999991 7.99756865027 4.2795964953 9.09388709733 11.3761624226 8.73050463221 9.29241057267 6.32957902097 -13.4423111945 -18.4154608981 -14.0996806527 -10.152927448 -7.49727552925 -5.93936057056 -9.13450427081 -8.51967062417 -3.14512604049 -8.03354467513 -14.1655945674 -17.2745382376 -18.0697510587 -12.5494597029 -10.1930747736 -3.91126843258 6.099248751 9.21341120026 11.6239479962 14.1613103312 15.0977457185 15.053561326 9.57282880496 9.0759218804 6.65785827134
4.32728545611 8.57040522442 7.68875438655 -3.97969246357 -7.22082392876 -1.70397893648 2.8747642341 0.165602726091 2.31075294406 -1.58406111072 -14.7248618482 -15.5625636098 -7.60487956492 2.08704739754 3.42497739259 1.75433990277 1.56089146945 0.532348828344 -2.10886098463 -7.78212208891 -8.995677642 -6.95203005943 -0.329165336249 2.74931479811 -3.61629808034 -1.27339433312 5.28732231784 5.66399172655 4.08072807537 2.37825630522 0.899376143365 4.71548785067 4.12417869596 -0.451536125147 -0.388944886405
7.5890270698 9.13818410246 6.26213482405 -1.25561751649 -0.0232218730659 3.78343674349 7.88483343881 6.9821325288 9.59039347812 8.54419988032 3.99308141399 8.02193921133 18.7315659115 23.5272558956 21.8937969676 20.6723122346 21.4751013598 16.5447555328 14.6084764703 9.07151522368 11.3153934129 18.0632758493 23.0826307633 24.5231688939 20.0423684818 14.7569170761 13.6779203438 11.5009939085 9.25004881246 7.57057874048 6.04947060031 7.86591023508 15.3829596443 12.5868910391 6.03275623358
-6.51172683929 -2.4330379788 2.2624036355 -4.09581885872 -2.88851561687 0.17318434315 -0.0887898311424 1.92775360649 2.70393261602 3.59326234459 5.27083139714 10.0198157962 10.7652571326 5.52763875215 7.02517334177 6.79205455169 8.26078522991 10.2403245571 13.0758039489 9.81514349852 8.21341105565 11.5078272124 15.2144195501 16.9388587043 11.9240431933 5.56741292905 4.74575491032 4.21303454754 -0.0463695560656 -1.85398495891 1.12958082031 2.82759159456 6.28183561985 2.65008617736 1.17283019826
-9.25068938028 -0.245237451427 10.4947836434 8.49409809339 6.82424328322 6.69815254305 5.17417347078 7.27866187362 9.74213317121 7.36273446107 8.19838185105 10.2055482622 16.603114789 17.2584984424 19.9633594365 19.0079031783 13.72310664 10.8751908947 10.3611967657 12.8032356454 19.4308979898 19.9465111018 20.1228664164 16.6276524862 13.4936412761 12.605869165 8.72697859994 6.67510686494 5.386426732 7.62876519725 8.9749795208 7.78906418946 9.03182291127 8.01407305139 12.8398264258
-7.87780383671 -8.70560712481 0.775738327374 3.29157499319 2.32440348908 -0.0704226135375 -1.00984272843 1.17176567931 5.16822452302 5.71649149395 6.43725447155 1.37552038115 1.13081562319 1.02349865363 -0.940610685745 3.50652786165 0.487086547226 0.38661579066 -2.519786095 -4.98014932654 -0.236530430466 0.365430710301 -0.340594406852 -1.23303239363 0.180693540148 3.05907321625 -0.827563481745 -3.02456218975 -1.44913896924 -0.603010421487 -0.495309288699 -0.953766235367 5.22811648633 4.37770881707 5.49632664293
