-231.306263651 -225.124232733 -226.830607864 -223.753660537 -218.747828595 -224.800446506 -218.376973119 -203.786947258 -205.098928537 -209.776743111 -165.994640113 -77.9211893988 -41.6940651939 -28.0952473145 -34.3720408152 -49.5820053912 -60.987268884 -67.1573790331 -67.8887526428 -100.972935414 -112.872900227 -57.7609987992 -31.8677690674 -39.7660573531 -79.2781248692 -146.031313528 -193.672141143 -206.52878072 -216.286938846 -208.065898949 -170.607395545 -160.787791976 -175.537278718 -200.686585008 -218.651752279
37.1070755575 37.4857958308 35.0910952593 38.7991729955 42.2482601248 42.5824362473 52.8840085281 64.7951789456 63.7372919801 61.2154672202 62.8760691205 68.9377846868 61.5839157443 53.1419350826 48.609859642 39.8605844061 32.4743210442 37.306460736 58.7169608217 73.3438363819 81.5802715744 68.05201835 49.3941637748 51.6513870221 64.0583614397 67.4560883215 57.3731108319 53.3760472054 43.5717342912 38.4653500513 20.8490705133 12.4935294123 13.6669360778 31.376229375 42.1295361439
9.91188115632 5.25205951393 0.896054618492 3.002449739 2.9695457127 9.87031147817 24.0074904219 24.857101269 20.2042036067 19.5439587858 6.93666170857 -6.99510154313 -23.8430687762 -49.7323362908 -55.8567495512 -49.0250323941 -44.384422366 -51.0232947529 -61.7686337346 -52.5725553337 -34.7613161976 -53.7758849483 -62.6852325754 -51.5397577755 -24.8315789293 -4.24188830293 0.909508200444 6.72884317146 6.11689336931 3.38326054614 4.47537632287 11.4127621442 2.64235439281 1.7145887376 9.05249795088
16.8413752232 13.2394333254 11.9011494566 10.9137318772 14.4791254861 18.0456230835 30.5094850658 30.4322125002 23.778599286 24.0461263447 31.5738353453 30.3449896592 28.5624622097 27.2775323302 43.0975818054 52.3011774412 56.5924591058 48.1627283423 30.6048772923 18.2140540221 11.8136459543 23.9666392783 36.2121276679 43.6697947905 47.3163096317 36.6631927117 29.8070927601 20.6167936069 18.8490452788 17.9506680609 14.5300302048 16.4817165318 18.6565911894 20.3460338156 14.4664381725
1.65588421883 -0.733981757988 -5.18987102263 -1.18218794602 1.51986102693 6.66100211358 15.5523209965 16.5043485138 12.777086835 9.40015433553 2.14687594673 5.37121059321 13.1074735049 3.8754426929 2.18610889966 0.924647144554 2.04691468066 9.99969089815 13.0725034649 11.9138128465 3.51431569489 1.26596392509 2.18929031735 0.721388823166 0.520184905613 4.77862829865 10.1211396501 -0.378304753836 1.94424135344 6.03799969784 -6.27243436831 -10.6152838689 -4.30908453193 1.46727871829 4.63986291378
8.41193523166 7.61886881738 7.99127877192 11.7050762675 12.6178639933 14.1472071053 14.2066164187 12.7005953808 14.4909062252 16.6512651893 12.3954198577 -2.38237593446 -18.1591124749 -28.848368635 -31.9988241445 -29.1437785989 -21.7679056908 -18.6202619805 -10.7466147033 -0.236942411267 -4.86323291007 -17.8885351909 -25.2857420801 -29.1462055563 -20.3654523694 -7.28341851547 -2.22520001522 0.444693712746 5.632059759 19.8356204269 22.8908038524 20.7120039805 17.272334609 13.7051796769 11.7641884051
2.43938382441 1.87556901023 4.95934530545 5.0196966022 6.5513007878 3.26525936038 -1.47503423717 0.0132751266564 4.54018124373 5.90732831357 -5.22712756367 -24.3496777276 -31.93377078 -29.1730043202 -17.9878242725 -13.5659801144 -7.42292701624 -8.53691591989 -10.1203996703 -5.53569220209 -12.8003709445 -18.3083820448 -19.6102203504 -19.8385617061 -21.694492964 -16.6286190313 -9.26550272107 -7.49066100213 -1.89887433024 0.564231187906 -4.61946440315 -8.62510749782 -13.7523453466 -9.36926785851 2.99019902314
14.3194837059 13.3843016014 9.88460804837 5.63742281493 10.2608370037 11.6017072306 6.05670982935 3.30444700398 4.88419417397 5.32702028687 3.06645209518 -0.0672181130963 -0.157323543587 -5.07364521486 -0.0981786202549 -0.461820482319 0.957317828421 -1.6537197272 -16.1349499247 -12.1239993189 -7.96381474015 -11.2858471226 -6.6744572742 -3.83154998227 -7.00427453246 -1.14559279756 3.20071554183 2.88040999393 6.34712873254 8.15027856884 12.1706405894 13.0675441769 9.14665733936 10.7868807771 10.530570836
9.80902893474 7.70354729943 4.36221021428 1.0185273147 3.82244903101 3.59700162479 -2.09414699383 -5.19060897227 -3.72476383233 -5.01913633006 -3.94100277245 -8.41905317212 -9.44978995384 -12.7610108315 -9.31035481523 -7.6861996066 -4.0394145214 0.581678700671 -7.0829248629 -5.91016621557 -1.06511332363 5.65546840993 9.09895334701 9.36990251108 8.94294477232 10.0862762625 2.28777097947 3.02699011709 6.31689235583 3.59793427114 -0.990411980959 -0.550822109283 -3.34067715716 4.29444764423 6.46193002727
13.3182927718 11.7261312589 11.5810278046 8.24437676061 9.58149798013 10.7407204649 4.77028120403 1.36645026305 2.75785344256 2.2225479042 3.78111720694 4.30820449067 3.68856631906 2.71859983509 5.76544253482 10.0680317396 15.1169868085 16.5109353923 18.2641385798 18.2477560482 18.7184596781 23.9479655648 19.3621469081 15.8026187635 11.0524821809 7.37940210421 5.88690302147 7.90072145254 9.48277321961 11.6751744599 11.5385576436 13.0077588912 5.79196684253 9.23975015553 9.39391094869
-2.91420399101 0.504479440504 5.25784208131 1.4860795059 -0.151497251075 0.893935703715 0.407713670271 0.602777489144 -5.15136983919 -8.08342748502 -11.2892184229 -17.7302463562 -20.9597231062 -21.4785485771 -18.8970426115 -17.6099939713 -17.2921490929 -15.6988867805 -7.04782992657 3.49417918341 0.764227173861 -10.7129264826 -9.9041294715 -9.40012322655 -9.6894743565 -6.37521965843 -0.73906852889 -1.2201563002 2.4235227867 4.81940223471 0.0262796724954 -4.03183291813 -5.78421428886 -1.11174002085 0.496933301295
2.70062054653 4.7554149688 7.04040951443 6.54903525052 4.80849191975 5.82051381197 6.37231345039 4.85952088895 -1.34183939156 -2.548675514 -4.70486445028 4.54584259253 11.8304077826 18.918664687 20.0512155762 18.6733938761 19.2423659817 13.9509626819 7.15166839908 6.53910758582 12.7633990463 15.8368223915 18.6348227764 19.9989181506 16.0789152534 9.59359499119 8.58600534427 7.9524008064 10.4004545518 4.9575813415 2.81740896936 1.8111103061 -0.404254128632 -0.143973202751 2.3070536631
0.896098538551 -1.95740711534 0.871259114872 3.88676054745 3.29804691462 2.13465839475 -7.04129516274 -10.7484541091 -9.88359500716 -6.72743090293 -7.07365687607 -9.2684861602 -13.3295876513 -13.0180249189 -8.61650935763 -5.3964572467 -7.82380187614 -8.66891264649 -8.19425454591 -6.46749774419 -3.05677058488 -8.16623387057 -5.75203414882 -5.26839469572 -4.38692484249 1.16228809128 0.214409567393 1.61048635821 0.53788363568 -7.14064817583 -8.96646706065 -3.42521245684 1.60014501573 3.21823574104 4.43646933687
