-226.600516752 -219.780312959 -220.332956378 -220.567830037 -218.641733365 -222.058315978 -214.972040374 -197.848652142 -192.050310149 -192.486754445 -140.014543719 -65.3790945582 -44.5736131908 -41.2014206473 -40.5429190663 -50.9889272322 -61.3010423498 -61.4953506496 -69.011960745 -107.77003653 -96.02876763 -47.286523402 -40.5938614161 -57.6988939581 -99.3597668667 -162.812610761 -191.928969283 -204.922694269 -213.610147971 -205.965441493 -171.633847398 -177.731176981 -186.11555509 -188.248270436 -208.405399803 -218.998201297 -220.920535859 -217.540635792 -217.800115106 -220.13340405 -223.341503753
33.4862885025 40.9426913642 38.7417385127 37.1615862785 39.6713753439 37.0790931505 46.3060164334 69.9777657375 76.9418697615 73.5745053308 77.5155603753 76.5822197068 59.4178858937 47.4304200429 41.6787897059 42.1524316139 45.7032494028 61.1818505085 82.0688059515 89.7244609797 91.9620403838 80.0021264834 60.9214645804 60.1491103038 68.3666870026 62.1593902825 55.8538999923 51.8735598462 48.940728926 36.7384423317 20.1316393329 9.40918099128 16.5505857809 28.6651809973 36.8399543726 36.6344141817 33.7480462133 43.2164816138 41.9342118951 38.6800185454 37.8004139059
-0.0932321345212 5.33374697742 3.89825090726 3.25522580457 7.84823984758 8.02117777179 17.5323650416 32.5398368465 35.9397937649 31.0270815853 1.12366269189 -33.0935474295 -53.2084358196 -56.571845103 -56.1851877409 -54.3002871787 -56.6572293214 -59.338984616 -62.4767393329 -41.4975416788 -45.1507003073 -73.2861406044 -79.113560552 -59.2693159534 -25.476498663 -4.67154417071 1.33049382688 3.60733618778 5.42029873511 3.67248065216 5.18961857389 11.1684246021 16.0279383504 13.2019586515 8.71620918075 5.40593623846 1.60938453092 5.73571174839 3.86010574539 4.25289952252 3.75147264986
12.7146320597 12.8529450905 13.203258703 16.1140840697 18.8470403767 18.0607084815 25.1756810322 27.7583838001 31.617345439 29.4993604684 22.3454872836 31.8457579663 46.9541630854 54.2996708366 58.3426091654 63.9136795566 57.9151779951 42.2477695788 21.0540796756 11.4008321428 11.1092921261 26.1806991945 36.8896161727 38.2520436319 34.4075969299 26.4244019634 20.710770655 18.040450026 16.7083167161 22.1329559165 25.5332881087 21.9125456214 19.3606186833 20.9765514597 21.216520087 14.3756467783 7.63521225369 9.78401898974 15.7130392146 19.5179548227 17.4194317091
-3.46082136999 -3.77324372486 -2.6655731837 3.48821592895 4.07313673039 2.42102851924 8.83498754066 7.6116611938 5.32950868332 -0.679288944367 3.58296939019 -2.03232720552 -9.78991884508 -16.557117849 -14.321989451 -12.6152690075 -11.890138428 -9.61123459127 -3.45488300063 5.7835106069 5.49395477083 -7.33795568768 -11.8312837798 -9.3800568376 -2.4724697544 1.06860893185 4.23694350109 7.58080642098 6.29937188821 1.49721310589 -2.91488363469 -5.86943032285 -3.82097869681 1.03289381896 2.10515512924 1.91475083049 -0.791528793825 1.47489987595 5.26099421101 3.2865014656 5.01364363056
3.1829568865 4.57856350922 7.37514559736 13.5620063943 13.7435700546 8.60393885081 12.3225483879 8.63960334881 7.82343562966 6.82015622779 9.63638825181 -5.77472818483 -13.2394894296 -13.8032546101 -15.9493340175 -18.5813877597 -23.3144681482 -21.9745593629 -17.0480074106 -8.09563943819 -7.03023555429 -17.1446406084 -21.8406594427 -20.053202167 -10.3427232065 -2.56035808488 -0.413588293885 8.6193570967 8.67479897873 10.3510504003 17.6793603925 18.4838062207 21.1246518531 21.3379217714 15.4345011441 9.45200037601 9.2545514642 11.1513772812 9.13207233252 9.29143075874 8.83356646782
-1.3901971866 -1.79740850336 1.4159742761 3.65777183939 2.50827346367 3.91990153612 5.58961862462 -4.54496942512 -5.02169538761 -2.53558915177 -17.1144605386 -32.139069107 -30.9767251263 -23.3386453243 -18.7609445989 -17.49963184 -19.1107752148 -20.3752752747 -17.0146263877 -14.0285676021 -12.7702802291 -16.0812881544 -14.6778830513 -12.2575092182 -12.0367211504 -8.37548059066 -6.27064956359 -2.78389830865 1.97547478232 -3.18378158858 -16.8453385833 -16.8014806035 -9.58551816324 -6.59664035715 0.516640583255 4.64625679015 3.00859524516 4.10106516687 -0.686164451839 -3.7616096778 1.64561103665
15.1559618562 9.74749343848 5.50317138621 9.16153739601 10.6188345143 12.7620972529 13.8769752939 3.46853043309 -3.02436947149 0.299195419991 6.30298437509 8.76426561528 9.52621405862 14.7633507377 16.8677106262 15.6840599697 8.46285879356 2.78460795529 -1.24948749315 1.53731492068 2.80189439936 0.8660728446 5.38644845532 12.9497658904 18.0840282541 13.7346897872 7.27112379666 5.09971114971 10.2504974068 10.2864874156 12.1866067935 15.7133570005 20.6846961486 19.7806707421 11.1799962874 10.4214944901 8.41018361218 10.8571983493 11.1632997215 6.17572849914 6.53437945065
5.7411475092 1.88545471294 -0.444788250643 2.9346346194 -1.35704386874 5.21686408361 3.46814269535 -5.31715381272 -6.99977160391 -4.57878116498 -2.87473341146 -7.89218467892 -3.29084182027 -0.493102143705 -1.95851962552 -2.92727276912 -1.15812192158 2.32049278868 0.721782824786 3.93822786722 2.1381505041 2.98467329474 6.05240820343 5.75743117068 4.00042107139 5.24509720798 2.53566572696 -3.06305705876 -2.74460325516 -3.21030638673 -5.5635046975 -3.64561304435 -5.25098752158 -2.15453522896 0.695863774516 -1.04268737473 -4.53265277328 -1.89590896947 3.34024073126 0.861251040171 0.931605503338
8.79501550745 8.68760518423 11.3805287322 10.8132085936 11.3240726822 13.620046423 7.27559530517 3.9064252871 3.38899112741 5.101219532 2.8811227336 4.35713623264 3.48044373241 2.36470523209 0.617605269597 1.66652298849 4.96508343491 9.86387671721 10.5826042865 11.798900585 15.0482490235 18.5099688529 17.6894437242 17.0943881766 12.9451001303 10.8434420627 10.026299125 5.89584445876 5.97312454614 5.98434663541 6.288746533 9.32730399797 7.82087788742 6.59389536675 11.6665318615 6.98478732544 1.25330287288 2.37418722198 12.439627371 10.3764815555 6.74588585564
-0.858589814919 0.850697584998 6.28694312637 5.49904590997 2.04938921322 3.84936312134 -0.936705578983 -6.01616690627 -3.48983210933 1.15424102383 -4.82682965268 -1.45628426682 2.99671032713 4.7186122627 5.35495785754 5.45672864202 6.12534352859 4.91801891321 -0.621476385925 -3.93838280598 -3.52709635149 -2.30525282472 -3.69007982583 -8.95271287087 -3.95658591437 2.36160403263 1.9513974493 -4.12995408269 -1.46273841316 -0.408238170729 2.63865413818 5.68580803404 4.97705320405 1.37688856662 3.75045408428 1.21322755046 -2.62613320137 -1.56998319256 3.30819977422 3.6816690643 -0.755189343976
9.1960202376 8.89144193529 9.8982486673 6.9867049782 5.75251519811 7.21806562842 4.43716599389 0.188870031763 -0.0233709033828 1.35709944157 -7.59856779483 -17.1127001266 -20.1281264065 -17.138191761 -12.3563748598 -9.4067007677 -3.46523643048 -0.446521203019 -1.8860629386 2.50492229927 -1.11892910521 -3.42978644028 -2.11469446428 -4.37525853325 -1.67696823979 5.5083990544 10.0729457302 7.25871572099 4.02364675752 2.75342383175 3.73449088756 -1.09823397809 -0.70861931702 -2.90063667154 1.10529985989 6.02177858618 6.23385584027 6.3231203517 8.48397561343 10.2673383918 5.08215374264
11.5187311952 6.39446421372 0.295661174687 -4.43250979911 -7.65330055459 -5.40718000931 -5.62781654419 -8.17433140356 -5.28815221385 -0.576804018947 1.32060949508 12.0887559784 17.9498094641 19.481984308 21.5881054628 20.2181232669 15.5363958701 9.28816724529 3.96526067622 2.55340543153 -1.47793328392 5.62522150814 15.8180313598 13.4631800785 2.47491340046 1.42788435046 2.75668923977 4.39301481943 4.95402191874 10.2794767958 13.3485844965 7.35138992125 2.41010620071 2.21247502411 -2.82475653096 0.944372289912 6.31197333738 3.76492034259 -3.26727652283 -2.16496140266 1.78845981559
