-216.85759974 -212.695935544 -216.957177443 -215.635770313 -212.695842379 -200.653421447 -191.510003225 -193.667806507 -197.200095948 -198.913373151 -141.183737303 -65.4821343624 -50.4984159578 -55.8233585601 -57.2603778191 -51.6913371644 -46.5716761186 -52.2575232085 -57.7193252303 -75.6585185194 -91.2384921534 -114.612949103 -151.73110292 -160.556303586 -134.76294397 -117.33674626 -112.423375347 -113.633655831 -114.671418946 -118.674840051 -136.594998365 -163.313703926 -185.393849703 -200.715178685 -205.534002015 -212.412495392 -214.873029719 -211.956085121 -214.436819921 -217.606114056 -219.564605922 -217.219874904
48.8747038086 49.0083375342 42.7353334667 47.4012877078 51.865302627 62.0636289564 71.3690215033 67.658650268 66.1656244106 68.6873707741 73.8568309897 91.3196162377 92.7016273447 95.3980998716 96.6823844267 87.9895938949 78.8553682686 73.4467033314 78.2074847044 75.7485126921 76.7652490638 82.374765543 82.8376193472 83.9136650424 88.8728966495 91.0829113515 97.4989645096 99.5291976869 95.9915613909 97.3998686152 91.9707421091 77.2894754545 65.6056096124 56.9335827191 53.4350940453 50.668359163 48.318914279 51.5269855361 47.9970884991 44.8869361869 45.2067183888 47.1402362973
4.81726899293 1.70861525574 3.54105073348 11.7784478211 14.490146539 19.8134778597 21.2949544313 15.2978320407 14.0352261131 23.3277258212 3.64634557853 -16.0573189226 -35.6013103599 -49.3625219123 -54.1847735281 -57.4196706774 -59.8112302204 -63.4207861846 -59.0213973561 -49.5052691233 -37.6901385803 -23.3113502147 -5.17277706233 0.0521894405325 -15.0539831314 -26.3187356173 -24.1122513772 -21.5244183723 -20.4644478323 -9.90946115826 3.51453147668 12.9456257508 17.1131031125 14.3491920952 11.2429364303 11.3032277593 11.9311519671 8.467357962 8.53699427595 9.96990230837 10.9090065083 9.76068953917
7.81482415649 10.7047421076 12.9334128299 14.9588484446 18.7743225715 23.5833219063 26.6449212098 27.666269549 22.1689450592 23.8574176051 29.0464440458 34.7907843864 39.472147285 31.6872160568 28.7310534687 40.0911076635 47.6925729288 42.6967582276 34.641034598 29.3196127599 25.9674567834 20.751146945 17.2400970544 14.9671897925 13.2506270105 10.8809257186 7.99097249839 10.2879764905 10.1488021938 8.87443085761 12.4798312586 12.9890157006 13.3505442566 14.1078630929 14.0525972954 17.1445122945 20.3413100531 19.1498277151 11.5111575788 13.017088758 15.4054061555 13.1631145736
6.49770490718 5.74508512832 3.81077424591 2.53418776614 5.60752784991 10.312488939 8.09100965316 9.83342562393 8.61249498656 6.80583477574 7.29474067052 12.7715940599 19.470661873 15.2492233761 6.56311855398 1.84439300774 0.0778014938408 2.70327811338 6.85585430466 5.32176274117 8.08308488966 12.2058607597 11.126976571 9.24497607786 10.2093309775 6.85035388753 2.98096255808 0.0605276901232 0.372484096242 0.968496821947 1.91926787784 -0.613254802798 -0.407701377014 1.68157205774 0.67064772071 -1.17460649135 7.90629373071 11.503128763 7.41614244325 2.5147502839 5.05275120243 3.48936333056
16.488179631 13.7338393031 17.2227405522 14.6833297598 10.3829381008 11.6856413467 9.84771853815 11.2247349154 9.17433552514 11.0072163127 8.40214716988 -8.16125106092 -24.0593746788 -31.6079008076 -37.1938554117 -41.3126314853 -40.2745030374 -36.6431349324 -36.0299287332 -32.3272066892 -21.9656434415 -7.4594996631 0.758949448478 1.1573292634 -6.45111295434 -13.9457957601 -19.9393903411 -26.0979068527 -24.2304780757 -16.6662287331 -10.9317688443 -5.09404983726 -3.36949228122 2.14065347984 8.46668449003 9.94288871409 10.6358917146 15.0557059215 19.0787445774 16.0824528287 18.3220152197 22.948742112
6.52269903282 6.72740508494 6.54927933663 5.78927808668 5.81981548903 3.34378808629 2.92378762964 2.61630044565 2.29492189984 2.51773754874 -19.054884956 -43.2216473223 -47.5146899971 -43.6151310756 -38.9719706418 -31.6166382349 -31.5149465359 -28.0894670013 -29.8504580727 -36.1817392962 -39.2957681413 -36.537707117 -25.9147295143 -25.3623557537 -35.4512162913 -36.4772884056 -40.2080074566 -43.3861676424 -39.4483604335 -32.7118979463 -25.6822734313 -13.2683862293 -7.33322576697 -3.3972670699 -0.585582404615 1.4478269131 0.566112051074 -4.0741869906 1.45663849199 4.48409202264 9.39962692589 14.6533448026
12.5311543308 13.8096369738 12.5643737786 12.5593757955 12.6368407259 5.06310252266 3.21041832079 4.212259759 9.05951702124 10.4954515048 3.50440761565 -7.9557628534 -14.2636129172 -5.8840450605 -0.548053219576 0.849252661213 -2.36653130673 -2.85058113887 -1.28072599433 -0.886875400092 -0.0123834019324 -7.16857183907 -8.51178640822 -11.0683924255 -14.2234656187 -7.2221208674 -3.93955864096 -5.54626242155 -8.14108098428 -5.5960887274 -1.7402504184 1.34657914955 4.83943950821 5.66506630154 6.75640884586 9.03968147764 7.8821327491 1.9739535121 5.17508903729 12.4755910664 16.9912539625 12.7269235574
10.2024218387 8.54933045066 4.98133943727 3.22576778325 7.43299570415 -0.578320176517 -4.37725081611 -2.01043588021 3.05644091263 5.02209964897 -1.65250410005 -1.11237722596 1.80140957427 3.35948538028 2.02903084052 10.234892035 15.9226543053 16.039888944 10.3491615682 13.8496141425 20.176624958 11.6734405475 4.30250739101 -2.03313806623 3.24413999748 13.2228892272 14.6611399203 17.1700121296 19.7321148003 16.8961003545 8.07226996818 -1.97183529046 0.526912041557 1.57585382919 0.851598445492 1.68892818999 2.63299159717 -1.95675746853 -2.73763385001 0.290556297695 4.99734416516 7.10668215912
16.544006512 14.7351330234 9.2894819203 8.72803077581 10.0078484596 5.71626483834 6.74348181932 8.74537462029 11.1341525823 9.51098203003 -3.73871842058 -9.3042127737 -14.422663975 -10.5187298932 -3.27826569958 3.39419500095 5.30886576288 6.77775540618 6.96813752417 4.74666198296 5.54033131892 4.50933067702 8.83067860722 9.16964996884 11.0031839091 13.0669207092 10.910336152 10.508404287 11.5693984553 13.0264816171 13.348699742 5.09428453257 6.93393919743 8.28825586834 9.48969276638 10.6699294843 9.69049506573 9.64945769027 9.12402285895 9.90632755639 11.1420427749 13.4499867202
9.3330251091 11.1524380124 7.27894975185 2.36152839415 -1.66700361096 -0.446757269013 2.15993611028 0.839350258202 2.29289748912 -1.16793141768 -8.7830509303 -9.80772135927 -3.77973187251 5.71547583868 3.27403591606 -0.105607853753 4.22619728279 5.2570024416 6.19934841655 6.54217312426 9.14412839354 5.14256431754 2.45689076665 0.0252301611554 3.48602045736 5.68172079113 4.2690414294 3.77531178432 4.69475173352 2.54434079109 -0.820641344653 -4.10277639681 -4.38051833428 -0.265728054895 2.3314304331 5.24703022442 2.56475669349 5.10962345918 5.9130111588 4.34618251717 -0.787395196981 6.43270404284
12.0258921245 12.7449133257 9.25087407698 7.70291493908 5.56521454147 4.92611853519 4.47310657569 4.62663391997 4.64059457077 2.23527425029 11.2869704042 15.9331722483 26.8499468327 32.7919202582 30.6670294371 30.068889555 28.934908872 27.3348253423 24.6138311975 20.9699866503 15.5912862598 12.2392023231 9.04723487356 9.66620087326 15.4762261777 17.2071694893 17.2628279207 16.6904186693 15.6193596265 16.0987629155 10.2639219927 9.35819914208 11.4673524146 9.06417460748 8.33592184037 8.72902167345 7.52881271801 7.81091655303 9.82380363695 10.0119150757 6.13774372937 3.57247714537
2.83930663425 -2.83645612287 -4.94464925885 -2.08872353895 -1.33694961113 -4.86331187711 -4.82128828228 -1.55356046419 -4.47043869772 -3.53594303816 18.4210044498 18.3398207071 10.519592476 4.22146915232 4.21549562443 0.984126857298 -0.217951543171 1.01679614734 1.8877002467 1.76483837622 3.53342672185 7.00582873857 3.85369460204 8.05760124631 10.4304829568 11.9024165318 10.0392306156 7.46867742873 2.5711152181 0.722160161462 -0.842006907317 -0.176401083187 0.920978485113 -1.92785437769 -3.14131107419 -4.11564515496 2.76493057475 1.15295804339 0.613807181253 1.88114183446 3.74226479988 2.34327779482
