-312.455993695 -304.34720483 -299.990510421 -297.260059354 -299.511972053 -302.628028147 -298.047155577 -288.902624334 -286.506675027 -291.61070445 -232.135397446 -163.719310438 -124.795935296 -122.195896133 -127.598352803 -123.740042602 -114.051935129 -112.758370357 -125.960861852 -136.466981134 -160.384319119 -164.1361687 -140.471249487 -125.364314342 -139.071009458 -164.004788943 -201.192166911 -255.396839517 -281.0202248 -286.198199112 -288.082979721 -293.713869144 -302.236040387 -298.082892753 -282.098269185 -259.835785997 -265.131125151
36.3541800348 38.5610547394 39.7051066798 40.6525682954 39.8775527159 39.5276298639 47.4786286099 58.7316507202 56.4870699792 51.8206356875 90.5075224105 94.451272502 79.9376696794 64.1142150952 51.0166188548 41.1501300356 42.715465435 44.1572625608 55.8446838739 70.9316185689 75.9004450738 73.2174366029 71.3782634532 67.1013921175 62.9898173569 69.4943051211 68.1456883326 53.2078941479 47.8932726209 45.5676062256 46.996439894 42.0330266085 34.4591956041 38.4282883713 42.2569970855 23.889431657 11.4717248789
7.95719500427 8.29221398853 7.43001558877 5.90967576918 5.71649720585 8.81044400958 16.5043876399 26.8813192455 24.4368788989 19.7983797583 25.3253716326 -0.413064083535 -36.1184476724 -53.5250052714 -55.9993774397 -56.6896958698 -63.2669680776 -67.1772620407 -57.8770052929 -56.6440343404 -52.5505681452 -47.9396971988 -51.9756188213 -57.7293813592 -50.3200948305 -23.1861441865 -4.11751837682 3.985149001 6.23589301282 7.76897550439 6.88631561103 6.40580754599 4.52749582327 5.55470974225 10.0845869846 17.7678046526 21.4290546952
17.1068172885 18.0385038681 13.4073580302 12.5142036945 15.4213130927 18.5460539573 27.8994416692 34.5540657575 33.0604500922 28.9468834426 34.1094780895 43.7097946473 52.4321549131 61.9147209966 63.2251740326 62.3192829403 59.7066503008 62.1422375812 61.7176873336 47.4628362947 31.7057709885 38.9792291555 51.6814292555 53.4555071036 53.355132773 55.8630203206 48.1776629455 41.1410355474 26.9771029207 23.0102423319 19.1082763913 14.4855251413 11.7996354834 15.7657505733 18.6213856167 20.4150115744 26.0417347001
8.14660887358 6.13494508197 3.05221253357 1.15328454994 1.13113882837 0.0120486219949 6.25227977617 10.2496042393 11.3679003137 10.4168862389 5.43171765256 -1.34397125803 -17.4028134608 -29.3024252609 -35.6538625741 -41.109745612 -39.0919458597 -34.383350524 -30.0488371248 -21.7664227421 -5.40899269354 -4.02813410276 -16.7160662135 -20.8376047142 -16.6731442755 -5.36148344877 4.27590454696 13.3515689558 7.45522154529 7.30782214428 2.1603837918 -4.68546020845 -0.582130867855 5.60057649344 3.45675242075 -9.57333832976 -16.6736329516
11.7238966444 9.84146773792 11.7872310077 11.3471988023 9.32151415507 7.21362598313 11.2280789086 11.9608802959 10.982075035 10.2210651865 -11.696587457 -26.5646336617 -33.2721642148 -32.2925680882 -33.24188364 -33.4788687066 -34.7095234226 -33.4389501725 -34.2147241629 -26.4912870193 -13.8969375488 -16.8911531179 -27.2206555965 -30.6593557897 -30.0218595931 -24.5452628199 -15.5072883499 -7.42199319663 -3.09249564982 6.40522332765 2.55556521108 2.05440810216 8.09571499252 12.3665720879 15.237203663 17.525402282 17.0003009995
0.580432358974 0.855228767351 2.42099605236 3.47065220588 4.04799101116 1.90337674341 4.56900227084 3.84361922388 -0.00883822773186 -3.56070851363 -29.0901887228 -35.8819706261 -26.5368379948 -17.6188186018 -12.0724688819 -3.26808932065 -5.55216165953 -11.7807200222 -15.7220242392 -10.6643225521 -8.54686855556 -13.394445492 -20.8401280323 -25.6082683313 -29.4013511732 -34.9338015199 -34.7490753543 -20.5957744024 -10.4669613108 -1.89977304421 2.20202888179 1.69100748445 2.00855448829 5.06476983835 2.5910392151 -9.04805562625 -10.3399458262
6.41938214928 5.54635886975 7.91062764312 7.26055680993 9.85609965288 7.80365983808 9.08958833876 8.41027382338 7.69314092532 6.44391499709 -12.7857891973 -12.8467021172 -15.4526100802 -10.0228174295 -2.89794214675 5.27730468465 10.9616246645 9.45133299986 -2.83087298146 -4.59355682093 -4.16920130395 -8.58971701953 -9.12372831341 -3.48522041865 -0.124649866785 -0.570094317274 -1.35980410988 -2.55420429067 6.84410500139 10.9629620524 9.0959207377 11.6653750246 8.73267581314 12.5670887611 14.7312380509 16.8131942664 14.63056996
-0.911332821499 3.14649386503 2.13663851435 -1.39208370357 2.42931851101 2.38929887078 -0.953074970106 -8.41336525537 -5.85550899068 0.574645291623 -20.2013559853 -20.0630305724 -7.85515189849 7.05961267655 5.72612445116 2.30807811379 5.29153589697 8.54942296648 6.5227143288 -0.768773629366 -1.30573179862 -4.31653289195 -2.90023926589 0.68458071277 -0.0784527662267 -2.65356912773 -4.49083623824 -2.5730028065 0.924866708029 5.34326322723 3.18973220456 1.36218451056 0.824340943817 1.71651739516 3.14946506537 4.60997564931 5.07945118403
7.32558831524 8.77570424274 11.0584952955 8.41680479228 8.28315947052 7.83425426229 5.07850407989 -1.17214490071 1.11809490407 6.79547794065 -12.7166027386 -14.6023653499 -8.72731021228 -5.41396892532 -6.72633223961 -4.81920484321 -2.61254706799 -1.54213272242 -3.39993833351 -2.62868243735 2.51315106349 2.34373365148 0.570462123815 -4.93601170746 -8.26068849336 -9.67906277114 -8.90413688116 0.133157751108 2.15026872992 3.95558852551 9.03990822525 7.28004060939 6.69325544141 9.73845302319 8.33177810135 5.25166518454 1.33756705404
-3.15074271547 -1.72386782167 2.71415920299 1.51669046274 -3.83549371523 -0.488627784283 -4.72795699261 -5.08462163046 2.87923198427 3.9492371717 5.45005801001 10.8271218581 9.29981665121 12.821881706 17.3842005351 15.7997310227 14.690148535 13.5686194086 5.65174768075 6.60445905806 5.86653596577 2.43254426539 7.77645832613 9.8778417739 3.81487206167 1.08086036709 1.08521324135 5.30892437818 3.27736035618 -5.15585572388 4.09043003213 6.93164733418 5.53833774735 4.00535257735 -2.10427721296 -5.86523401063 -4.19531267324
1.28896818628 3.41537406302 8.24355957873 9.16159622122 9.35412202116 6.55725593238 0.385125353991 1.46119595209 5.04449848332 6.93950050368 11.1803286745 20.4605210453 30.1703260161 29.5262362576 29.8486045376 27.9941827363 28.5217935982 29.0047393505 26.6387163083 25.9926499581 21.2274885869 14.8930320588 24.0665195381 31.8400380196 30.0551721709 28.5127949656 24.364822091 15.1554821181 13.3069606422 8.50372804824 11.6894121175 12.5615196989 13.3219642591 8.95363336038 8.3257410002 18.5716190241 19.3322104086
1.4298193917 0.863800808249 0.473217325593 0.695753313012 3.85637613637 -1.82704588201 -5.77521791064 -5.276522922 0.532304384042 1.33196402999 -1.38022921587 -1.23479033083 -2.34873879816 -7.41985162343 -10.2477788258 -11.4738621132 -4.58403197826 -0.514541601564 3.38479469286 -2.01800158438 -4.18261651931 -1.5462599093 0.482038551281 1.9227428865 1.26207518268 4.27231347238 4.32671986814 0.377015529521 3.1146982098 4.7647056591 2.88720908501 5.58254903772 8.41457108041 5.94547925779 2.292718574 -0.437507204826 -0.154230642271
