-178.280867148 -174.135117162 -169.024435333 -171.144746267 -166.757304468 -152.022186545 -149.677121455 -147.455542318 -153.623600261 -133.427777325 -101.129138912 -88.3864303745 -88.4420837108 -81.6632498856 -64.990431969 -61.3812120166 -61.3466064433 -53.6469245783 -60.5074754444 -63.7925313609 -71.1660168429 -82.3196905216 -89.969703515 -102.772564175 -101.072530315 -96.3653735067 -97.8304234981 -98.6681591845 -101.848954729 -113.695571647 -131.264118911 -141.12216157 -133.215301482 -129.445748257 -136.479851598 -143.82065515 -147.781213128 -151.337273741 -151.357241548 -168.953606367
40.7395202925 44.9182391618 45.5752148678 43.9899050279 48.579736148 65.7029447249 70.2225743469 70.6161232384 60.6177199171 34.9015646929 35.8835572945 46.3938757844 47.8020600333 50.7777526403 53.39704821 48.2574841041 43.3204973248 43.4411500094 40.4470061646 41.9870002213 48.4791168852 52.6717666077 56.9373050184 49.77028573 54.4684599997 59.4794221757 56.1330939737 56.4758193515 60.9333109228 61.4525935191 60.5385601119 61.9578698245 63.8837693793 62.0100479392 64.5420664926 67.801434475 63.0107571035 58.693142713 62.3731581747 51.2532764366
4.24077818343 8.1064190805 7.77396035332 5.72214876656 9.14025828265 20.5161234462 23.776123632 18.3594662268 15.9819841137 13.001190886 6.843630599 -11.2483577093 -22.0129400265 -26.0733620214 -37.2049655731 -46.7018453793 -49.723493685 -52.243669046 -53.3155683005 -45.2488232037 -37.5336965133 -31.6380474861 -19.8611237343 -15.3404966719 -12.1106510128 -14.1530843725 -21.9466381487 -27.6653895724 -23.3084869237 -16.2492655266 -4.50743682943 2.85537355646 -1.42678498324 -4.74059061761 1.08670034187 8.72233373272 9.43719572305 9.45614294552 11.4010776126 12.2302366307
14.5694780683 14.0233279908 16.8522811941 19.4859432217 20.4880273627 26.9061913742 27.5578275778 22.4784739533 19.315999321 25.1309145581 41.5790737568 59.8539777994 68.1867263499 63.1408731569 63.073462995 68.3542066806 70.183561049 76.6325014637 74.6331869454 75.6968035057 71.6304948095 57.5873171629 51.722793339 56.4679871305 55.3232138484 51.1691399324 44.5580819198 34.9084308367 36.2564891131 31.1905795707 25.2198194869 23.4101262147 22.1434314865 20.1146815969 16.9217584196 9.03803367031 10.1409327039 12.6415031437 8.87954888037 8.45589282019
4.20793927277 2.84251479017 3.56536260924 6.68704200714 9.40047631556 11.5998867059 6.93714685056 4.70119030915 2.55985633314 -2.77512470201 -0.683742344969 4.24454687614 6.21505392007 -1.41783158622 -1.80342003421 6.18787752813 7.149683443 14.1053645427 17.3949312591 19.8723448578 23.7522254178 15.0936023472 10.0331520157 16.0618842788 11.5980691108 13.6165984015 13.1695295036 12.4187629968 14.1085241728 11.4946674206 9.75304930399 12.1344532035 10.158311003 10.8507328377 9.57769514997 4.96739508944 2.92160450004 0.661560588632 -3.85397160456 -4.49880663708
10.9358779575 11.811672783 11.0086746999 10.4639298531 10.9230279102 9.0783883812 6.41128694151 5.68342655694 5.4372350199 7.503914006 -0.409364307393 -14.0035175989 -16.4838300213 -17.5872072862 -22.3185899628 -29.3745198417 -30.1722197621 -26.6409184593 -22.7889641668 -23.3802160681 -20.3235537641 -11.4304847954 -3.25859750787 -0.723608772297 -6.58614374399 -12.3904550909 -11.9711028342 -7.80013118757 -4.13127949547 2.25211512633 6.88674060723 9.74691431558 6.95787596661 10.1061033064 14.5381645356 16.5999684477 15.7250253422 13.2465439019 11.1085773415 7.68031392559
0.542723871634 -1.76306852823 -1.77909173165 0.00689835741811 0.254626847038 -1.69842591712 -3.09575971038 -1.69734836185 -6.8173326861 -20.9484666 -21.261391896 -8.72095417364 0.505521078489 -2.21871212594 -7.7410326511 -8.48503752004 -4.11786976254 -1.46551072614 -2.16003053891 -3.71324499901 -2.39719244374 -6.29723367435 -10.0180938354 -8.27900162192 -9.96525211321 -12.8597117359 -12.7271539272 -10.5280561763 -11.7329942704 -8.23767976803 -6.66054871368 -4.92776760027 -0.946107684593 1.84480882021 1.03788214876 -1.74499960692 3.90475363275 6.13158642396 5.71805483359 2.85836798146
3.073956065 4.05952594934 7.05407613796 10.6898506255 13.9918106649 4.85943914801 2.47731021659 3.42116012941 3.07657470275 3.05102753673 6.7243054517 4.71872751758 0.677870672989 -4.3188623739 -7.5538701259 -1.26666425367 -0.994420286779 0.608589304267 -0.420120437009 -1.55603547587 -0.83039325711 -7.4802352451 -19.2648790683 -19.8501826016 -14.7382219953 -14.1326936961 -11.2297950358 -3.7394380559 -2.0887208839 -3.87725901627 -5.34393543984 3.37042765468 3.19111239815 6.5900604786 6.76429157568 4.35405842506 7.54616507168 6.82946431248 6.93226387985 10.637184517
2.14271333621 0.46861011135 2.99002831686 4.64354932401 6.22165268814 -6.50974992748 -6.86351000888 -1.42978337658 -2.44026667661 -7.9181594386 -14.2908601979 -19.8101311769 -16.7174102076 -10.8359061442 -9.01388359058 -7.8741580689 -8.31316550262 -10.6927099868 -9.88628585134 -13.1241969042 -14.7997279751 -13.1153335181 -10.8146022525 -6.99736918723 -6.3440675894 -6.29866478779 -2.11700088879 3.68309837273 5.26385929901 -0.369433087013 -4.80264209713 -2.01457061019 -9.09881548818 -5.07988330479 -0.799513778914 0.335797203181 -1.47396037259 -5.62635255887 -2.06695836742 3.21649121339
18.7447685694 11.8365754793 8.22572092143 9.76254099864 7.93305268693 1.22491285795 4.20767182409 6.38911407565 5.690428147 -0.586633211627 -4.27056308818 -3.0089457864 1.19399621749 -8.25608393234 -12.7231002864 -6.35351794532 -1.01992971575 1.57669122044 1.85470429559 4.51534050836 6.02129809912 2.74237736419 -1.09872360576 -1.94826317508 2.32731715413 2.68826195133 2.95808394197 9.5176421645 13.157080839 12.4481502085 10.2774077398 5.37578324685 1.37041426297 8.26700040148 16.1865497851 10.040281312 8.88234670442 6.88637161783 5.001769047 3.24094866216
12.5806901236 7.80669309505 0.686827664794 3.14208216434 1.15150884334 -5.03276630987 1.70106203986 5.07576267787 2.4258654959 0.924251500562 -6.93695838909 -11.5262669491 -10.9506896239 -12.8105773331 -12.9187716497 -12.148285451 -9.21174614469 -10.7894568869 -19.7120500155 -18.088758834 -13.4016248374 -13.1412762717 -16.5308354611 -17.4832804309 -15.9297936377 -14.4066502833 -13.3807512565 -9.27951479252 -6.21475757258 -6.31902831584 -6.21829967744 -4.54821517671 1.04211897042 7.2439211441 4.80216838518 -1.93258008782 1.09275821635 -0.0190423925021 -1.33501668397 -7.74994026407
8.40837391961 9.96483763081 6.54309539112 5.44565591745 5.09750208941 -0.00854891216713 2.85778497495 5.57990365294 8.22883869616 1.98016806549 -5.73373414486 -6.782657972 -1.36133834425 3.30422900887 6.51304995134 3.80399289367 6.6555721891 8.32172021296 2.62887887784 1.19001062123 -1.48157030376 -8.6619775776 -3.49307708771 -0.763438596369 1.14036292339 2.61048768067 3.05260276828 6.19828246871 6.58833907905 1.57861913419 -0.0262412469029 -0.635716547379 -4.80060676217 -1.879724496 1.66219639896 -2.08272242322 2.40426673005 6.28556916685 4.08523125784 1.60979297149
-4.29468895532 -0.594344129753 0.314971546342 -1.23069623298 -0.680061968864 -5.71556266357 -9.30393049464 -5.63799208343 1.74374310929 3.46221848421 3.18708602948 4.8660338225 -1.83524536956 -0.461047482229 -1.74019136174 -1.09636973751 1.638458538 0.295722951969 0.230147632923 4.83956796172 5.44275186707 1.91669981841 -2.27058304885 -7.02847481591 3.33191962221 9.15567144787 11.9389688923 12.2209365189 11.4089704866 2.51758352186 -5.50435090556 -9.64158180128 -11.2869210926 -8.40243711482 -6.34311383984 -4.18952963406 -4.73730247904 -1.71348676338 1.20990896813 -5.16221697967
