-338.017858549 -328.537737067 -319.802303337 -315.524902881 -319.57299743 -320.573919063 -309.41895805 -299.933533689 -299.019279959 -306.25397283 -261.234977003 -197.354658041 -154.142956313 -143.715547664 -125.145601971 -117.134869289 -120.767613553 -120.47753611 -123.438109089 -133.337683316 -160.94094477 -198.426537549 -208.474817929 -210.111569619 -201.78058867 -204.531224119 -215.459197241 -230.163843917 -255.127739248 -276.10946831 -268.955270488 -256.493603456 -254.943576549 -252.185016672 -264.541131116 -289.433939554 -309.179571529 -320.028769633
25.263197632 32.3512594753 40.4984673634 45.3409160237 40.5987091331 36.2907506778 48.7203454428 69.249818167 68.3112429204 54.0627899676 51.4740084515 46.7720901044 34.7323600722 27.4073052407 27.4207560659 28.6208965103 36.0253126205 45.0972181707 51.3113272091 59.8867892131 70.420222134 69.3767997558 66.2102284539 62.4369740341 65.2665549027 66.2192522629 68.0628119273 77.3011239307 72.5652310159 58.247663608 60.9773002894 62.0397300011 70.7266215191 84.2643568641 83.533422242 67.2266815828 52.2105483247 46.5986602239
-1.96093553875 0.463417991927 4.12765613067 6.77527310537 1.61921948642 -0.0611799791109 12.6008910688 28.9374144268 26.7764334674 19.0689950979 25.4909668883 14.4776396177 -11.5380478508 -29.9656005206 -54.2887161156 -68.4699703032 -68.3347227229 -67.2452221519 -61.88820445 -52.313327948 -37.4410152444 -17.1596310803 -19.1611368948 -23.9521671199 -27.3167297768 -31.955592057 -27.6133747178 -15.9404699669 -7.47515275668 -8.12253080786 -14.9874981139 -21.2377547931 -14.018270163 -2.2460200282 4.38998237713 10.3397165729 13.330705813 11.8053751631
12.7070799934 17.0691561078 17.7057696501 14.039200379 13.833591747 13.3521950829 23.7896786201 32.2112854449 30.3925735147 26.0999882047 32.3401122045 62.8455515934 86.3675031471 99.3992448472 98.7176845316 95.6719489411 93.1619483679 91.3015327676 88.1417430074 85.6524160688 75.001674598 65.7172830509 60.9300240707 53.0239550437 55.088949322 46.9942471117 44.2473292087 39.7678529628 27.8374379651 21.501466837 19.335256701 17.6404645771 8.32068670874 3.26564201614 8.42876966362 17.545302596 19.1220016413 14.9452145284
4.55531581769 3.49435511981 3.4219127174 1.86079475628 1.19918988592 5.42387652917 12.3561832895 9.5685246168 7.92823233919 8.73955310433 -7.90290106341 -14.887053693 -20.4471565348 -21.0124822444 -19.3526218574 -17.1513941533 -19.9364202261 -18.1869685997 -19.7645513497 -16.6865600591 -12.1588590658 -8.12464723907 -2.40285994685 -0.444045209689 2.73410151264 5.32471523237 6.4398407542 9.44992736621 15.1220171756 15.2593883197 12.8511026601 7.99123164124 0.746969995629 -8.78759701025 -7.26513282089 6.83879353566 9.95287523601 6.20748619886
6.87447693993 8.73090706742 11.731625499 12.0114216544 9.91553785602 15.1437165307 19.1144135644 8.13722223542 3.52330103625 10.078922084 11.5641188646 -9.78404097874 -31.6718796635 -34.605755826 -30.4075122335 -32.1283813027 -31.8012278596 -37.0225880247 -42.7520799399 -41.5761803317 -33.1497397464 -21.7854480155 -19.6197597489 -18.8626351076 -23.8815338954 -26.751931604 -24.5555514103 -15.5499785683 -5.01178515857 1.16243787033 -3.89914371568 -4.08920820841 2.07537857411 -1.37920623331 -2.11560774144 8.14099007299 12.5077608931 6.82338598275
4.59439263489 0.656478639698 4.99874060074 8.45167035923 4.89958825772 5.59537650511 3.32248189494 -6.13462685257 -10.0587719617 -3.10603867854 -16.0892986679 -31.2834733431 -29.192032891 -18.1840251839 -17.3567867989 -21.907490373 -16.5266273786 -15.5311721387 -15.4708639529 -18.5340355124 -20.3824451005 -24.5422079737 -27.3178414603 -32.256257611 -32.8449790509 -31.5489947247 -31.7357366238 -30.1038275012 -22.7755011422 -16.6652540001 -16.5525612049 -15.2438147842 -7.75356299762 -7.89158856233 -9.40728540361 -6.49717049865 1.10351666764 3.37522492638
6.11579985331 7.73975522283 10.2465101227 11.3198432978 9.86707337476 7.70123599059 4.88144200658 -4.01178445937 -6.53854351107 -0.227384132789 8.70581121127 10.8512955713 -1.17938991519 -5.91066508921 -4.31111108689 -7.26720136422 -7.53363616803 -5.63392210049 -4.97824957325 -4.86356710749 0.251378905202 -5.36581413141 -10.5286792948 -9.33945046643 -1.86542004352 3.91111235944 2.12807217924 -5.21416638045 -5.30064782977 -0.489277345634 2.73380915436 3.1390980232 4.83330040047 1.4439318486 3.69376240702 8.83370297978 8.18674086732 2.93601395626
-0.976355240719 1.50063681305 -1.64061866278 -1.29659164606 -0.104078781811 1.46308885804 -3.53755284562 -11.8534009856 -6.51466801109 -3.626860561 -15.9939447017 -18.7846538944 -10.9621130732 -6.72301989776 -7.66538277758 -7.75249259763 -4.27670214618 2.72253591006 3.66352354589 -4.57879693053 -0.939354740568 4.89439247566 4.3811164815 -0.895193135736 -2.05962042606 6.27959941831 13.7692770623 13.584802882 8.75437934548 6.06233386849 2.84731950843 -1.19451141755 -1.58745204432 -3.06245317841 0.0319118166382 4.90072956909 -1.30917442615 1.76823599407
3.36739955646 7.73546920786 -1.3714989664 -3.45597062844 -1.85802730293 2.36350100961 0.79175002405 0.286986683989 3.96761307981 3.75229901899 -1.49380227606 -16.6930176833 -27.9271827489 -32.5517058304 -34.7011592833 -31.7401816407 -28.6448918671 -28.7976746444 -33.3575401925 -31.7830471986 -25.9752935978 -25.0203839962 -27.9872461553 -28.335413843 -19.1046060933 -9.0671195044 -3.40636358004 0.749692249138 5.18714538147 7.98042522667 6.06539071849 9.97738280967 7.25542056945 1.52699530245 -3.96478434759 -1.51553945764 4.84270850128 5.06572125499
-0.697345236776 2.50818658684 -4.22186827703 -6.4357338424 -3.26586515802 -0.120643088169 -0.748441857172 -3.52715527452 0.178422214272 2.22548807964 1.64477425941 2.77932597851 -3.50318156974 -5.2634953264 -7.90822078076 -8.33354848736 -8.15603708619 -6.54973995947 -11.9712433053 -12.7426910733 -12.2018524202 -21.0442183869 -24.8280699905 -18.3346612102 -14.0921510738 -9.74986763236 -12.2324353421 -19.2654501805 -14.2729670518 -9.12858912087 -5.41246770117 -0.0161365434978 -4.68994654295 -7.58953298639 -8.3965212681 -9.55084912928 -3.32883117278 0.89582133479
7.39670438441 8.17397875334 6.64725071274 4.05384347049 7.4117217641 10.7715428711 5.45851664072 2.43322487494 5.94342455024 10.9644091351 -0.975252701125 5.83530449585 12.7696104865 19.5568874515 19.3007153726 23.5078262698 22.7048965324 18.7394534607 14.4896304379 14.8662696605 13.9669423888 14.1134839072 9.67464703668 11.6344549632 16.2165112949 17.4516968631 10.2109260646 1.85998262591 0.187661021885 0.873447022117 2.08787847044 -1.59280046584 -5.62390609204 -5.00476435992 -0.995937264041 3.41909673623 2.76356295488 5.43100601153
2.77942132964 1.92310152357 0.729582252027 1.11978913648 5.37381037085 5.10429702375 -3.00259313219 -4.8287967323 -3.48952820632 1.937657118 2.2750329084 -14.181272553 -25.5960448866 -26.9453343017 -19.7710321519 -18.4427459982 -19.2238477759 -15.9045514034 -14.4648278256 -12.2712703033 -13.6164906079 -8.7124815688 -3.99725394214 -2.40093745197 4.40490337474 11.6351588528 7.67255300748 0.0742153154846 3.85952253248 4.13508312799 6.50159241287 8.89276506263 6.15573820701 8.77974630412 10.0649541408 8.60370662786 1.46302863509 4.68978976149
