-228.596035764 -226.249646529 -223.642176088 -221.525390039 -201.468251586 -190.067450683 -191.525135814 -200.755922507 -183.677690961 -150.85840078 -134.77715506 -130.246688744 -125.598307682 -110.622737616 -91.1791754114 -73.1495678227 -56.5522189597 -31.3236507899 -22.6720328536 -36.3389318209 -67.9603719804 -110.316109813 -119.934914303 -94.4648794299 -77.1672375619 -76.8384331797 -85.7192978649 -111.685918151 -139.576807478 -144.645077482 -144.232856293 -151.96793845 -173.347714982 -196.612597666 -210.262017474 -214.489754953 -214.607050379 -220.80478083
34.8474792655 34.5539965564 37.2318716957 40.732659583 64.1522637202 73.654869293 68.6849863074 60.497203323 45.9327412598 43.8967532349 48.0578699783 50.9094554701 56.6477456263 46.9401907232 40.7944121232 31.8369244485 24.6755563165 30.5351617636 40.7345297605 54.7180346086 58.4834596518 62.6661108728 58.5482958328 45.8522541551 43.8626750904 47.3504427285 56.2440663474 62.2488567928 65.496037383 70.0553819194 74.8968255919 71.9676439861 63.9730644777 54.8071228273 46.6220718386 42.9234407464 40.8792013213 36.6657086971
10.7052843585 8.69928676438 6.8637143496 6.93599125256 21.1123526154 29.8245665401 28.4189780047 19.6699619538 18.0682971285 16.3973810653 7.64240062282 2.6784258789 8.44004925975 0.680616839214 -17.558050014 -40.4624703784 -48.5076122374 -60.9342547855 -59.9124042199 -45.1158379412 -23.7407683332 -0.542681443557 3.01089803324 -18.252587112 -33.0373257521 -43.3506346636 -43.4575124795 -33.5536442209 -21.8731760612 -18.8068884932 -14.9382417872 -6.2465717612 4.44793415254 11.9321900941 10.5830808621 7.31112850859 6.89740596853 4.61575859124
19.0981516141 18.9782033972 16.3670226069 16.0862062854 28.1939623928 34.1329751557 31.1573428828 24.7282898865 33.3276702836 51.2333410717 61.9146068206 59.1152859771 61.9245916259 73.2831612534 73.6279702862 74.9901474384 84.0725673371 83.582701225 81.1502059222 77.8251001727 70.8372577322 58.5083166833 57.1751245327 72.6121620542 69.9843658575 55.7168586786 45.9992015254 38.1178614228 33.9085320073 25.940012233 16.5710595194 10.0867541528 19.2146630176 18.1306551288 16.2236074866 19.3011308116 19.0786154443 16.2828725931
-0.232042322545 0.753942074555 1.60063576123 2.40379514296 8.11118225348 13.0186563468 12.7227313685 10.9841827872 1.75811871986 -13.9960936413 -23.4088413359 -24.9967528503 -26.7052594003 -27.4056958569 -25.9620957548 -21.2413352997 -26.8076530023 -28.4971745412 -33.8150118092 -36.8608404912 -34.5767963967 -25.565174366 -23.4850000421 -25.5184820382 -25.1723791798 -19.619157252 -15.3759997988 -8.37281784999 0.833583072187 -0.296231915017 -2.29595038015 -5.71499995431 -0.690474749344 4.05488245195 0.302616111846 5.23987501239 5.45875121812 4.96902381562
10.8070761227 8.57918118712 10.4896533369 12.9064945574 13.3058990088 12.0676328815 12.211870839 13.3454313713 12.046028937 -1.48218237319 -19.189613224 -21.8616254683 -20.5474723935 -22.6832354571 -27.8652706036 -32.3586685521 -32.5535749526 -31.2200957037 -31.912151578 -32.2912680983 -33.7305399021 -27.2367952744 -21.6430602276 -20.0362018072 -22.2153939436 -18.8085607086 -14.4198899357 -13.8491688196 -13.530487005 -11.7797485499 -7.48922910345 3.838458447 9.83847413667 10.7380358366 8.47575987309 10.047310923 10.530601476 8.38945165354
2.61836559458 0.741402605423 3.24335851905 4.0163899355 -1.2095700536 -5.34998501202 -3.72060101921 -0.177206994942 -5.45808093569 -8.04423337399 3.89306837618 8.48964722663 6.16919260518 7.60110512642 1.13123210239 -3.85893876768 -2.79015997763 -6.32296017885 -11.0705551649 -9.77820501066 -6.62080422543 -9.2157490422 -11.056414163 -5.32609045749 -3.76121072158 -1.88032487399 -5.41847359641 -9.05736252519 -7.92664183824 -5.85591800838 -8.34206860934 -9.35867003495 -1.97735837181 0.865100054857 1.1548579884 1.67649287305 0.515425379491 4.26455641867
5.42605089359 7.03551352937 9.80066559555 6.37057070842 1.56547472607 0.900748801687 1.94386541902 3.47414839078 10.9608904664 1.9913897064 -8.03450249701 -9.63691233854 -8.96240112046 -14.2860974356 -13.4955608482 -10.2033399377 -4.48048869814 -1.68558263754 -4.81097391699 -6.34439879244 -4.9713790019 -5.44395054353 -5.49189455566 -5.37481059877 2.44285179905 10.9622568518 7.31150643181 2.54588677134 1.75934282875 3.06727791519 4.16447372568 3.02322769795 8.71534582747 10.779984548 14.796998078 11.9846824343 11.4763256215 10.1715630985
3.79985648459 0.606382180539 -0.259746522393 3.26883538412 1.24182492613 0.317199249762 -0.812960571907 -3.14477325009 -11.6257057739 -17.6399999004 -10.5131374289 -7.86917659756 -6.14679110059 -10.2642152103 -11.7233480807 -10.2164921909 0.0737877252943 6.55261417335 2.59485922322 -1.41303663301 -3.80653203548 -4.4817064729 -5.87474887216 -3.23770159703 4.22815275676 11.8525942423 13.272416138 8.87012134908 0.597548614281 -0.158218638101 3.44022724378 5.16208998016 3.61590705018 4.39663822587 7.41274649898 6.44702101296 7.1260941475 0.276133839416
4.41336107006 4.01386232592 6.71868032588 7.01545296355 0.0438581660495 2.1401383775 6.40100281226 5.57314679147 3.04300280125 3.58164989549 1.81068685273 0.264619116273 -2.89418396424 -16.0699705155 -20.4897726806 -19.1629641314 -13.5523914434 -14.5242150869 -15.4000010562 -16.2129161941 -15.1918230008 -7.85416894406 -11.699206505 -18.1775729589 -17.6223478503 -11.1791224178 -8.60560580681 -1.91450035751 10.3064841144 10.8508903606 6.77936677558 3.00849511912 4.44039874877 9.53304296124 9.99142433964 6.27668238485 6.76925672886 7.80631773514
-3.09893039676 0.104075990157 5.18259868112 3.11142793681 -3.13123561305 -5.30497667051 -1.71706730457 -1.96773576313 1.99652970987 -0.478968620494 -7.8153720121 -5.36452569028 -1.07931771156 -3.82459706497 2.36428451857 4.62416921065 5.96945020915 8.24189024592 4.13614361435 -2.01598327623 -6.15421766387 -4.60601688402 -7.37551770237 -10.166350294 -11.0845539565 -8.48466040523 -11.2912834406 -14.9325452574 -13.867770765 -14.4603161167 -15.3428092336 -12.6302023243 -8.86210737656 -4.23072510205 -3.85313810683 -2.09914403663 1.51832437147 5.88096361844
10.8272135428 10.488092676 7.96572283879 7.8733852696 4.78438037766 7.43989503677 2.52849345236 1.46400686585 -4.59859101165 -8.11144013853 -3.68181772289 2.609781102 3.564313917 3.32081318195 5.83742576527 11.1665500577 13.6093633148 14.7049959476 11.0553773667 8.73896550802 10.7292887182 10.4714095612 11.6572571101 11.7795312594 9.02186435042 8.4283653589 6.01261415837 2.67337404156 -4.53361466388 -10.1340797007 -11.2893134075 -10.95064536 -6.54802407624 -0.461864270564 -2.12121009765 1.49766483221 7.5191127268 15.0843227989
1.88490009811 2.98063956764 -1.4799089304 -1.24958503008 -1.79892852815 -3.72355599736 -7.42945267013 -2.62967552951 3.67021018527 -1.10260010398 -9.42716279555 -9.74712137934 -7.70841390307 -6.45102570772 -5.30843591406 2.42039942891 7.85377850259 7.99259148879 5.41890743033 1.1466024874 -1.45018586603 -0.402419305459 7.11334980265 7.96308792657 7.82224728072 8.18685089429 10.355440152 10.1797001083 14.0863075739 11.3750683535 5.0844240595 -0.163421593203 -3.01869946362 -2.28743532007 -2.41614266891 1.2211187251 -1.7399624046 1.46738030319
