-147.645262027 -140.660341691 -139.474959924 -142.237275006 -140.399599889 -142.291360545 -143.030367468 -141.548698172 -141.844861899 -139.703359928 -127.449172921 -122.48808161 -131.429903926 -131.287556152 -98.2379446227 -79.4822478247 -97.306337207 -88.9670392729 -67.6839613743 -58.5694649654 -56.4141323725 -50.1345514183 -40.1063232959 -40.1795534607 -36.1616080286 -33.9910902909 -30.9442463756 -38.21493835 -46.9794887073 -60.9910400372 -78.4222596572 -95.9653642403 -118.902167461 -133.183453317 -138.27016608 -136.411832985 -140.722482178 -141.313688567 -142.509671696 -141.910529697 -143.011492433 -153.217280648
34.612072599 40.4969819593 42.3570713468 41.6407725818 46.7796476393 42.6310371264 38.9490517659 39.8882088174 41.5175350308 43.5989319614 23.9890932017 16.9367354582 31.5032866741 49.3523529357 48.1940998348 47.7574900607 63.4130830952 82.6507392564 87.5164976926 86.9388810888 83.6682989414 84.1506203271 85.7885755196 81.3389302849 76.0406053752 71.5770759631 78.4502848115 75.5064678127 73.386276907 76.8545943708 81.9237452476 78.7991482751 61.7540311 48.6092504516 44.5486468385 44.7977149926 44.5217671239 43.9459202716 41.556484307 40.3696879725 39.4168964299 34.7553890567
-0.564761807828 3.82392071198 6.60823099429 9.49216138065 13.0296938127 8.89484994983 3.92879079049 4.00786995423 6.04301476132 6.09005540156 13.7006061727 20.2175337172 16.1646505157 18.8606062116 18.4482955125 7.5744594375 4.45300220307 2.67986705669 -6.33557534845 -11.6760633671 -18.5081913996 -24.4726403377 -31.1645956501 -32.0672292798 -42.8422168673 -47.6564398516 -41.8738957324 -36.9591544972 -31.2758082796 -19.2628367744 -3.78627248048 5.58633057752 7.83602419481 6.10807349095 5.07693783667 5.18577422216 10.2850319238 7.88744858116 7.70025018647 4.52829099436 3.16239136176 -0.195376373196
15.0065507602 14.054254212 17.0047146497 19.099808611 14.8660811789 14.9515638643 13.6101379408 12.0874795865 12.8461547905 13.7364972317 14.8640627506 19.0250414803 23.876713085 27.0192704824 34.3807005058 33.6997802833 18.2586188999 4.48160847789 6.66725689867 5.43616177884 -0.842445342822 -3.11881433072 -4.73998221149 -1.73351929147 2.4295725544 6.5482199917 4.1636533528 4.15793137646 4.47860108925 0.602503739635 -0.460393865564 1.06500353166 6.94501722753 13.3955587026 14.2408869584 11.9368421523 16.5449143728 16.2128804981 16.4803708515 13.9339701031 15.7434224824 12.2065324111
3.39799342742 2.14114640461 6.25204208491 3.09780186418 2.46288262142 5.06394925166 2.78072947669 2.13072027319 0.499267480568 4.83725110416 -4.35658600834 -8.47307488292 3.81812955105 7.36056995732 4.28349244805 2.08300936763 2.57741387182 -2.86115344328 -7.80316879107 -12.7093128188 -23.185812889 -22.6245702065 -19.3084964904 -19.2587415738 -21.6170599228 -19.0053479326 -17.9980215615 -22.6200174317 -18.8586079491 -18.8265742505 -14.219927048 -11.0864949266 -4.72244479063 3.15791221195 5.60526356234 4.28391687689 4.52244155659 5.89330580218 6.73111276231 3.70881732866 6.47834084878 8.09480383008
8.45136977107 9.34467535502 13.791160177 10.7599048496 11.5152554501 12.4916250597 8.55697622065 11.5911469679 14.2061089221 16.6435216727 31.9114665441 35.1189779607 24.2557034903 16.1852287351 18.5439951401 19.0966472492 17.0547533441 15.1968129132 4.32964147178 -6.072386105 -7.39872584967 -2.24725967591 2.77093204974 3.80039161484 1.65461205224 5.15429166783 6.63235410149 2.13943466633 1.51153718135 3.40700618717 8.3688279685 8.80507910439 9.95240378584 14.6234681365 10.7073440152 8.2111446504 11.7412076614 15.7109222151 14.9794275686 10.4326983554 11.0794856492 10.6535689119
-1.91355956535 -1.19900026281 3.95672810569 3.7391251867 2.54898930318 4.19675998022 4.35697639091 4.23390830171 8.62007624187 11.5517930411 1.06561907064 -6.18074433312 -3.13652122883 5.13150250372 -11.5911625593 -10.6911994179 3.31451484929 7.88248661432 9.28018635209 8.68387827784 9.49147646984 10.0755959631 12.9372119106 12.4130604778 13.6344972841 16.6189374839 19.4582455196 15.5546997708 16.2929332008 14.563094099 9.25397639012 4.32962753779 4.63458157874 8.33826273913 7.50528206667 6.75958700961 8.13893487105 4.97854699604 4.7775859914 5.03858252225 5.39633991579 8.64640551189
5.21093634031 10.2581736425 15.5741263241 15.6918956235 12.3160963455 12.5264407036 5.38031753619 6.72427432683 11.7640337822 12.3031699826 23.4567080983 23.2900031216 16.302402806 15.1947300351 0.65523848549 -4.2143410441 1.93038125146 1.9924356939 -1.57757262002 0.833204453722 3.08403490833 4.46390876738 6.39803092141 8.22743430383 7.85224759564 3.34781719698 2.66470203296 0.885007997583 -0.58425816913 2.00811176922 3.42544455296 4.66126140687 6.02594603905 10.8580764123 16.6961211416 20.4839454964 18.9264501122 16.4264403486 16.8991037558 15.7706081566 11.9329816573 13.2467393236
5.08775911374 3.94759796987 5.53908099887 4.44715048842 4.33041941479 2.93260044949 -1.10669305829 -0.767201149927 -0.10053235468 3.2950477526 -1.33411426999 -6.21571192725 -3.47785585265 0.399703808233 -11.4980444465 -16.2595576827 -12.212457497 -13.4412186461 -18.3899575327 -15.8228384725 -11.3630876819 -7.55620553301 -8.4832940362 -11.9233577368 -11.1656080339 -11.8935127814 -11.4106237899 -11.126528625 -13.2581765036 -12.3566878664 -8.11256450372 -4.13414409727 -4.56976858468 1.7137251137 4.64356626918 7.0360186265 7.0257462384 8.46553912042 11.2480331979 9.7702691213 6.65222417946 6.79049392135
9.78348918115 7.48175282525 4.46236918615 8.49764168227 7.9297087295 2.06501231165 4.25210681817 5.3466890471 6.2797683631 9.15050356394 7.46053560767 6.81618549629 7.36619025435 4.53814037757 5.76566156777 7.51341725329 5.38302835389 -0.393576446796 -0.517301335773 2.16964423437 1.73235244206 1.76037385645 -0.0299661626591 -0.321618091412 2.57485994832 2.89621993685 4.90110703756 9.33090162738 9.24122426092 8.05847308177 4.73946318285 4.23880360657 7.01937086983 12.1629945655 11.5808436324 11.5543088246 10.3578499411 12.9429607403 13.8848348744 11.2969257076 11.1549541726 14.0619858018
-4.8909847507 -0.0690009841478 1.57423699723 3.74700541656 2.90846824252 -1.03812487929 -1.05611208857 1.24681407107 1.24669663598 3.94904403055 7.32565135135 8.64898263587 7.89761978548 -2.03920021585 -5.94942690691 -3.15926430397 2.21718483479 -4.71651644305 -4.43269248598 -2.88376742415 -1.12625543634 2.14192848176 13.5536127228 17.7373032851 12.6083395409 7.84854486908 9.4525600228 7.66776903975 3.17165578696 4.69958283629 5.14591085207 2.54157370074 2.92739929239 2.53488662824 2.06460071212 0.898832858469 -0.593477299505 1.00503351851 1.81146193217 2.89857458623 4.24950055688 12.0710971029
5.6229664839 8.43029232022 7.94521538006 8.71911017124 10.433151516 12.4435735102 11.8811497439 10.334017316 7.11576764321 4.28528791847 -2.4078000195 -1.59718854091 0.843373334405 2.20997778626 -10.0133307066 -11.3315083959 0.722725860806 7.36395593308 9.41953402444 10.6544216007 13.3793608408 15.0930035577 19.4727751817 17.4507011297 13.4597654056 9.41229055847 9.38296339167 13.5556055415 16.0516349129 13.3032579375 9.37894059927 5.53414730325 3.53669025347 0.521422924953 2.47376336027 3.53342298767 2.92276547958 2.2758848566 4.97175500386 5.70138196749 6.26331403636 11.1649213351
-0.413683794889 3.26480852665 2.73399101876 3.60911373326 6.04478928651 2.76941449039 4.87554914092 3.83806879381 0.360069204302 0.0246440105361 5.53109909534 5.25851177529 1.7295781924 1.55210640141 0.778428361172 -5.1252259967 -4.13315662561 3.93768753232 8.18983423114 4.5705736769 2.29962175001 0.284104395112 -7.35075063027 -9.53329536261 -7.4669516985 -10.8808200076 -10.9571259261 -11.8503233818 -12.7421708381 -10.7754290184 -6.70666129645 -5.90180466332 -9.44516140525 -5.75685301154 -1.74151096217 -2.41657403938 0.628385853405 -0.666998218844 -1.10762923488 3.13314107042 4.35719075108 1.75107611054
