-285.391936338 -276.761455009 -276.487093686 -281.194424021 -276.417486256 -268.442286416 -265.05594805 -255.05785336 -225.347946137 -232.200976325 -205.714577241 -155.524416201 -125.922434677 -123.176521502 -126.037738949 -129.243346094 -121.356886024 -123.124237743 -134.660525585 -144.619503019 -158.558187669 -182.256034586 -217.755881962 -248.839435852 -262.367642009 -270.43193398 -274.753817108 -277.983850456 -280.394998625 -279.587788442 -280.351756063 -282.683669004 -289.978510927
33.528870343 39.8924996696 41.4498740243 37.9615327881 42.982958575 54.2390323286 60.8384651617 51.3497709965 43.9842520216 48.9926947943 91.4321500827 113.100043084 109.985919182 98.5192649116 90.6597420711 87.3102540319 92.7332009855 95.7979678702 96.9534734764 110.065673407 119.207376418 114.090074494 92.5435064181 71.3919948569 58.2775903575 46.4000730779 43.6936837417 40.4916545549 38.5379114365 39.0807439442 39.7101623802 34.5788161292 27.2535574401
8.01612250202 2.82967352752 -0.251682593617 2.54022835574 5.74554631039 16.9805437113 23.6929411709 22.0968305244 29.3632433762 27.6000441447 15.581057413 -13.2242835188 -33.0678680323 -35.9667181395 -39.5798560989 -48.9250107702 -55.3782191868 -52.012376349 -45.7306835632 -34.390059035 -20.047588927 -3.73765507711 8.81846704289 9.26664054168 6.10697623895 4.87479961544 6.60325902902 10.5298260255 8.56839735101 6.81562698229 10.3204435577 5.9698618206 -1.42620104141
21.8991041806 12.4892366091 10.1159554369 16.2032806751 14.6149395763 21.1641878548 29.3832178846 29.0950071828 33.9008267822 29.5379678291 7.41574129175 -5.69138484779 -2.77230475058 6.1698725723 8.84328979573 8.45507405567 0.892072927575 -0.109318272725 -2.2532306375 -10.4738258994 -18.9189235425 -17.1918196021 -3.74037811297 5.66173902337 6.47745394272 9.66914543053 16.5628801737 22.5639199691 18.1401281717 14.2449526978 20.4530384235 17.0438753017 12.4504370884
6.28079011014 4.13105186305 6.62234639514 7.54113086752 4.13965973184 8.76793132981 10.8933786984 3.73978253767 -6.38775958641 -6.78776300088 -19.4417547029 -39.0771400162 -49.2038750226 -55.4908708689 -58.128116449 -53.661427585 -51.6586736372 -44.0729798066 -40.26815129 -38.2446734752 -37.0241859389 -31.0133882432 -16.8316659641 -5.6342511146 2.14500394463 -0.416745093012 5.16243027737 8.5573852364 4.30590804103 4.4695910137 3.66264059615 4.76869288752 9.15044149078
5.76230147168 11.3934857744 15.2486158292 12.2439601014 13.2936553383 12.1459688211 10.108043105 12.8883561617 22.1800491272 24.4209648362 1.94276372552 -14.4113669623 -20.0724606205 -17.8515537896 -15.8984906717 -15.9750535252 -17.7304332689 -16.4466974152 -16.4595004117 -16.2459200248 -15.7222734056 -11.8779919197 -4.3403318697 5.47902812779 11.9548039664 11.7276710413 10.7327245449 11.2535241184 12.6707083869 13.7571378443 10.5286041976 9.50149542234 12.8006211729
2.52435596324 4.8249883528 6.99881082357 2.38712355384 -2.59888243749 0.310000821432 -3.71972763849 -10.735309531 -18.9816968858 -8.52596279704 -5.25672639169 5.018444877 18.3469165639 27.2417176629 29.8236037506 27.5113111924 26.7458182741 25.0866609907 21.9933509354 13.4051293242 6.14546655663 2.21879981922 -0.0171890223981 9.61031211836 5.69726520819 5.30233954055 1.88793145657 2.43767476944 2.9477648387 3.48135133103 3.68339686424 2.88935291185 6.58806889987
8.98644083471 6.05084032781 11.2376253152 13.6575349639 7.75484742083 10.3586879286 3.14785771021 4.16555080216 1.04948553839 1.3883403742 -6.77377244528 -4.29194516795 -2.85892859736 0.289969796048 5.95438218135 5.10359998215 6.85211768226 9.55337375737 11.4328324983 10.2031550381 4.7828987034 8.21795985755 9.55545948797 17.4713995201 17.4537864479 16.1026392005 12.4244555048 12.0812560707 10.1229181065 10.1621881582 8.87596685064 7.19913532816 4.22723693948
2.67950389747 -1.52484610817 1.56317098968 4.80060982231 5.46538586998 2.84995000688 -3.28035452776 -0.894456911224 -6.09423389515 -12.4892228071 -26.1939037982 -31.8172504915 -23.57139177 -14.8032165753 -9.83287849144 -8.98125520686 -11.3777111845 -13.6466126097 -13.7076250525 -11.0392269365 -9.89657825018 -5.93089339888 -0.0757375724815 5.30856155492 5.91222962722 2.7396497766 4.86256355749 4.33021388708 0.661152426268 6.11991363289 5.90254413945 3.999183319 0.852508119033
-1.84977645402 0.892059400236 4.06403782536 1.83882554518 5.14604683113 4.96066828707 3.28207167458 -2.35634778883 -11.7507431212 -13.3009227549 -9.70836537803 -5.8431367511 1.30405266054 2.87623730455 4.58543171116 6.21860324365 7.90728305889 6.75598879336 3.69165917448 4.48881865543 7.43008689708 8.77621337681 9.31895282873 11.5439041269 10.639542473 7.335571502 5.46730968517 3.85872552033 2.08541600878 8.87717490579 12.4277210941 9.30817470351 3.12256828237
-2.09891526508 -0.774057097115 -0.84869218716 -2.06550726589 0.0429974574255 -2.77190050355 1.52051776131 2.61256327362 -2.85484894069 -2.94131893547 9.39428519265 16.7279594617 19.8618067798 17.4648927207 12.8946390416 10.0907854797 11.6321132013 16.3523415671 16.3922643231 16.5015964739 20.3562876046 18.3607008892 11.4413543984 4.77148535821 5.58745855296 3.48641811811 0.798986374199 0.881239911762 -1.57621373409 -4.09055108114 0.718495858872 1.42182007435 0.906057166862
7.68246150337 6.09286452296 5.47636284112 8.63785858857 7.28141647125 4.74252598656 4.46529556013 3.39007753806 4.42647887403 8.48340468785 24.8737259173 23.998830023 28.3817458933 27.0560177252 22.9208356257 20.4055926546 18.0247275693 19.1184682677 19.1002601481 17.8340942847 23.8307957391 22.7786449524 17.8951970963 9.25377923573 4.89034430224 5.96097633159 6.81533240592 4.73005293555 7.14622745997 6.15296695106 3.69875716778 0.916208260358 -1.06981740537
8.28123627252 2.99297869937 0.181112125086 4.80608556465 1.36873715508 -0.346450244577 -2.8316856426 -4.38407647435 0.261591265973 -0.152691460082 6.33584760131 5.49162968247 6.1569111813 1.91727091563 -4.80496769517 -12.2955261969 -14.4229332482 -12.8175618991 -9.83082161226 -9.04293575617 -7.78377278814 -5.45278219931 -5.28317933637 -5.85879685818 -4.51555284419 0.350508372621 -1.63172135039 -2.35998785943 3.80651003829 5.5169237002 -1.59554580471 -5.18206081279 -1.6793876635
