-252.631115486 -249.554593412 -244.140467196 -246.332954359 -243.363692895 -234.532747072 -222.334636181 -198.909118368 -205.07786908 -213.334063438 -176.016943021 -142.992588897 -121.194876503 -118.230897074 -127.051575675 -117.79672757 -93.0729650834 -79.5076867562 -74.8614737127 -71.3433664905 -79.6662904949 -103.29729814 -143.644036027 -182.277244012 -215.606401547 -231.995450275 -236.859828334 -242.418534144 -248.855315888 -247.057573647 -245.766768823 -240.344227019 -247.146423687 -251.552168993
31.472698366 33.6744202636 40.1992499974 43.1553010749 41.1653993179 48.7939952835 55.6228863518 58.7424887159 62.7777659986 64.8862350234 91.8169666139 106.625125532 112.250416436 112.732607295 103.322857755 94.5455116907 97.7120443841 98.639232773 93.4966715559 91.835355591 90.3189865793 95.2377733403 96.7380123384 79.3978535128 58.7769040093 48.9106505305 45.9017974346 41.7453395185 37.6748754929 39.2386431031 40.4955067888 43.8825823061 37.0516950672 31.5822479668
-0.790829253589 1.35304105284 6.83900862351 9.18440193129 7.24652110988 13.6543636309 17.9201278716 16.8719521089 17.7278968461 17.6954545237 8.77967688921 -5.48143232407 -31.3342344637 -34.6845405911 -27.6839199341 -39.6870915784 -62.9964596426 -74.214695405 -74.927524661 -76.8379927582 -74.0243868354 -57.2241055748 -32.3079156329 -17.4050822841 -7.63442966899 -1.54419546047 3.62876924046 4.92723491977 8.99004568466 8.88984226638 8.586442226 6.64966327662 3.6437663855 5.31419571121
16.6974163076 17.5138594422 18.2500597429 17.1357992965 20.5202858594 29.9606140243 23.3902374791 19.0058078841 20.8327784076 16.539005322 -13.3552693195 -22.3988266268 -35.3827579071 -37.7412816263 -30.5991075741 -32.3604573823 -40.5310328087 -44.2022829765 -38.7791575134 -36.3800861544 -33.15944724 -36.7173963682 -33.4693699008 -22.1179357839 -6.58457940388 1.73801992906 12.7344519123 17.3404418216 15.8287424697 17.6935176465 18.0298339324 14.3726283408 15.6592261472 17.0539866407
4.26400346197 2.61193921492 3.88262948913 3.82671550434 7.02783753925 11.9873342985 8.63238520873 4.61783306158 8.40518327039 5.11976145045 -28.0637731671 -41.938721 -45.128458607 -38.3006327787 -30.042346233 -22.9256335684 -22.3959689066 -28.0165162355 -35.4724881081 -36.4884619411 -26.7327660778 -23.9106145343 -21.4135665901 -16.3904944511 -5.48983677179 -3.34335491213 0.567795335539 1.31567086233 1.71211817961 4.08943078676 0.756976433725 2.44328745578 2.44230392006 1.61423567986
19.6870201465 16.3944368633 14.6538652735 15.4966559629 14.1060970693 18.3845928532 25.6534900937 29.2340850025 24.5202538569 20.6002728458 8.57879954985 1.25415617182 2.69567887412 6.64465626096 4.06756341081 6.9171410619 11.2589544378 9.48241794589 3.91037058781 1.76294257127 2.24579578191 8.89979116091 16.6944074076 17.9758379319 15.2162088772 12.9947772004 11.8118453218 9.30238766694 14.0537427257 14.8046363601 9.98317778226 7.86380759349 6.10935418674 12.9338688082
10.5913455189 8.02220095424 3.10964820996 1.02365674412 5.14145328106 6.31660868485 3.238556265 0.886229851959 1.62567932375 10.951010129 16.1625536451 25.7427172748 29.5690151584 26.2839132134 18.7658929559 21.9598931881 30.1868188257 35.9578791746 32.1746698479 30.192939499 31.3413488821 31.2019201661 29.9015564325 24.0597490428 8.46981424739 7.16131861424 3.32878976767 1.28117714057 5.53930064104 5.48070334995 4.99488999965 4.48196700852 3.79592738257 8.0338921923
13.3035809696 11.9892728312 12.3411890119 6.89713292832 6.21718696752 5.60709295094 7.86603889391 14.8349348981 12.0703858553 13.5850303259 16.910681442 15.7033407164 14.3573300199 19.625080603 27.5577411784 29.2164850697 33.7533305857 38.5641807469 36.5103230029 36.8842101886 35.8288488749 32.5737708695 24.3841598004 13.7029028114 7.58488983753 7.97830758807 7.00190645448 8.40730302669 9.76057556812 8.01558285638 7.54240442921 9.62731672117 6.80667736587 7.20753065427
1.70382001881 -0.763887076825 -0.41171565906 -0.173759180164 1.03119398346 1.92412816162 -1.70123342068 -3.85906626318 -6.35532441304 -6.09520413366 -7.34078573729 -9.44213882161 -10.6815792245 -12.9201694611 -12.98556132 -27.2008427452 -31.7509055133 -25.9899020158 -24.1588278004 -17.2591586629 -15.3539154248 -14.7597862969 -6.51547692268 -5.30415883253 -6.24181351301 -4.77174897461 1.13196938556 7.45280191172 9.59163944864 5.37520993157 0.160753223863 1.25639604981 2.53574668855 2.50008333408
1.51706155314 0.826600334735 4.20604254384 8.14256966791 8.95835972201 9.52652984879 5.12264930313 5.39236163469 1.88160008771 0.351760846731 1.14299219111 6.27068188042 12.9511275518 12.6710700572 10.8034194208 4.38851556229 6.3303868905 13.247268752 16.3539054592 21.1614943687 21.4249783648 14.7688840718 9.65122029278 8.81378332203 9.035054123 0.943070991805 4.27498668616 13.3208265208 11.9917876334 7.30738132656 8.24953962495 8.88514933412 5.45903874563 -1.13348050273
-3.10338972722 -6.6633451869 -4.98385981624 -0.298242525208 1.66231394007 -2.52665682485 -7.6520284234 -4.40378560039 0.208099984501 -4.88424618621 -0.817171930628 -0.277633106067 5.03469726094 7.58519967591 5.22968748127 -0.0839646938949 -0.591690791094 -0.369751399635 1.23856369781 6.63805098845 7.84420115503 5.06246655804 5.69147142846 5.49745946265 7.64792487193 0.255420858024 2.43314494436 5.54639850988 2.1133790743 0.291049238928 2.92765662458 1.030305144 -5.22645417616 -6.93887577191
1.64040627175 3.15477090647 2.05017271652 1.99442921113 -0.402617658361 1.25436096989 1.00543742478 -2.24545963898 -0.0379123683636 0.970949808799 4.19593785465 6.87423312487 7.51742899813 6.09262145005 3.69911184631 4.12177856806 1.87435740037 2.62681836227 2.07395538897 0.799904561188 1.9736868468 -1.33486346528 0.617039497439 -1.3293371774 1.12143168831 4.14650923607 9.02073975617 7.32707944624 4.75440103575 7.91354328619 7.76812803699 5.52384899759 5.86352045577 3.73442570575
-2.68608031439 3.40893142826 2.21048885827 3.00293986363 -3.69758043677 -4.45388811874 -3.38253313465 -5.86293344881 -8.64361785937 -3.97655677132 0.533375228604 0.464499156663 -2.94545872327 -5.80171062565 -8.1757926464 -6.18877686661 -6.06394951528 -2.28747496885 -4.94903314269 -6.11386759108 -6.41128436599 -5.92907833733 -9.32376987453 -6.58762825775 -4.45124909724 0.85507396821 3.58583218751 4.53376881244 1.38684956635 0.52773542501 -4.22605972661 -6.47189225716 -3.0056244391 -10.285364621
