-200.514861087 -194.125844255 -186.779333924 -189.180977161 -177.327350032 -156.539213683 -161.451076172 -165.031695793 -165.765736288 -169.475566644 -146.722036088 -102.50594163 -104.544352905 -124.164187293 -129.271966589 -119.733267769 -95.9421832006 -80.7436084472 -68.4072537865 -69.881531194 -77.1900565676 -70.6699344631 -66.2244547357 -80.3099055643 -88.3612702427 -105.706928339 -134.846564885 -163.837162197 -180.658357594 -188.119834985 -187.525783897 -187.490431336 -188.990777517 -187.071682243 -188.894120531 -190.934327608 -188.968150525 -189.777498727 -186.62023454 -192.672315592
32.0740702824 38.2592031173 42.2456858893 40.5847943864 61.7825018596 79.7418001178 77.071225954 74.1140168236 72.1729143169 64.6836083425 61.4910632591 81.7751138935 98.4398603549 97.9391506773 98.6965885248 104.829228457 110.440902382 106.325293094 105.208956572 98.504599598 93.8288203397 98.6244068323 107.566595498 99.6384901848 109.789653725 111.195341749 91.9650684418 64.7906299007 48.3102083629 43.0426680345 44.1613286023 45.5581663877 47.1367289927 40.5591351208 39.3789091538 39.5426059232 40.2907831732 46.7249670182 43.9955603893 35.6497586211
8.21810321825 11.4927107685 8.39937009405 10.4728468903 24.9890205658 30.5740585441 27.9652668827 28.6477168983 26.6904290941 26.7034299126 23.6911812223 9.09266640109 1.79105577259 5.13482769478 12.2691182538 9.23098575543 -2.35500001465 -15.3864540721 -27.2523411666 -25.486369452 -24.9307379052 -28.8068789075 -31.7680662208 -24.671156463 -4.03499363499 8.95007404223 12.1114319082 11.4989349265 8.11968204081 4.8561732213 6.45834614776 9.26849137774 11.9810425042 9.11838075248 8.8115610104 3.97783288244 4.4790606194 13.6866346656 11.8420286535 9.73996536167
20.2405364049 21.0242182012 20.9130598644 26.8882591277 28.3991090701 29.9669457437 30.4605231404 28.8943764147 27.966562119 32.8500980837 32.7419232176 16.6402119389 5.23716663406 3.66333744642 -1.3136545304 -9.14963384535 -12.4338764403 -13.3561245751 -12.3354866678 -6.03601878921 -4.27443562677 -7.36720153943 -11.045178748 -8.56178579958 -12.1883976267 -20.2012636181 -8.16212138578 8.08196815937 11.7071479648 16.4136557399 18.2584180533 18.4715628939 18.4751619792 24.067235339 22.6563185011 15.0808641392 16.5767151563 15.9124612889 14.8187522124 17.8269391232
8.72796601054 8.45114831862 10.441297248 13.3667227587 6.31849544951 3.44729258118 8.03249712207 8.30182087751 6.21471590963 6.9975324019 8.20027602822 2.40756835877 2.12860125047 0.826296808167 -10.5370467949 -23.1544929541 -30.3596410004 -32.0251352725 -27.9987135209 -24.9937388385 -22.7058996545 -28.4495320137 -29.2510465954 -29.3192301772 -36.0710846757 -37.9014554967 -21.1703743272 -4.55050924595 1.58134453175 3.05885519993 0.873356236147 2.98473664928 4.67934593863 3.69223219443 -1.18944812349 2.68170536699 3.08255709158 1.26114930239 2.74930184159 8.01609301007
10.4363654247 12.1491063511 18.9685384089 21.0004543704 9.65128625095 0.820612630501 2.22172701299 9.44587532333 8.41132595443 8.06078662592 12.9162582722 14.7042667084 12.7446500429 14.9628993206 8.88662210435 -1.11828552806 -4.42281772408 -0.500511983811 2.62508977051 1.70322239061 4.27461174157 5.1209625978 4.27505729432 3.90316047905 -1.08841617863 -1.72221050738 1.90516055969 9.13922357447 12.2164172712 9.26189709618 7.04331649303 9.7653349343 12.0782692522 13.3971865679 8.18205184937 9.88217697912 9.73251984242 8.91117193308 14.217738832 18.4938048768
1.03223882468 4.09046220835 10.1042920085 10.8319255804 2.42456243565 -6.91869854077 -8.38150338094 -1.63799669423 0.347255946681 -0.824623704294 -7.73182588734 -10.6697757289 -5.20974924046 3.45648136724 8.11402796935 6.52791020921 10.5035619978 15.2190701459 21.9554171248 28.964241077 29.1761151228 26.7507073381 24.2822228743 21.7870626363 8.66740296371 7.91268199924 11.4704080213 8.96730684029 4.43649246398 3.62963752452 0.684964245219 2.15759321802 7.39941777049 7.51582667741 3.19972606737 8.84099667923 8.83382565865 5.00506378195 8.0022856304 9.20413425791
8.24361010378 12.1849232492 15.1384567041 14.7505540866 6.19879351881 1.93445724363 1.91886834193 4.48394471487 6.0162994948 8.12047990923 9.71162281747 0.213083211025 -5.11323934753 0.241286436148 10.6717627835 8.62932380206 12.8291315282 15.1221810619 10.7276973109 7.43869057225 8.37394770634 7.70144899893 2.8075672202 5.09405868144 1.59037599318 8.69086472126 14.9776927626 15.6567489841 18.8822621868 12.3757745423 8.47279521545 9.53047941173 13.5410933847 13.4376865806 10.9714787112 15.4347211616 18.2497105083 15.2343254234 7.89401684067 3.5606039886
6.26548439697 6.14840850131 5.93393260241 5.9501801624 0.433553393043 -2.44305013983 0.185611223814 1.6951608631 2.46672823145 3.83996377308 -3.81696341376 -19.1163415735 -16.004503306 -12.0902829503 -7.19903282617 -3.30564705675 -1.0756158547 -3.63313372903 -8.16689466474 -8.38005292415 -5.79665798517 -6.04004222158 -7.84717606944 -6.57915673171 -5.61183795868 -4.46335697017 0.32513103518 7.32507214827 11.267711417 6.04266349556 3.78389782919 3.71532723811 5.25730879311 7.18445986977 7.90476371238 5.14862901383 4.17734278602 4.16593658079 7.7016094423 7.11227419656
10.1577915819 10.6796070823 13.2594395343 13.2584464656 5.77340070804 1.18795277751 0.0685695533468 8.96295415803 11.9883627566 11.9074610314 7.61165014 -2.26146706536 -5.01120143351 -4.88461031802 -3.83582291077 1.403465694 -2.36823738397 2.81584547864 8.22864827879 12.3834584364 14.9621022778 16.8215865718 14.2050432491 11.6735126564 7.63496788576 3.16209632373 7.9410664114 9.28676383307 7.59157891765 8.27917692002 10.1941154413 9.42962568436 9.35850658705 5.61974660279 4.21033122714 6.56824910012 5.75205868557 6.99252696086 11.4393080379 8.53427437769
5.35065167908 3.08816527627 3.04747739743 5.64182432945 1.5868476937 2.2755744401 0.541581109888 3.159467245 8.9352881188 11.17213378 10.0596254521 10.3523122016 10.064380515 6.61937390465 0.430800025607 -1.13419382533 -3.92011510804 0.539950836768 0.349940555496 -0.848797579922 -1.17664424447 -0.432224438304 0.266661416105 3.24413273019 3.02961294257 5.19324138403 7.82051320317 0.873175555524 -2.050075363 3.51318204124 5.04174375849 4.46247256583 2.8623446446 1.56613910845 -2.4509787196 2.34777156877 2.421283641 1.11333849407 1.14231603286 -0.844768502501
10.6611035208 6.15213002105 6.19054719331 10.4699031721 8.33512855053 7.92860245717 8.0607623031 8.87124658636 10.4515143865 12.2739722891 14.5722957742 14.3520829936 16.8525810705 16.3367638166 15.8573087853 15.9752450168 12.8116706356 12.8306223934 15.9843343329 15.7251125697 10.7526060515 11.5818488222 15.4610584546 19.6003794807 19.1353330313 16.8035247236 12.5261036271 4.55772494575 6.25731904785 10.1048906958 4.23801448475 3.14625725946 3.38036340604 8.76749308523 3.97367783387 7.07081195971 10.3422938463 7.05907883593 5.89537158425 2.08648277491
6.71274030346 1.71409386413 -3.6568877966 1.78622202769 2.28231014027 -1.34359431558 -1.62649141179 -2.52056276463 -4.09326784714 1.00441642633 3.0849918903 -3.84034851352 -1.64785385756 5.39879105092 6.42122784835 6.30213160727 7.38517678717 8.40834469624 11.7121971617 8.74828720232 5.4811519576 3.9929012387 1.27900728251 3.5019678576 6.88207843643 7.94306003086 0.768935899513 -3.19502477979 1.81555133853 5.60918422891 1.99465914165 -0.946879277924 -0.795733908193 -1.41013404955 -6.67688454491 -1.80797776784 -1.31504808358 -2.15951675104 -2.29916346385 0.651706207871
