-165.336565995 -159.264340223 -155.584216716 -161.709778291 -164.723771465 -135.285962527 -121.579481866 -135.008100447 -148.260614822 -149.527181379 -129.858097686 -108.636466902 -101.671496704 -93.2490789149 -89.2881324904 -95.5994534769 -103.019339829 -108.172769334 -108.510141266 -110.221670213 -115.066479654 -115.803850847 -121.219009574 -138.581084604 -150.771172723 -158.97747937 -161.125584184 -164.651036405 -162.086430538 -164.292101157 -169.843009583 -173.218769839
50.2135322769 54.8496827259 54.3136069931 50.4829961789 41.7637250869 40.4919092577 53.6772151357 63.1712811467 55.959117631 58.5474170544 76.6222568772 90.6214631758 87.555668186 85.1607122518 83.7214313987 82.4018765808 80.9120931573 80.2854134769 83.1373121012 86.0651244739 85.2808144364 85.1975234601 81.483102719 66.7771472182 58.8336371721 49.3970212397 46.228205847 40.580365747 43.132881549 43.3799760972 42.5539118992 40.4546260542
17.8954066192 21.9353963093 14.412673012 6.60755952875 5.77259661291 13.902236536 19.5684982286 14.903885462 16.6295058136 16.8968742703 16.418699909 12.2990545075 7.78951119055 3.97057482297 0.567871209847 2.67871952101 4.66931344047 6.37468279366 4.40805706865 2.02926615317 2.07551190977 6.57993057323 15.4052536015 14.7708915796 10.404050791 10.8430839697 11.1688841476 8.12495588887 4.13819172458 3.60205797358 6.42698659392 14.6143906186
23.5914351686 25.0932607796 24.7681362413 17.0644333008 12.4704571215 24.561770623 27.0231660323 21.6296880497 21.7338659814 21.3797008019 14.8530541683 5.47494272117 3.11672678257 5.21482095776 6.96946689558 4.63390370826 1.27451608459 2.4844155283 1.39367678799 -0.544554412583 -0.000766215231371 0.288237451562 8.42226924117 15.7327714404 20.3586912095 21.8417539729 22.3663034155 20.4627590398 19.2321031527 19.8221234406 19.610434317 17.1165207522
9.33430963981 8.31191380344 12.0821693977 8.73133572195 2.52570143073 4.70842924227 1.34995839387 5.4178804307 6.88767155721 2.8456785233 -12.1119676055 -22.5425221919 -28.0871416811 -28.5196086755 -31.851173974 -32.96320152 -27.2643732728 -22.4796707813 -20.253746652 -16.3584782201 -11.351565742 -8.00592555037 -5.38834184605 -1.0524632298 5.82665967276 11.5071664985 4.64440772276 5.60864652829 3.38196485022 4.49263017265 4.36116455137 4.19339201614
12.0756291263 15.713805685 17.5235456606 18.2739372305 23.4864833937 29.2477323868 24.5030904915 14.7359383018 13.6915556032 11.3688910793 -2.46726795028 -3.67665708542 0.468440363082 4.27935875653 5.88011859061 6.60030089762 10.2564196897 6.62319100991 6.78647412922 10.4997645055 10.7095522407 8.14526161476 6.07789657733 7.00887606222 10.9707212801 16.654143573 11.5767022091 11.6607654729 12.162300856 11.9082542164 10.2986149898 12.2637328815
-0.484343541657 3.28934163566 4.35401211317 5.27979456021 3.64271439647 -13.1027977416 -11.8028502745 -0.50427902298 6.40644950014 -0.0566901747751 -1.70422223915 4.21051299441 8.21352509434 9.14630931893 9.62675999595 9.83787195421 8.61087324494 4.08949308996 5.17496337288 8.52979067593 7.94492094554 3.71861189124 -2.61896606217 -2.4604773256 3.23527475471 6.28288293066 3.07092887824 4.08202852518 4.56936621923 3.89879278362 1.32300962269 3.7585772851
4.81504107935 9.01668515532 9.32845773185 7.69330976387 6.94282052543 4.96623674456 4.79731590354 2.77964047264 10.5314132578 6.14345963087 4.18458037285 0.699015742079 -0.783203791869 0.869941356811 0.994525649492 -0.13888344283 4.65748109103 6.52819891218 4.53396434727 7.61345721067 12.0441533999 8.23463973684 0.988332448938 2.25629655187 11.3067414164 14.7915041035 11.9223259937 10.992220385 7.73490274825 4.54525531167 5.32745154194 6.39085771569
-9.94479150948 -5.45764357533 -0.837775302422 3.08359747539 3.01516401801 -3.0816700005 -5.55389842765 -7.24497646025 -5.94574302758 -5.58288652787 -8.0682044481 -6.33967763768 -3.58911302426 -2.75205030303 0.497222977138 1.74853203019 7.11753096881 11.9360707031 8.42061630267 3.74552770131 1.11279232528 -2.51906475642 -3.63264010637 -5.19932249781 -1.34642182141 0.218816901056 -0.61427187308 4.88852649397 4.71410584818 -0.501280297014 -1.29607438496 -0.364839702052
0.223224187449 0.395263530628 4.07206638114 7.23604421525 8.96555172824 8.26855013801 0.210629709038 -0.501668619201 0.977003785949 -0.0836170864552 -2.76550856019 2.32154897098 10.1523904532 4.64830887854 2.95818545193 3.95135228138 9.03533840054 12.8364968702 12.0946319223 11.8867142849 11.6826030814 9.92557815394 5.56385463837 -0.807023286653 2.81093097094 6.96755484057 10.8363512854 10.5311107849 7.48282104276 5.61299818119 9.70042812069 14.6995542936
-2.44063022747 -3.25168103007 -2.02685576436 -0.802983385927 3.12179193365 0.646805391314 -8.35752201848 -7.51202453103 -2.77723598291 -3.62852048609 -2.68770861962 2.24213800888 2.27472635138 -0.350821759673 -1.85691014713 -2.24262149998 -1.98923183412 -3.49820988344 -3.69547313626 -2.39564487531 -1.68462818142 -0.50303250273 5.03723451314 0.833539555458 -1.93468773721 -1.16061169393 1.34696405082 1.23253706775 -1.07341892972 -0.310515684369 7.50980068307 7.00991261202
-0.811499329374 -2.72892968803 2.34629151319 7.05313229381 12.5593061127 -0.039945426536 -6.01307451285 0.334123529816 6.0397951277 7.96148902112 12.4936011024 17.1110160224 16.0788851395 16.5142034735 14.9013911671 14.1781613993 12.7079040122 11.5736017974 11.5817305399 10.8190570747 10.6660909246 9.78020713256 10.2255554855 10.6624294393 7.11339025501 2.42048385299 0.628077545398 5.17224162675 8.82219692406 10.7438078699 10.5302298364 5.804926365
-3.25492139735 -3.81817035601 -1.73929780023 -1.20957839362 5.49252023991 -1.6983010408 -3.35676682407 -2.54331022156 0.886526508961 4.3794458584 6.91732641535 5.0142954156 1.24999784701 0.160985995212 -2.63308400938 -4.59730920296 -4.85478796589 -5.62660219546 -4.49268632126 0.683478815176 1.05411833799 1.94882874517 1.69254180397 -2.20073444129 -4.69311562381 -3.58705160393 -2.829290375 1.21045784986 -0.0894796526653 -2.30419137295 -4.83615093246 -1.55915090181
