-159.456350345 -154.060185904 -155.317397535 -156.92854486 -160.772273784 -153.404958643 -151.930294686 -153.499210787 -154.965392316 -143.178342907 -117.887490483 -91.0761434425 -98.0933364856 -91.5914416092 -69.9777960125 -69.4755425814 -73.8124188867 -75.7333284575 -79.7934768891 -85.016818229 -93.5730293453 -106.369911319 -111.151758071 -116.406192081 -122.03392506 -133.884180702 -144.22948124 -149.790557592 -151.512098898 -150.801101063 -149.947780827 -158.991828587 -164.113352624
42.765015367 46.4313444239 45.7212692744 49.449749343 45.803235355 47.5191669222 46.2735733517 50.0201668097 54.2867474637 64.9439785231 62.6480700666 59.5789733505 70.2601514385 92.5413098113 92.7681124852 82.4054549283 76.1083462877 74.3579238357 74.0270768387 75.6320186202 74.5190254142 72.3209845975 73.7212882572 76.0523649736 75.5053630571 71.0854927568 63.6300882902 58.8886834492 54.7159324942 50.7309578329 46.9411929215 41.957471409 41.1504792056
12.8237728691 11.1431994346 9.17842617354 14.3764147095 12.6630886479 8.54176791572 6.15493500201 9.19648480224 16.6528802218 26.917539336 27.4058733005 21.2166448536 13.308730922 6.89879014964 -5.74872232648 -8.81741508322 -5.57736668047 -5.55731223285 -2.11873374574 -1.46232353511 -3.55235728701 0.893268911081 4.31316612555 6.5812545704 12.7692283787 18.4790588899 17.3961695968 17.0721969455 14.266692335 14.4806362511 13.1318677516 12.0175060823 11.6952557471
28.3636633743 21.5513433747 18.2176758894 22.0933275242 23.8415080652 19.034858811 19.0926371242 21.7578061282 24.7167052892 31.4990417484 29.4948386397 26.7414058738 20.9709903666 10.0019880018 9.25805299749 15.3548558822 14.8185684625 15.6791748609 18.1743737413 16.4514567996 14.6329653868 14.1421139476 12.4725919075 10.8970446849 10.7507499025 15.9766770112 21.1446645957 19.3232867261 17.2864145696 21.0176757769 25.0260660434 31.1766361685 23.9338872118
7.9033994612 6.71882535033 6.52948073204 9.03771994058 10.979427443 9.30453586503 15.7373637629 15.663529216 12.9713517771 10.5732604349 4.149599611 -2.69545120942 -1.6353578792 -0.557540792942 -6.80914821329 -1.70993562446 -2.38975243051 -1.75431010163 1.25663084337 4.2721339168 0.332196949778 -6.08477397194 -2.08155139029 0.433618259175 0.320948721598 5.44122638448 9.14658165342 9.1267603878 6.74651250795 3.46633006329 7.92405719053 11.5417219593 11.6670371965
16.0610455016 18.272479428 20.0254680944 17.6859162417 18.2563622061 18.8847132016 22.5453830206 18.0646192389 20.0738410749 11.8801816337 18.7756558482 24.6430040149 22.1021654306 8.59746485092 2.16302951137 2.33222988035 0.230690468545 2.10708098184 7.85672999405 7.24826418736 5.90348286132 3.6340288705 5.57533092815 11.183671682 14.9723330441 17.8559375196 17.6883426592 17.2867761912 15.2392255813 13.2976744265 17.4705033727 16.934668237 13.7937069972
12.6092270342 9.99791089863 7.87744011538 4.82690484995 6.29195128924 8.31996341834 13.6339614569 7.56793262958 4.64806649485 3.92485852831 -9.703552153 -17.1494013479 -6.14411777607 1.79390877016 2.95786873195 7.42147654729 2.58675317884 3.92581943799 8.83516021994 9.5411218465 13.4173128232 9.87846575549 5.6629441713 8.05928688731 11.8428585393 10.1001876285 9.43665609872 8.83963744902 10.829134574 8.69770597213 6.68939083723 7.73120103083 10.7740726276
18.641915882 16.1017381378 14.1509819955 11.4374711137 13.7921220952 17.2335942387 17.3041184455 13.019718899 10.0705348165 5.65977332504 3.236588078 0.767015793298 1.63281099807 -3.01661450488 2.53527567784 10.3248361858 7.86209886355 10.9777389999 11.7592817833 9.92908731673 13.0926425444 13.8978316017 11.7565542105 14.5029003258 13.4900070471 12.9226470516 15.3457513828 15.5095357053 15.7448452142 15.6289040673 14.4099282582 12.5391816312 11.7052463693
8.36518879522 8.05544154735 6.34309619293 3.83092386083 2.99587528588 6.56857820503 7.16787389991 5.09988911845 5.37536637259 -0.0681510884268 -6.12145338227 -14.8822242118 -17.9276621445 -21.9757276166 -21.35930779 -19.0618922527 -20.4589003542 -19.8126207273 -19.8077207699 -17.6478725141 -13.0734532158 -8.69342300299 -6.98555087172 -3.23141949341 0.500133832204 6.06035752722 4.83725330904 5.08434534355 6.58726318419 9.66304601868 7.01297247253 2.73497117712 4.68644030245
9.64413227426 12.0240593576 17.8544161458 15.7406740734 13.4058335109 13.0149513015 12.9379256859 14.6575385459 11.5760177984 7.75713854448 8.12724578586 6.01195093941 -1.30335788838 -10.1201333478 -7.38774790358 -2.73837116039 -2.60820707246 1.27502151826 4.89138144152 7.52236297771 7.16218367159 7.07204852255 8.07886956462 9.55761499888 12.8841866783 16.1353422348 11.9294037588 9.16372408728 13.2762194667 12.9720405179 9.18933016089 8.37163704169 2.60966084412
3.01493908342 5.88895187248 13.8042515851 12.5435965339 10.8428046209 4.81633502749 2.95855821833 8.31524784922 5.31054675415 2.92271094596 8.09078955294 13.4711096341 12.9369968154 8.01945778612 4.7566467848 5.10840054133 11.5731783014 13.2993481838 15.3811484215 13.4739511572 7.80250739164 7.46272694716 13.551400047 14.7236807345 11.1320974712 8.65351639243 6.49350878168 3.15282246974 7.64003686448 5.66069775546 3.7260008172 2.44481574512 -0.617018622319
11.859941452 14.3005892193 14.4390192352 9.60794893132 8.63548543997 8.4500665913 10.4117390231 12.6943763101 5.74292179695 4.09836382733 1.53836624749 8.73808184437 16.4626633931 29.4416819548 28.950258126 18.5526580673 15.4065119166 16.8024401469 15.9183327137 17.862082104 18.7022773567 16.2281641268 19.4614162163 20.135539909 12.2476932372 6.8663863087 2.85061245123 6.39842287012 9.8740519655 9.6852728956 10.5300124106 4.66284814653 1.14868192334
1.51357079003 2.40934925897 6.23758478286 1.63772358497 0.241206069958 0.312575658644 2.53340163145 3.05401703565 -2.1066406699 -3.62769278065 -2.73337979814 1.26618011603 2.82826408688 15.1967314975 12.5185856525 4.56617002176 -0.29432532201 -0.280300741481 -2.65819184977 -2.41123480557 -0.976132636925 2.93554255661 2.5310894513 -0.829623994168 -3.06661789412 -1.43615407135 -5.43263419995 -3.51175645233 1.04920431734 4.67020231745 3.70309272813 -0.914308932411 -2.55887403271
