-176.761540155 -173.476398118 -170.680423393 -161.940552246 -156.511410956 -157.468481408 -158.23826078 -144.104882389 -119.042949941 -115.589877265 -112.980717928 -89.2515403423 -78.5524499406 -74.3317372413 -73.4896284518 -72.9312400974 -69.9499972367 -70.2857753901 -74.3266541764 -91.3073916162 -104.556552935 -115.775102895 -128.582441036 -144.024881701 -158.255614206 -163.507855719 -165.416105568 -166.297780111 -162.254580048 -163.17401255 -171.054934805 -169.090746061 -164.074470651
39.0516684166 43.1820885074 43.1693745218 46.159978979 52.546376913 56.9571133488 56.4317298904 55.7807148888 47.8549568562 56.2523279274 79.9022005978 97.6491050332 96.8048956883 98.9964461676 99.8043992785 92.6912283931 89.3691185518 90.3465733754 87.9079451122 82.5121156127 82.7156079259 80.2521676434 75.7418105148 67.8145940442 60.2126221308 52.4947643865 48.1993081502 47.0957893055 51.9192442806 49.8852411233 41.2814553478 44.4091109343 46.9082595213
9.92734228191 9.2615007331 7.31243696026 5.12486175855 9.38116965512 20.3715226991 21.3167006582 18.3235592687 17.40029208 9.40710988105 5.83559681561 -4.10152022066 -15.0803086835 -18.9832531311 -23.3714641244 -30.4447200532 -32.9222238259 -32.625025933 -28.9143037114 -19.4363898577 -7.41729120544 2.44891952564 5.13338527268 10.0515182619 17.3990286126 14.9945534175 12.8834487047 16.742169115 16.8636105899 11.4003807404 6.02333564892 5.29840086243 8.04910688554
17.83454276 16.3942619648 15.8319975303 12.7341422361 15.3069144798 22.1143118478 26.6496713916 22.5723095029 21.6351634199 18.4578862557 2.46343490076 -9.43145255749 -13.574263201 -17.9063102766 -20.6929935376 -21.4052601278 -19.0015535547 -22.7412648928 -21.1739040456 -14.1150786504 -8.45293512025 -2.67645980432 5.59037032866 15.788042243 20.2764640906 21.9166841509 24.3614161684 25.8714514208 23.7915400415 20.3166908888 18.9150766922 16.4145072411 17.8916622012
5.70811988018 7.73272708417 4.11471084201 1.24264069786 3.72427406551 9.27133863654 12.4810418665 7.74902406872 1.64174703526 -6.44539396745 -10.3117398811 -13.5522486421 -14.3956291792 -13.1686692093 -9.0782233688 -8.68611765913 -4.58790562703 -1.90449856422 -3.4919488364 -3.47846190121 1.95190955987 6.03847331261 6.55518552501 10.1549362086 10.9549313216 11.9314157084 11.9886387091 10.397693013 5.59874263992 3.22269905209 5.32700753102 5.79175675299 9.05411323121
19.4354927664 17.2936027271 13.6556719809 12.3783570144 16.9630743897 14.5375538328 12.1542139122 15.8973675929 21.3656218792 18.4892430631 17.4923307509 18.653738415 15.9718701284 13.4377028923 10.4247635795 10.7662896815 15.9441212202 25.0490624542 27.6296821847 26.4142751216 28.9820394556 28.7906051882 23.5843461545 22.0488092767 20.5225999747 18.3276909694 13.5463873501 14.4993688699 16.6006116398 14.4235848503 11.0068157414 11.9266983092 15.136750889
14.3065148359 10.0105440811 4.37706822291 7.75059941527 6.76555068513 3.05717904544 -0.321600053902 -1.77597364371 -10.9101033565 -4.92364112958 7.52461456376 8.45177202821 5.89636941093 5.78879877612 5.88385897195 4.1753061071 7.61884196611 14.0884739947 14.0786493012 15.7743093877 15.8854365995 18.8793032755 22.2344548757 18.1566484024 13.2447961814 6.65987882978 0.609046159628 3.11750810544 8.88681903886 7.31152726791 0.36321988008 5.1316589418 8.58416016238
19.1383067343 14.943290019 14.0363735055 14.9042119918 12.3934685402 10.9492503667 10.119346394 9.67090723437 1.90791300763 0.00604460528575 3.95088559793 3.63384715651 7.0111041788 6.43088015078 10.4092763526 9.10969761429 10.422341627 12.6478358831 10.0247298845 10.7477364285 9.40255932395 15.5250242147 22.1141181213 23.648402281 17.9718005704 11.1394084281 10.2617691884 14.9420575679 16.0683934151 14.9360736988 10.054047643 12.7763417398 12.0179257944
10.5916884586 9.34355833959 9.05225269706 7.07502241134 2.67938762476 -0.862504612033 2.9304117911 4.48428248083 -2.5381582245 -8.82277039914 -6.82088365676 -6.30790317654 -1.12039055615 0.283740342637 0.307041308946 -0.585141124259 1.69149795371 0.915941498545 -2.66963280995 -0.790042159122 -0.779995746733 2.08668501749 6.2565452283 7.06456105754 4.51379341104 6.24033755442 6.7384006123 4.82642466172 3.07022098105 2.58159713103 3.37425753226 3.77197543775 6.28356956824
16.9590937815 16.0046003999 9.62341325693 7.37937956197 7.53545518074 5.26294085681 6.02176071542 9.48630271722 6.73797385535 3.84503461957 4.89625749462 5.80725429759 4.41061404876 4.45130319112 3.02481299761 3.75265951724 6.74674461867 7.61455193396 5.21060904905 1.80228200291 5.79404744879 5.87918150604 5.52829546508 8.32100358344 7.65417006179 7.2310337693 11.197873951 9.53072412508 8.36856757095 11.4359642391 10.6863344213 13.703405356 15.3288011744
-3.46540987578 -0.472454991258 2.47851427831 5.39095701612 2.95748995165 1.64692217236 1.06135088336 5.64333781639 4.03857572238 3.86100473461 6.84629776813 7.85471235617 5.70700553153 5.91741713546 5.60665911726 5.36367924048 1.23649993618 -2.26874376662 -3.03747300461 -2.91718063471 -1.94304424895 -0.979638144135 -3.3428796647 -1.50382403102 0.218332846568 -1.73938288072 3.0463284426 2.67678009288 1.77008387625 3.06971953788 4.70541923838 2.9414209527 -0.630556409514
-2.37921016705 -0.89594891815 3.72054247422 11.1168092377 8.6650464829 5.3140209262 3.81762606145 5.35973339034 5.75402207289 3.34928875851 7.02528165465 9.77833680951 13.3268399754 13.5415855573 18.1222830067 23.3680633226 25.3654611799 21.1834454738 18.3369821533 11.3677847488 5.85435111721 3.83291121516 1.85955254723 3.31808349065 3.28182716652 6.22138431818 13.1731927832 11.7842070846 5.71562978027 4.63037150252 6.86719156861 7.09848125432 2.16761469912
1.47511417941 -0.219832511036 -6.27677513892 -0.38072026414 -1.98635408737 -8.36490227706 -7.92172352745 -3.55374273529 1.22377764501 -3.72374946202 -2.04663487016 -1.65182978693 -1.5536263442 -1.09707747589 -2.0005590697 -8.99390709141 -8.1090441853 -5.76967441176 -8.70194443468 -11.1693599668 -8.11213602105 -7.32776420357 -8.33784491959 -3.10962255263 -1.76603089824 1.51544002748 4.27651121655 7.92052661442 9.09607997556 2.21577263946 -5.53762466238 -1.50129754003 -3.64706446313
