-218.963885363 -215.924166299 -217.731293521 -219.113220299 -223.898902326 -218.097809858 -216.071740961 -222.185882255 -219.689606554 -202.698692845 -166.839674968 -133.694241334 -142.41225211 -144.139564361 -106.026818104 -87.6423608402 -86.1658307685 -92.6554203358 -93.4431613747 -86.3649118599 -79.6668470265 -64.5449964991 -64.8182163062 -83.2559328274 -93.3011101322 -116.122366426 -148.388483054 -177.952029806 -197.808878346 -212.863697315 -214.632459018 -218.002146645 -219.412646373 -219.579668718 -219.405256622 -217.99254923
38.2498501769 40.7763004045 41.4588156872 39.0510411587 34.0433576271 38.8620660443 42.8090932729 40.2541354939 45.2180556761 63.724097572 59.9658687661 52.4169842283 60.341009168 56.1953638403 87.3567527683 108.998617223 107.885076755 104.121476003 90.9056983074 87.1036338603 89.0614763784 97.8897792114 94.1939722462 84.9954665365 90.4651086089 90.8636642844 76.9001702288 63.3756151853 53.437974797 46.2422925648 50.3727051418 43.8934878822 37.673702852 36.5934052183 40.2627971568 45.640365026
3.38008830635 7.11774256814 6.80067440953 1.03959781404 -1.4814435274 -0.687869446977 1.14386921756 1.09740121002 9.17400720271 23.5426838308 27.9600160154 15.4092226434 5.93551919145 3.37403006315 5.80606571858 -5.96916304286 -20.6907389189 -26.8480190247 -32.3413218977 -32.9389092442 -43.3632674619 -53.9208209833 -57.4495648342 -51.4153005393 -44.6042470298 -33.4668508731 -22.8477134386 -11.4709621831 -4.78154705439 5.3996839964 7.21911747623 3.9478157562 3.71955732984 3.27053032176 0.441569679754 11.1693355809
14.4974786928 13.3097494064 11.1052919643 8.56043645731 12.942363009 16.2044351785 13.4929565877 13.7637615913 17.15918729 24.3346627801 29.1956727628 23.1058393386 12.7825031198 15.9149132276 -7.09562336011 -21.0557280567 -22.8896514664 -24.3354230167 -24.9614912989 -23.6242559835 -29.5689505054 -34.3388333068 -31.0062903169 -29.1354937354 -29.4675897663 -25.6374880911 -11.5169518943 2.41425089379 4.89781960423 9.29425888348 14.5481023082 15.5299939901 21.1543878256 19.4642082232 15.2460935871 17.8526962748
6.20667810653 1.82662667271 1.06905142058 0.682735574152 4.42712454616 8.43138720773 5.86592048239 2.74592116353 4.31304108516 10.0598193159 1.58174844235 -5.61727266973 -6.41347848025 -2.07932707674 -32.799084773 -49.3034040407 -48.3339732955 -44.9097205675 -41.0784827179 -41.5760136019 -41.8879443131 -36.0344580309 -32.7915639887 -29.4081582394 -25.2390602033 -22.0312116947 -13.3634858584 -6.44851212224 -6.7085486552 -3.32476056936 0.0365546408489 1.75584630096 6.10955489385 3.6008460114 2.11246253106 7.93577191266
15.4981168844 18.9485096608 17.3889103309 11.0719977459 10.3037006314 16.2819572946 19.4639822367 14.7681817801 12.5925037858 13.9221530057 12.704553502 16.6662446081 17.9158856282 21.749928325 5.8105938461 -3.32944042114 -9.46222187455 -8.56388436776 -6.56676367405 -5.5532114399 -0.413521768816 2.48422215044 6.59685149441 7.9054857824 5.10443061435 8.4661079318 12.7252432656 10.1792285391 9.79134287837 8.46872527771 6.56406184291 6.55985637764 8.04662803352 10.7159737637 9.96298941449 9.89671961284
0.700921878396 3.65807473405 5.90163317576 4.39750893652 3.91544026958 3.55585237521 4.77711417006 7.01775789063 0.682630735228 -3.59006900094 -15.6706303187 -17.4877352478 -14.345673274 -11.996822507 -2.69882171327 11.5103581331 18.4009506403 19.2894714281 20.8292900771 25.4901867578 28.4243010282 24.3566674356 23.005195095 23.1397927939 21.9400236245 25.6651516151 25.8609295788 16.0967574689 11.6299818097 7.87309289612 2.25884296192 0.578372111574 -0.132037056441 -1.67412829386 0.970960585484 3.92750037906
4.58284855472 8.62046599252 9.51204635197 10.7851908842 14.8896821816 11.0341764182 8.17902575639 9.37989489501 3.98504240824 6.13168243794 9.50826192363 9.61984293421 4.26498066756 6.69741743612 19.2058810034 16.8299313085 16.6307780774 22.2733132556 29.3944921824 36.0784515 36.0163946982 35.7136644732 32.1262594235 28.4343054546 22.2828117754 18.6163633718 12.6311282804 6.8508829203 6.59374253784 11.566981197 12.2847375765 10.2376774245 8.50713541649 8.249245533 9.65695277624 7.25386359619
-1.11877475499 1.94536878782 1.68612852631 2.45503751873 5.2879116938 3.04587793686 -3.44612246708 -0.114775617531 -0.13382589974 -3.69502119727 -6.93333645891 -6.19967056093 -5.7120649794 -3.50029167713 -3.63306201193 -4.28686277722 -4.88484091581 -11.5828127914 -18.4968447706 -21.1790184557 -23.6394845951 -22.9717106134 -20.3440755482 -20.7436091438 -19.640377361 -13.0580624587 -8.42430651682 -7.56390951264 -3.92972685139 -2.02169674327 3.42710633195 2.01614774802 2.96333207815 2.87572215826 0.300710856096 -2.5389797726
6.49653928792 7.3464073184 4.12875583582 4.62641003846 3.6035210015 0.557726433208 -0.365091705323 4.60889743819 4.12432393985 -0.368945996646 6.53471210066 10.7101175273 10.3012395729 13.2694470355 6.38028983302 11.599878971 19.2986798916 22.4991585997 20.6975501912 20.5779034974 20.579453846 21.7166431807 25.640274856 24.1218264277 19.2221425995 17.5074197716 18.9038573916 12.4016876032 8.14543229427 4.1524980322 10.1476838417 7.86043100136 9.86755286756 11.3467847212 4.08389644654 -2.31966050982
9.08337471696 3.85511537377 -2.7061332238 -1.56898836173 -0.781870442313 -2.94678214423 -1.42300531371 2.50150523731 -2.97924306158 -7.23271998287 -3.47221150933 -2.8610386746 -2.53169165747 0.184245695806 -4.98126613409 -0.960960946378 6.10828585472 6.98045994071 8.32998884063 9.53013802616 12.5867519634 17.516033786 17.0456706436 13.0982967392 14.0369167356 13.1619636675 8.12170390435 3.70146127646 4.51244670854 2.08469549562 2.7143157565 1.29191706324 3.90852173164 3.24966892731 2.40039336817 3.43039395111
17.347623364 10.5770949892 3.09808227167 5.07039905825 2.52119111684 2.47696434007 6.26000119815 5.19904716359 1.09983562145 -1.8337980436 -1.84821431172 -1.63391723503 -1.42949209426 -4.76538096733 -6.5592313038 0.793001484817 1.72845169166 -1.40073241349 -4.16151324893 -4.87571506193 -5.45063007194 -9.4655658659 -13.3038364527 -14.1662506111 -11.7060859903 -5.58968007737 -2.11986688344 3.15213089249 9.56125174289 9.96659978107 6.31404814137 7.26076781452 12.9329680937 9.47000455466 10.0729298215 8.84432752134
10.2420215818 4.7751655821 -4.30545789749 -5.07565794239 -2.18856329422 -2.13465962175 -1.2446183036 -0.894696754656 -1.3830720736 -8.32439421599 -10.5110069971 -11.5486365609 -12.4866965768 -10.452995987 -9.28563628636 -10.4842079773 -10.1078043773 -3.29844275267 0.734563264019 -1.65373099218 -7.55135320648 -6.20156567312 -3.8566473957 -1.17265578015 -11.584902181 -15.8819148882 -7.34035939023 0.652957247989 0.0430232896942 -1.23642127705 -2.09450258896 1.73863848627 7.5061183208 3.02761837929 -0.0341209987588 1.70481226394
