-305.66141494 -293.697897541 -291.958499462 -291.411049025 -292.435461034 -293.109091677 -289.224369957 -285.084330259 -286.559392807 -281.075472162 -267.751005545 -256.989848002 -250.002901447 -249.008477824 -198.936262362 -160.387202387 -166.884193252 -190.188994973 -168.496680103 -123.16501789 -93.9311761666 -78.1435404773 -61.60985065 -46.0877298439 -42.1361205918 -52.0186610167 -66.2185342213 -101.929774909 -156.99368765 -204.593458938 -246.209006885 -264.801171062 -278.661474801 -286.613034514 -285.107252271 -284.166151904 -286.42734757 -286.458300575 -284.665903401 -293.947302529
28.770200478 37.0771988101 36.2858254349 37.2142032212 33.3201075128 34.9869186688 36.989871697 41.4305592229 41.1663730044 51.4020719341 69.8835255737 80.805506302 89.3886643577 78.9895749902 80.3950312558 84.3532946421 81.499646553 80.5047467452 96.6373072196 107.043788274 97.6766420093 83.5346575281 74.4891090678 74.369690811 77.7419539139 88.1653920338 107.794833503 125.129585643 125.501334995 104.651254276 80.5184861183 60.9933568532 47.7769901535 43.5321737657 40.0627657456 42.1239343468 42.80889938 41.5251398247 42.5545796741 40.0964619511
7.31968493966 4.28932768213 3.29755092493 3.89133121986 -0.735972573195 1.13413169663 1.59313211373 2.2393786928 5.21525617797 18.364876358 32.6409371906 36.4196305679 40.5359153363 35.2409314874 27.0224747586 12.2257568683 6.02914171513 7.35629778334 14.3487556134 11.4213809847 6.17873269474 -1.26372191608 -9.21262432203 -14.1744255668 -21.1622819182 -26.3482039325 -25.6750298251 -14.4374107281 1.20030833871 4.77329684766 8.93461516396 9.11874893389 7.57458991768 6.84563324034 -0.650194526334 3.63525544986 5.723355638 2.03484795976 2.68958215019 6.37461677346
16.5965819314 14.8760745986 15.9405089517 16.638103543 10.6339504491 10.7076322854 10.8697540039 13.3912444572 12.6048918534 26.4041859809 40.6894809463 41.1308673193 37.8749337663 35.5756250188 39.2271718386 37.1533665478 31.0650972777 22.0095836716 20.8300632895 26.6547842263 34.5235666255 34.9721617803 33.3687480693 26.6836987956 21.5781973107 19.871357497 9.79581879314 -5.72563537312 -9.45119963977 -6.4035650618 -5.22230907243 1.93038876599 9.34286842405 17.3130755293 13.5373580877 12.3662214571 12.6600976285 11.0180180037 11.7876617992 9.56660585633
4.64929110196 2.24679001251 1.29679962303 3.90229273544 3.54479609562 7.35477622658 3.83867194718 2.81302594154 5.82684099988 14.6468400916 23.1694383961 24.437515497 19.2225558109 17.1332776174 13.597952168 7.82716571924 7.58320539557 -0.41672961216 -27.9062671687 -47.2414910343 -56.6054181961 -63.1830744122 -66.2496133348 -67.1677731264 -66.8661924711 -63.2613432168 -62.6816260942 -55.3005922188 -42.6062895877 -28.9685648604 -20.0982010925 -9.98137310628 -0.919111130757 3.80917212057 3.91851470187 1.72826680497 0.094686306394 0.130235521654 1.93659856594 2.8973477096
7.0921173557 10.1294442779 9.41791236663 14.9182616952 11.8611783564 10.4184995645 12.2881278141 12.367390432 12.9648554011 20.7823061917 23.0127758132 23.5598236084 16.7955495805 18.2580271586 23.0081465287 21.312909485 19.2975441487 10.7912471835 -4.62837438666 -16.7370883003 -20.2124169798 -21.0555098439 -16.6159846438 -11.4648536582 -7.07705369863 -4.64258872332 -11.5499877777 -11.8384932319 -5.85575823534 1.37996310093 3.25385207599 5.18430859179 8.70029549822 13.0336504255 12.8608112931 9.17102339959 10.9271649765 7.82208141236 9.93629987203 11.903661892
-6.82042211453 -0.0280642677118 3.12535373721 -0.759589426371 -1.94275734945 4.3881912335 5.43713796798 2.28126686955 -2.56527340429 3.45000931392 5.52480735962 3.75041767212 -0.0590108406709 -0.176737773949 -7.52739434928 -6.16311850831 -1.16462188547 2.82428696508 0.662132069121 -11.7339870457 -18.9598120532 -17.7354148294 -14.2653234577 -12.23561862 -11.7339020334 -8.21946667693 -4.74091354962 -4.56196816053 -0.80655260686 7.56692055883 9.29909803384 3.89291124004 2.34258259906 2.20803753663 5.0534069426 3.29403095667 1.02952012157 1.88185351103 5.56623278431 4.41694638963
8.93012249347 7.41174276566 8.22698776369 7.17812567668 7.7563138416 13.4993631607 12.767173899 9.19248776284 7.14444920034 8.72361667954 11.1315020811 10.4464003013 5.99820510245 2.79469583183 -5.25586524105 0.474955707618 8.76976714487 17.1136990419 14.0906826882 8.73099754464 3.20943709569 3.89507506099 10.1479412845 12.2324545212 10.5940132428 10.1330192326 11.047063533 12.2786279074 11.0816576865 15.4984854604 19.4460929441 14.9693013234 10.8511396092 8.07532875116 11.989126427 12.0406368282 10.362049365 9.49309206465 10.9124343053 6.17083623115
4.01114483238 3.03621706004 1.77186313858 -0.220497445396 2.18832548576 3.08713832982 0.382767816319 1.66390062291 1.70046850738 2.47699850502 6.26579545441 1.63365498156 -3.20181096933 -3.81253775715 -15.1035831042 -26.2540165053 -27.7058631904 -19.843346537 -12.7923660909 -3.15692768966 3.30347719523 6.43390193441 7.30466836086 8.61991596119 7.26141355516 7.58192391531 5.98590616445 5.61567503756 5.88678565948 11.3657897248 9.5875005673 7.01224775385 3.98939989893 4.17522726891 1.40454755406 1.75819050987 6.74343207759 4.01843158911 2.76138049794 3.52740389738
5.88675508368 10.218561403 9.84710776816 11.4590697196 12.7457979688 6.30793214577 2.21880752518 2.09785520191 6.66630250378 10.8176732939 5.5462226958 3.62252820584 2.96651024085 3.66633728759 -0.426557877118 -2.5833210426 -5.89417901983 -8.15721867015 -10.8334983198 -8.58041899054 -5.22655052752 -2.48878232467 1.48342471912 4.89270006104 5.83743770768 4.63627441095 0.699585409048 -0.0788694581267 3.22350083414 8.9324882009 12.5234214061 14.5668369085 11.8178085769 7.68853415056 2.29588364984 1.54123982723 3.36915882025 6.54166203896 7.27002485082 6.56531646074
-6.85456561411 -0.967853053491 0.73104620054 -0.259833351279 1.52939767491 0.0712563321638 -1.26396329105 -4.642329145 -0.991745340896 3.24023078374 -4.80309281258 -5.91161223201 -1.98474961064 -0.109950261695 -9.86180678699 -18.3078888077 -22.6072788813 -22.2774554866 -26.362014392 -25.965411316 -16.096157592 -7.99848972336 -2.8478204339 0.707683963946 -2.68992261096 -6.18671767033 -9.42413217799 -1.73091841591 4.07118185536 0.915022017255 2.51815902048 3.07496641943 6.98446180615 0.455915066041 -3.80025095032 -5.23659466567 -6.7660726986 1.25345366661 3.24080122779 3.28887501857
-0.323207072455 6.41723357013 9.274699819 6.83739202208 4.41260141461 9.92060666307 6.68766313551 2.89943948168 5.75061706204 6.35485164646 2.81353732297 4.20333350126 5.57008045247 7.9693786899 12.8558891972 10.535510998 8.61809303801 5.97449113647 5.64482966659 12.5222271832 18.6327698881 18.8957945281 20.7117677753 20.8278982803 23.3175603831 24.4408715873 22.7707003155 21.1514967149 8.66579861618 4.33731135122 10.6081825286 8.18141979429 9.21844934036 6.83947017941 0.241895925865 -0.808690444849 1.04789340423 5.96690950374 6.15100833257 9.05737960432
1.89014784564 3.79985896943 1.03086249447 -0.416768934521 -1.984518258 2.54176399622 0.63140073727 -1.22270651485 -2.86032084339 -4.88798577835 -5.35188242186 -2.47177331343 -5.34500220189 -5.69341335028 -13.0060911303 -15.5943879339 -13.9661239643 -12.6053542138 -19.3183043812 -17.5858312087 -12.0739354995 -6.70608051291 -0.906984240104 -0.510689492253 1.24897373797 2.0693054444 0.20279332458 -3.60887375929 -6.35817465561 -1.68720389956 5.85219792275 3.69743247964 1.76643953709 -0.735305371112 -2.62153404552 -0.155538146468 0.820506913746 0.440738279182 -0.132600013917 4.59981248139
