-270.085534464 -267.959410421 -268.8915755 -265.774783846 -246.857194488 -234.503629163 -242.915788123 -231.553703026 -216.513265913 -229.924368848 -194.839793839 -125.763191545 -106.182901539 -102.064433505 -95.6780477209 -80.9039182859 -79.9887368503 -88.7757290308 -104.583546138 -116.093335638 -107.109154818 -113.424764084 -151.612296537 -195.451751609 -229.782713206 -242.062515983 -253.505628258 -264.655733041 -264.929904064 -264.785678562 -264.869116392 -263.73686434 -268.448885322 -275.52751803
39.9380487712 39.1259434997 36.3717463301 37.7491919662 58.7872385086 70.8462442463 66.8387092262 52.037592043 41.7224223391 47.2586347936 91.9451053472 108.116173871 97.9546044364 86.2930068828 83.2251005579 84.4611745867 87.1186723238 83.8724221379 75.044468543 77.1948140011 101.908234889 122.636216299 121.201463016 97.1481618467 72.2961560767 62.2301597526 53.0826155702 41.1040135976 39.3515672373 45.1140897971 44.2451129374 42.8444837173 38.4522626341 35.2342271263
7.73902199161 2.99268249947 -0.21856026483 4.14776785826 21.1158611564 29.5075280291 27.4665306079 24.1767482706 23.47861043 15.8185737507 15.037814691 -16.426468929 -33.1909448524 -46.7814374069 -57.801079273 -69.7312265953 -73.2060554774 -72.9833713181 -63.8601864693 -52.9508716251 -53.5922074954 -42.8797237687 -21.81061354 -6.07642385722 1.35779787381 4.71901428421 3.70151908584 6.41964784968 6.92873983503 6.51654802835 10.1056116242 11.9979527747 7.66792298336 5.06941220032
13.4862095726 9.82596701464 9.44766816023 13.6480023234 24.9100267672 33.418672311 31.8733823002 39.9728666717 44.3357320871 30.3532809667 7.7814389698 -3.35850782476 0.979752555149 0.227245278944 0.232076424507 -0.107426901785 1.35576320806 -1.14412107234 -0.155745308082 -8.07293886873 -25.2383802894 -31.1178551903 -30.4778907112 -24.3442575658 -10.5286580877 -2.03941808772 4.17062024919 15.6783026706 20.3701723037 16.4550996047 22.1652596441 17.0771501105 15.269320624 12.9646843885
0.0193319830861 0.270781995213 1.79223277359 0.294004667457 6.43929744816 10.5575816379 8.39260510431 -6.88169208012 -14.5677729078 -8.07926305367 -19.7259278932 -39.9287646248 -47.1615252495 -47.4193360435 -48.952797514 -46.9684514523 -43.4088618609 -39.1180918785 -33.6633966301 -27.6455697101 -28.4357165228 -34.2947404737 -33.643467013 -28.7843411794 -16.8350151986 -10.3765535781 -7.97462743286 2.11966250773 2.47702060417 0.570122079787 3.9370646183 -1.69827368883 1.05850909081 9.5109350003
6.50402895446 6.45750045725 10.5983471071 13.5544180808 16.3940194215 10.5087650707 5.50136999117 11.8053622494 20.598406106 17.3139946922 -0.441610444324 -2.5109853391 -3.18880447837 -3.12003190114 -6.55066690864 -5.95988145991 -7.5048037923 -4.73400079918 -1.87315054458 -0.698585131322 -6.61872519435 -6.50018980297 -2.85224664898 0.753415096133 4.43184600212 6.79969644847 6.57490078999 8.53113979233 5.97029323281 9.04580485366 12.3130631964 8.13425765922 9.29695239559 10.8253734133
0.150895832451 -1.0194136398 2.00267822733 6.68723201954 0.579150441517 -8.34771531211 -8.82733281258 -5.22617471695 -4.59316203838 -2.82695129184 -2.94882865908 -0.972275408656 0.736515872892 0.766463728588 5.11193939444 10.8349706679 12.9681418803 14.4963352525 11.864209271 6.74875512556 -1.92418644466 1.13075747122 7.76570537109 9.18899482299 6.9864223482 5.5562808363 2.19667302302 1.07523622142 1.77981480894 3.79683025671 6.25972214093 2.35709849832 0.303117654756 -0.183408880353
4.56192956047 5.52291451004 10.0121719736 10.1651925708 -2.07060109403 -5.31036515384 0.416453904129 -7.23277665227 -7.67382474543 -0.633815526686 -0.62707750085 5.13149953976 7.16541220987 13.6762365127 17.4628457491 15.6417308804 15.4550056135 17.5529080401 16.4206503444 16.6668654161 16.4857784421 11.394829362 10.7282529883 15.3515698929 13.8330819628 10.5542110052 16.2010842839 13.7435021737 13.63842762 13.3529775592 12.6245733536 14.5604974889 12.8568860643 6.75878914746
-7.52678141433 -5.79955924386 0.60089746551 1.84228053486 -9.48006342002 -11.6184007316 -3.22168503552 0.521969234685 -1.50127829425 3.73895013373 -17.4044311966 -15.6716250725 -12.8001990249 -7.86202832965 -1.01170389955 3.50388342172 5.25997471294 2.21841115142 -3.16159098569 -2.22439346054 -1.92766982584 -5.31458402631 -7.2986644194 0.98265789067 5.44220934552 3.51947832478 5.72214839882 5.33601846708 2.06724821826 2.66533351167 3.94256408665 4.56406583325 4.59966897256 -1.02471791993
2.29555901954 4.06837887021 10.1479461454 10.9955678652 -0.923719476053 -5.87782258069 1.86605289397 4.89651614297 2.40707519767 6.65627276895 -8.98697949368 -10.0302458173 -7.85546108121 -9.54558544592 -13.0694357026 -15.8242025182 -14.3187288319 -11.4797845073 -9.91864557533 -4.69789268833 -5.88646703005 -7.96715700411 -0.254681874532 4.67125653459 9.88286411284 10.3611694914 8.39106217442 10.4917522559 11.3684253052 8.71877315698 6.70785368253 6.7856216865 4.39044854996 1.14964797282
2.58923172131 -2.51172104458 -1.43033639611 1.90735008857 -2.98259306911 -3.65389563309 -2.75206317036 -5.5066073335 -9.3638260771 -5.17670278357 -3.42349978724 -0.843808327097 -1.84144049737 -4.10304915119 -3.34752983539 -5.35271564852 -4.12966059499 -1.73768590912 -2.4100603005 -1.88809365361 1.91520732068 1.38662903137 2.60195156068 4.20003711929 0.88951421104 0.11995920832 -0.00539725056991 2.39707434934 5.27742931315 1.53935601654 -0.752454321296 -2.82393401804 -1.66136812871 2.43794766957
2.90000659696 1.24994690758 3.9701840058 9.35938836074 2.32424540699 0.793250579936 4.32706498039 5.41390567839 1.64138416242 2.51742778903 6.1124375883 6.14154687758 7.3270051897 4.34875166058 6.49284169272 10.1818644275 13.7673539022 11.9611433829 6.12599470466 0.580380291518 0.496692741256 7.21771100298 6.75805169031 8.55330579099 6.32120767616 8.45872317237 6.84173423526 4.77680248585 5.03239538165 4.67011386131 4.50738391221 3.24539228691 3.13201775593 1.35533743691
-1.22777418954 -0.776030998852 -1.04985326581 1.61309464189 -5.30493894316 -3.92057189281 -3.45369915684 -5.08007249582 -5.73407757791 -7.30182591099 7.08868571022 9.52941034064 8.29470797925 0.952749834534 -3.45444772691 -1.73451903546 -3.73614966995 -8.8587860292 -10.2366407758 -10.2078820448 -13.4513882904 -7.9772884899 -8.31934885395 -8.25782790299 -8.93087495293 -0.0749622303251 2.78130547015 0.0814587093493 -1.82650490919 -2.54450552808 -0.269479568333 0.124662178795 -1.38481647058 -1.34513142808
