-347.949393862 -336.571493035 -328.274327751 -327.159735359 -326.164537802 -313.45065478 -257.603890797 -223.938824098 -226.69298393 -242.770404464 -243.198494766 -222.778195615 -175.438447235 -129.423089316 -111.096478287 -101.875975812 -91.1725235776 -73.997319814 -64.1483334691 -61.1271526947 -76.2422202281 -106.050083744 -137.366316911 -178.253269079 -231.770195865 -281.671540296 -308.284978393 -325.030267037 -336.481286007 -342.761471507 -340.900363049 -341.534160922 -345.878328987 -344.983624576 -344.832261082
39.4802600018 49.2371027217 57.1807292056 60.1218189326 64.5506012722 57.4384888574 53.0729262581 67.9527976991 80.0370603831 80.674988641 85.6029694806 99.7811530485 114.046975584 107.150617495 88.3066971757 72.765301094 66.3562228125 67.2987359219 72.5673688478 86.0365937091 101.926346397 115.03716198 124.331178868 124.266328954 114.126270111 94.1018697451 73.3070574704 55.6781508024 48.850671721 44.8191333217 38.9735773833 39.7579596298 38.664507415 38.3792719747 44.7490560556
11.4413285045 11.0660459239 21.5796132287 24.8092151065 25.625325853 21.0131208182 21.3191242649 12.3642235479 -0.0159799699862 0.181738772315 0.416296613257 6.22951990643 -0.976027170647 -11.6426277893 -18.0109987771 -17.6872109639 -24.4030958478 -35.9058949409 -37.2570386173 -33.8297223385 -36.253892618 -35.7034114632 -24.9740769265 -6.17474416456 7.37458001379 13.8061575011 9.37998468665 4.78281222048 10.4576009501 11.4934892114 2.64641588044 2.24971476474 3.78378508933 1.43277143093 7.76458886583
15.7754927765 18.0947593625 28.1207006933 31.783323376 31.3542674951 33.0001949839 41.7877712405 38.2719232912 31.5865624063 20.5926229176 12.8095832787 16.7243725386 20.4415350181 19.8979225219 21.3159758369 23.5468842495 13.9223112563 2.8884048688 1.86920270716 -1.22038791902 -0.498367746772 -4.99950589413 -14.3062689888 -9.196269205 -4.73072414477 -2.57846214927 -0.449933973952 6.8109453919 16.7663851677 19.7593825921 14.8292044558 13.1762178812 15.0719573862 15.7703776081 16.1375864183
6.28816978177 7.85534788867 17.0085194926 21.845253123 18.502042026 10.695351048 5.87028700673 2.50057465384 2.35472487363 0.760019980939 -4.34269613368 -20.9999201547 -42.0308140461 -57.3209490386 -61.5672873146 -65.6947247282 -73.3307542498 -79.6028622106 -80.1962636142 -81.525128789 -79.0141670132 -70.8746167955 -67.5024569337 -63.4328285192 -47.2682638007 -27.023105524 -14.1035480503 -6.77499063449 0.708051604246 4.82047483512 6.29440614667 2.9895850831 6.46090437887 5.83069518561 6.72750467232
10.2414887263 19.5828927452 26.3733722258 25.3924711804 21.7274622399 24.3845062123 33.2234249822 33.2768966677 21.6416681669 16.0441873251 12.6984404058 -4.46606076388 -15.0197546072 -17.7323462398 -16.899640705 -12.1434161583 -11.814262747 -10.6056055524 -7.72528487129 -8.31192884983 -13.4687885502 -10.3558163652 -3.54773762121 0.737276481451 4.31700863937 4.14951080699 6.76694381543 8.65954943006 10.3631219419 10.2035260823 13.6417741572 11.4266588883 13.7315143745 13.62581986 12.5268114286
3.09814357365 12.7299445516 18.9244003778 11.9215390394 6.45374360227 1.84089811933 -14.1802574148 -11.4634165918 0.316534091125 10.3313409049 13.3144191141 6.12324323788 -0.03070324631 -7.70897446513 -8.69883097562 -6.6871258035 0.0751884005307 4.09004971566 7.10871707044 8.93281332483 10.8424722747 15.0294716944 13.9863308235 17.3594312093 18.2005908636 10.9946418077 7.41710544791 5.36963315314 5.62950927518 4.50647970844 4.84286832713 0.0524533594923 1.30455836658 5.14637450326 6.64506542935
7.97657929283 15.7894864121 20.7633381283 16.9666959967 12.9489711605 14.3684903914 9.40265411858 5.96173739473 7.20392289976 17.4132603109 25.0015610831 24.627912149 19.2224992867 20.3191067268 21.799760814 24.6750213709 29.8851560346 25.4243961976 21.8419032117 18.7700369026 15.2967893891 16.2640923082 14.9852487997 12.0949420567 12.8839311555 10.6101082202 14.7058270254 13.6586669171 12.5456165452 12.8688300153 9.67838541699 5.14950979095 6.31128757522 11.3607499359 13.7467621447
-3.32063333787 2.85160451651 10.0148512836 7.7453958198 5.66833993044 5.28864039804 3.31372700072 -2.55438570743 -7.40381477429 -5.48455067775 -5.22930926028 -5.01069369689 -2.4701795599 -3.76639039272 -4.14165012026 -1.00928119911 6.46284240205 6.4226627038 4.88900399069 2.38567224046 3.89195621943 2.37776104955 -1.85518971591 -0.655853479773 4.07016721644 0.846489116795 5.15000664213 6.36953322344 4.36725961567 5.89749587892 3.44241357601 0.597716061803 0.325121019484 2.50414299019 4.63257163668
7.14686444935 11.85417543 9.31700486796 8.06402294556 7.04383624929 3.43328360282 -4.66750773477 -13.40623247 -13.3443449744 -9.65747459624 -13.8126186944 -20.3916326839 -18.4523156251 -6.63947842542 2.95667687492 12.7815559773 14.944272903 14.5959429043 12.6844516688 10.1159326768 11.8213847017 13.23206589 10.6609085045 10.1968360374 12.6817390037 9.13563595436 7.43401925235 8.46454736117 5.7615757975 9.96892993065 8.80064512378 7.87275605734 6.40507578589 8.84652890768 14.1020540324
-0.12652643596 4.94619242792 1.67961920856 -1.38919054232 2.83893279121 0.401479279618 -0.262790744145 -7.91569736433 -14.0812704433 -14.8358506736 -21.5621475891 -24.0718547869 -17.2260051693 -8.09801588148 -3.80398834005 -1.58525817946 -2.77337002627 -1.52179353128 -1.37352610438 -3.63177348412 -5.731554414 -2.73512803821 0.586266325014 1.79949746799 4.60080116026 5.25701752314 3.64771434216 3.17326455425 4.70476233422 7.33516739497 5.49321026779 4.84162972139 2.90840204542 2.97174420465 3.64504119138
-1.85316025306 2.92582357574 8.23137751483 6.83763296305 7.65055217897 8.06392036572 8.14695263197 8.68662910563 10.4050364778 8.65295720627 1.59003734838 -2.04194663441 5.28471967447 18.0617359205 21.3352647156 22.2574317983 21.9673803667 19.117674066 18.48746002 15.3276202596 10.249223176 11.8490356356 11.5186055178 10.3588033905 12.313115942 15.5059183473 8.40519296473 5.55663969356 10.0131142487 10.7400749518 8.70877909512 12.0203971275 10.1328039598 10.125440069 9.65434487986
2.98673209609 -4.9701129771 -8.36031867928 -5.66320041356 0.0680703370215 4.44701592993 -2.87345011512 -11.2073069575 -11.8929251785 -7.54130489839 -10.9799201137 -13.9973651554 -7.49120974656 -4.14419580172 -2.00447538942 -6.12540906045 -9.77290411991 -4.78135290535 0.633077739879 -2.32254087263 -6.92305415194 -7.95462626509 -9.45309736178 -6.69815357953 -0.570069854042 0.134871693629 -1.40276389086 -2.47557212021 4.76160898391 2.35626238371 -2.53941703544 -0.421452258317 -0.0353850375201 3.1489025294 2.69333534325
