-289.167200303 -282.031089526 -281.528965843 -272.417432396 -257.523769886 -260.943923236 -271.397786013 -246.25010707 -196.114068857 -204.385223516 -245.650345095 -222.225431255 -140.49216068 -106.163820455 -82.9302323775 -84.2829017546 -98.0228308398 -104.184492054 -105.987054441 -107.137336346 -104.08180248 -85.3257226725 -70.1738132531 -66.9904517272 -72.3605569842 -95.9810325246 -144.18303187 -204.985361683 -246.573107165 -264.897126778 -277.285915978 -280.84632917 -281.010521654 -285.428289493 -286.850424701 -292.249751466 -290.081187446 -292.996456558
34.4737293226 41.4363091605 43.5301767464 58.9983099739 74.9770814516 72.1805192855 61.059047018 49.9005239242 50.9980736244 65.925935298 75.0694706865 86.6095079603 100.513094381 97.2883532682 99.1127767242 101.312254763 98.5199127272 92.567813815 92.39574273 89.3027852124 84.0841644489 84.1395285142 94.6074164533 109.888408359 115.97729212 111.073585678 107.590677703 92.1143616575 71.4164406123 57.0103541879 49.5507276581 45.1228779006 40.2602861787 35.5367876039 35.9692471144 31.9749931021 35.9642124354 40.636435605
4.10638400311 6.08708300511 7.54349379132 20.4835793231 35.2565780076 36.5905784259 22.1906509756 10.5241238839 5.80731775942 10.6581848215 14.6718634646 0.500907460615 -44.0810278151 -66.6166775699 -87.9804672401 -93.5053368975 -87.3939891174 -90.0830838107 -91.5624626362 -95.0078940625 -100.401610981 -111.520095088 -117.130090776 -108.720106164 -101.467119179 -89.1713611024 -55.2840918704 -19.931367742 -6.16350918504 0.673543601613 4.53450848878 2.48036386261 2.30271486424 0.903600487016 1.20273841553 1.93049994244 6.15883900791 10.0105641107
13.3380386829 15.4000558829 21.2817958963 29.3348228053 34.5106922053 37.0721255718 30.4585313599 24.0791359349 27.2149326768 21.4647878605 15.4503296191 2.66429959233 -0.398540258887 3.89282708746 -2.976093929 -6.31971008942 -9.85935275305 -10.716439672 -5.87277434229 -5.15075538922 0.265415303614 -1.80785045068 -15.2151919445 -17.0786451888 -15.1109222179 -18.9501263539 -23.7214464099 -20.5162632713 -12.2903842793 -1.54329858329 7.74066822424 13.1547951817 16.0484142523 16.5068556521 16.5542615611 16.811842057 18.644466556 16.6236466964
6.14211073893 3.74093273526 6.36705285785 12.7948294708 11.5578251522 13.2946190048 9.89770616105 8.45468932455 7.83271241793 6.75015807397 1.80143632311 -17.1325515478 -40.6460815647 -47.4118304668 -50.338904118 -43.7232187249 -37.27474466 -35.6671728579 -26.8065238835 -25.1142311921 -25.64656842 -33.0263095094 -36.757692273 -36.3486637223 -32.2134228237 -31.8256862456 -34.233971624 -27.5271469183 -14.5418955755 -6.39628270636 -0.36002043815 3.36221643791 4.63626365566 3.1782344505 4.23317698829 7.04229525652 5.88491786321 2.65253136576
17.2638707311 11.4623683195 10.1078944517 7.78342433286 5.62324614405 10.9127183052 12.7434783071 16.1109262652 22.962739703 21.4633387127 14.4635814447 6.59512162089 -9.97076489314 -12.050831065 -10.0216429073 -6.41277591251 -1.22150409892 1.26693201422 2.30065076077 1.46957439096 6.15398318661 5.40568322146 5.30385027373 2.54268041253 0.416652126517 2.47075299004 10.6721420336 11.2368569884 10.8609701081 15.1669621906 17.1769126754 12.9280400319 9.60008224665 11.7415857932 10.9341404934 13.0344171258 10.2468802787 6.81597346752
1.55836067528 0.784445508998 -1.08810158286 -4.1141682132 -8.42254016297 -11.6844805517 -5.03647328491 -18.0991285416 -28.6376670074 -24.4151135534 -4.33244355336 11.0681676633 22.8660103917 28.8959106143 36.2925414288 38.8793012779 35.90753267 34.0620167722 39.5735860591 43.2561271444 44.0393455249 41.3042690157 39.8788042134 38.3829355804 34.9758271722 31.9978357153 28.1031278991 22.5110554674 14.5907427272 13.3243604811 10.4086643902 5.65355814273 3.68304809478 0.679043427863 2.68761950141 5.29319473898 4.37308649529 7.19044800921
8.52074113543 8.65359453635 6.86101508817 1.27021727687 -4.55103737877 -5.41912253499 2.97844527533 8.56602816823 7.48617595671 -0.429208973114 -2.68652914771 1.77178179236 0.613569787888 3.32618024491 7.02836924202 6.74961720234 4.66394764442 0.584898428763 1.8274719827 0.874131103233 1.75059505648 1.58487165303 0.497316410681 1.4938308215 -1.83717753471 -5.07944572615 -5.48316235998 3.77046336068 9.76080133161 12.0784784598 14.4036986432 15.2887089985 11.0122775707 4.24211191952 5.11320354856 10.0442995541 11.741323152 13.2424867377
4.93541474254 2.02289044381 2.32399715107 -2.10856309239 -7.7497896823 -12.2670658328 -7.9880462808 -8.61822357957 -18.387316877 -18.8356551462 -11.0508765719 -18.0346559647 -19.250744429 -12.4236358874 -9.28229452968 -14.1126353018 -16.7540201624 -17.6751559459 -16.879349915 -19.9448300758 -18.5909340341 -20.3230438949 -25.9992681731 -22.3776703889 -21.9427650705 -20.1817753131 -16.8388209906 -14.1271542459 -4.07061204734 0.845861655579 -1.99524535927 3.85343353975 3.91905184016 -0.829754117627 -2.74406322558 1.71229280306 2.89053540326 -0.383588454599
6.93076170399 4.86542293752 7.83584861411 2.49244602019 -0.406427446666 -0.7969446812 2.78283578097 2.31462726382 -0.929171956498 0.16231252715 3.33822315389 -4.2616664166 -4.06714987511 -2.99028103677 -0.81199799807 -0.286910509311 -2.43358930083 -3.89107534859 -1.69171298823 1.89638817012 3.21329120725 4.1815605016 3.30574743691 1.6144558764 -0.586710049298 1.93490137393 2.39425779974 2.61008740098 6.85938031748 5.69903542701 3.38835579897 8.31805506491 9.1880704429 5.96805300868 7.52562221994 8.49895901852 8.09868495634 10.6789678227
-4.38492822905 -2.52923683049 4.50205170577 -6.11839017599 -8.2454602357 -3.80508624022 -2.79807392167 -14.0094552445 -24.3201350591 -19.8273316337 -2.60178752731 -7.4107238722 -18.3490966317 -19.6620143701 -19.0761284211 -16.3251642941 -16.2937790636 -13.469516623 -13.4427956861 -17.2222743722 -17.6454367046 -14.784417247 -13.4855367666 -13.4291115601 -17.5945158971 -19.2745490361 -16.8606200296 -7.85374382958 -4.47093668591 -2.16410763302 0.489875969662 1.53882112921 0.0500581161453 -0.166414751717 2.48372750705 3.47988586309 4.59882903482 6.40835122715
3.52946616445 5.40944852598 5.40394388233 -0.459603128159 -3.73592108016 -2.47068714903 -0.825545241385 -1.63714967064 -1.52500034337 -2.20008745671 3.10856023137 12.6596845219 13.2999976393 10.3521323147 10.9821528961 15.3048342346 14.0400735871 16.8893551127 15.4571646529 12.6902643589 14.3629311852 13.3050492962 13.6254513527 12.5553479695 8.57214855958 3.25603960231 -2.57621755612 -0.835770215433 0.95796085459 1.91987348203 6.60940513631 7.26998349589 4.61422203877 7.72575115922 12.1236267776 9.16175307989 6.45629373933 3.16179987603
-1.39096755123 3.0841130426 -2.76070661089 -9.19425054421 -9.46430645091 -8.99796551772 -5.9291224293 9.08566916575 18.3861741531 11.752447105 -1.37614253153 6.55096803764 16.8425780266 17.4750267735 17.4521079725 15.8502147294 9.91365434343 7.80673175698 5.56701328035 8.42689770361 10.6198196642 15.5915441733 17.1151843922 14.7491270332 8.31666743545 2.10392754098 -0.609980805 -4.56474993557 -2.02627401507 -0.669730526736 1.87905669256 7.28429355708 2.28184189918 0.810113016339 2.86797917317 0.366771047327 -1.08637766566 2.09299520137
