-249.991269044 -249.888484753 -253.529991186 -250.24861689 -243.537494632 -230.635450676 -215.30318088 -193.951283865 -201.48589782 -212.463963084 -186.020626833 -139.108460347 -110.334345385 -99.4298473715 -94.3073341529 -90.3129958043 -75.6400498155 -55.0393703849 -51.3095557191 -50.7179696679 -50.7072064808 -63.5650843232 -82.5328555263 -101.822944404 -142.122754913 -179.204233635 -200.951274234 -219.212153455 -235.061739764 -241.629617873 -240.862716243 -238.09703775 -238.850928766 -243.635179206 -248.672067704
33.3985556815 34.9998767001 38.5932500663 41.5389381739 46.8313808951 61.3493970532 58.8922485258 56.0174580393 67.6309253659 70.154881815 88.9406602156 105.313460576 100.484799972 91.3289376617 86.6672472538 75.7528885747 63.3529963878 63.8279504207 70.1538981551 74.6405208645 76.2737936777 77.5862261444 82.0544598901 86.0132675026 79.5351886104 64.2563292145 51.6950514908 50.1848980105 45.5379428092 45.1524027078 42.5354337259 42.3791719064 44.1704067084 44.9084208666 41.8755345142
-0.299803892609 2.15503636676 3.64144046859 2.94521139713 8.94017006395 20.906654794 24.1294148023 20.244800703 22.4960349238 20.2215961563 12.6798499274 -12.4079153212 -40.9812456454 -49.9821815013 -57.2932462908 -65.4911156124 -78.1182016744 -86.9969220647 -82.3444001382 -81.2674262511 -81.8952521733 -73.2078682754 -59.9729789193 -45.0058202772 -18.9531072422 -9.35113771398 -6.38184593323 -1.21853702404 1.09562147327 7.34248203149 6.0374544255 4.67445751785 6.29939582188 5.74247205478 8.98939361122
13.541309182 12.5781587752 10.4049808514 13.810857953 15.2495069446 26.2271613074 29.2673914045 26.7406739811 25.089531264 18.8890464948 -1.20414616474 -11.0048193463 -11.7009208087 -7.85964140269 -5.0059200355 -4.28405441561 -4.19749537587 -7.34789097128 -8.89919544249 -9.20893566656 -6.14674236497 -7.65922937707 -11.2932440462 -11.8982672083 -9.84542470615 -3.77258095658 -0.0570242944309 2.41442189767 9.91116526219 14.4612945473 14.0451425445 12.8524626003 16.0702471382 14.6036671078 16.5969723772
-0.641927445041 1.10030833514 1.27705639446 4.23642445223 7.76502843767 8.89616880284 10.8914446765 7.94336772128 1.13400717266 -0.630737367718 -14.9220538949 -33.1844403853 -42.5089683852 -46.1118663374 -44.4337162986 -47.5076365769 -52.0001226188 -54.1376412612 -51.4536732141 -52.5521430508 -55.5098988534 -53.840589573 -56.7481247456 -55.5080115361 -44.6022404291 -25.4364429809 -15.5770410369 -10.1390005499 -0.730254294231 0.952379101738 0.798450257092 1.25585084811 3.71979165001 3.74370163204 3.6968737877
7.66107399871 8.52647547577 8.93134665569 9.2321078086 16.4297589504 15.8597742314 15.9571571726 19.0521042935 14.0570081077 12.8970518491 7.79457441294 -4.29961540592 -10.7358425713 -9.05042117273 -1.40427634841 2.65775963518 5.7756421174 6.04344952866 6.50079694334 8.43995539694 9.04000553122 11.4464452911 14.5708504501 13.6280512652 13.1469412976 21.6326748083 23.0235999132 20.5294280934 16.0565095157 14.1788064137 11.9666557872 10.0108754329 10.3228290247 6.92243336146 2.48958129181
0.971565194594 5.72435429897 8.52837870882 3.88789796411 2.4836404931 1.20413395994 -8.77071248973 -18.037616679 -13.6498287374 -0.284876404806 3.51001721701 7.36849431016 12.6087391769 15.1479341873 21.0259961206 24.5310713667 25.1115300366 27.1755982881 30.1555695508 30.0730696987 29.3786599118 29.2839776331 25.2648573463 22.7201027576 20.765225643 17.6341800261 12.5475046971 9.02127720387 8.92144500411 6.8097313851 4.33639960704 4.60286210617 4.79497980855 1.28796908307 -4.14164528813
6.58043261381 8.25739343816 13.3133264751 13.4686155838 10.6267942872 5.60413654106 6.49551380671 6.93954768428 1.96407453468 0.384749149449 4.80931159863 10.2578719027 6.94013250915 3.79334562255 4.25920247456 7.46673844672 4.69266570015 5.29993955582 4.8472515163 3.99994670777 4.79869292516 7.56908664115 6.58491603824 6.86496465604 14.4005192238 12.4463811489 10.8407914342 12.4131337831 11.3548525732 10.9849285297 15.1350172235 13.3037244082 10.0975593278 7.19156606785 7.02665200448
-6.22672121038 -0.482844124854 5.74057063926 3.36654795065 2.42931719033 -0.457428182608 -0.411143241926 -6.64053381492 -7.59716376798 -8.91598485138 -8.7952051118 -6.26982356933 -6.19160403493 -6.11377812926 -7.99890420551 -5.24368063266 -1.93991771124 -1.73729582556 -0.629056631978 -0.516758914615 -1.21647793371 4.59501809661 4.2959822259 -0.374188757691 -0.356713150657 -1.94286248991 0.225352485498 3.69883451332 1.42758548894 3.97882481732 5.33945053337 3.8300792697 1.29183961757 -1.49959124482 3.16437932665
1.300170097 7.55634422269 10.9445411516 7.36813144831 7.574744811 5.48950002201 2.0538244274 -4.09493158688 -4.07408593799 -1.4701190412 -4.4533757273 -7.76622871581 0.825476972592 4.53816234149 1.26552271451 3.74356802154 3.60449892497 6.66837553158 10.1455699795 7.15374453244 6.36929187921 8.60157051895 5.58661941641 0.944446454956 -1.98485144131 5.34169664501 11.4846851015 9.73981970001 6.95857554954 6.91408424282 9.04460052579 8.04711359565 8.08148990718 5.99985378769 5.751488723
0.662091490692 1.86275594851 2.86100031333 3.81071474499 4.1248572693 -6.53623995906 -9.78927218432 -9.78885352506 -8.45048919432 -5.074305889 -4.63805711741 -8.02166626353 -3.51847138669 -2.74651038979 -6.17188314308 -5.82877214107 -6.75662917755 -7.75216825372 -5.276158018 -4.91033858649 -3.74981478273 -2.48744493753 -7.10723883076 -8.30921295449 -7.24086799419 -4.19280057275 -4.8091081588 -7.80421982042 -5.23672459197 -0.857314012657 2.8001448253 2.00694888786 -2.45076469729 -1.13337514392 4.98130936762
8.82009262987 8.48912542005 7.44014220708 5.41996953244 6.60846488274 1.88228633879 -1.47964885531 -2.58823834623 -0.234305906368 5.29524424088 6.70617008559 9.26305811594 9.93165697855 6.58004465032 4.23117316498 1.90906190037 2.20224355298 2.70522345271 3.04951187595 2.23450110299 6.29418661702 7.88411198737 1.8765692368 -0.704861336166 -3.25175548973 -3.6466735113 -4.57355651874 1.76497463378 4.91831087811 -0.280238374431 3.44048579131 3.19870378385 4.33049692108 7.68043500519 9.6548253659
-0.275798373154 0.0490119608068 3.93591660784 2.60651919955 -2.30350311423 -8.3866013316 -8.64140989816 -6.00067000956 -5.32368652841 -4.81918362916 -4.53650707288 -0.800343519835 0.574274774799 2.41386173875 0.189442216717 -3.29623856729 -2.61201747296 -3.81568959982 -4.91314406947 -3.51874043739 -0.761522918256 -0.306282719497 1.50394241972 1.14127146903 2.84775742523 9.72357528813 5.06671004573 6.74003124188 2.10133334043 -5.72096896639 2.23542696157 2.03877718115 3.93548380439 5.68139921613 -2.56156033304
