-236.702295949 -239.910289227 -244.290808047 -244.740683674 -242.050145055 -241.593506478 -245.843054844 -237.346341677 -234.160097347 -228.295724172 -198.497705883 -177.058095104 -175.127979425 -173.878612144 -156.796600049 -136.246823586 -119.409425896 -101.054329863 -80.991726194 -83.6224567586 -74.8866000632 -66.3141060391 -62.102257725 -55.3477566444 -62.7382366934 -96.5783668909 -141.079253274 -184.153838863 -206.635952706 -229.389870952 -234.90953209 -238.267799743 -242.039378102 -244.335709915 -241.29690381 -237.726148834 -247.583925545
48.370237779 48.5038877602 49.7370132961 49.2543302348 52.2435657166 51.1290863029 47.2085487256 58.7935655114 66.143535318 66.0937646363 35.3209299304 24.4104810764 44.3881224093 68.2034990355 82.0829309072 76.0253112926 62.2820674991 57.5995715478 60.7014331839 61.698358445 68.0148340135 69.496378232 78.1301734093 99.2850945947 111.335793352 108.054153964 98.7487644605 83.5156523003 73.4671544072 60.5164231314 57.7262761797 54.9315652861 49.1257932646 47.8191133492 48.2910694835 51.8448716399 47.5646915006
13.4362729564 11.2061711067 11.5687369744 9.58593658107 10.203163309 9.68473234648 8.51998102897 17.9589920548 22.9012550887 20.6390930869 23.9353899862 18.7300054944 6.01525014871 -3.29164791857 -7.97548862302 -11.6609925519 -10.7967252489 -20.6383840991 -40.454053896 -43.7916941923 -48.0551190549 -54.0476903378 -57.8079477614 -47.5912957202 -38.9034570543 -32.3563985882 -22.8734388752 -11.555347688 -4.16886811374 4.00724526764 9.71124244036 14.8139440355 10.901386153 9.87727954091 16.2691224296 14.7117248859 11.3094005657
23.7885257186 19.6639792457 15.8390865578 13.4450482085 13.8699877053 13.5469010813 15.9822236325 23.7698734667 25.0812194657 24.6965429383 40.3864295051 40.4323878538 35.6313716276 25.626471713 22.6475792983 26.5463949634 32.3277840251 26.491248037 19.1892198886 18.9853078101 12.5499594166 1.99936091035 -8.60836744315 -16.8370763588 -22.3897691277 -18.6154472789 -19.3977686725 -23.6373310508 -12.980799685 3.36125605869 12.196973725 16.4991909221 14.3627760618 19.4188185366 21.6770326953 18.4354208466 16.0140556079
3.22595016672 3.52849749695 3.33569738665 1.9220226862 2.35122064533 3.25674713139 5.26033534239 13.3445534383 11.9751253372 7.88433385967 -4.86422368027 -8.31133356511 -4.41341984001 -1.54070930748 -7.75614687536 -14.4383481935 -28.8476069843 -39.0477134021 -39.4791901717 -38.2689906707 -40.6312792018 -46.84163368 -58.4907905511 -66.2148047957 -66.0140033199 -52.9050675513 -41.6656463729 -30.9296475248 -18.9744706823 -8.89104740393 -0.768194117824 3.60610261674 6.48987633558 9.23539954884 4.91657861141 6.77188509602 8.85322119016
15.9695918788 17.2324633857 16.1132515862 16.0459705595 12.5499759785 12.0946794718 15.2578395838 19.362115 21.6656367971 12.8419545578 27.6318524214 41.1074709285 34.4680682403 24.4926239694 13.9532194067 9.71462082185 14.9498859486 15.7102528869 15.4575235489 19.5240090954 25.7626370134 27.3558942391 24.5238523704 23.0215695944 19.4500282363 17.1473458788 20.3911987087 21.9861956515 15.5988945869 10.2919677654 11.5549266608 12.9286633379 15.1574990409 21.3751785368 15.423289703 17.215420976 14.0505362142
6.12536285779 6.26744514672 6.52622069667 7.98819505127 6.10053642166 5.56572229908 6.32475523618 6.05591066382 6.91637540624 2.04814978609 -11.4179825106 -10.8612256062 -3.2783607682 9.78880733946 17.5693032449 21.3805849601 21.5844857488 21.7488572706 30.2694936771 31.9173766361 35.1347603916 33.1183642685 28.0175020226 23.2623785714 19.1754820015 19.1229157884 19.6721537611 19.5843883242 15.5880032791 15.0044311518 8.96184879211 8.0955704257 8.10331038945 10.674270581 9.95793802373 10.1603305816 10.259282263
7.94185852066 10.0857396636 10.5393112709 7.89655527892 12.6937521295 14.592202443 11.1511241481 10.6405382985 6.43995052522 8.85040617113 17.8900574674 8.24959536198 -3.31770528806 -9.08824668689 -9.98683206323 -3.74243828048 -2.20411751657 -0.831432697365 3.0714123245 3.0327792901 -1.28858095604 -5.39669337675 -7.38135158392 -11.093086679 -11.2562894892 -4.79634806791 4.8698322519 14.9549296378 21.0215635323 24.1107697595 17.2926687029 13.0436018011 13.2668664713 13.8532185398 18.9286768644 15.1364644725 14.0365359991
9.66823858503 7.00570605 1.60437444014 -3.10888568583 -0.984733476523 7.24115639999 6.22892656428 0.899844881752 -6.90296605062 1.80202965434 2.19149032309 -9.24028503444 -16.264843397 -26.7876462656 -32.5125826005 -35.0452470632 -31.2987180285 -24.8315385488 -13.7372363434 -3.62647481407 1.99613119606 2.45796022283 3.00101458552 1.26058418898 1.62697821441 2.82285710709 1.38856998241 8.43202188803 7.91023587683 8.69796375482 7.10152714224 2.93021925614 7.28341706676 8.42012965014 8.3986016938 9.44543326958 9.3042427408
23.1374878834 15.4364776357 8.58705634969 4.14774553688 3.74947695851 13.9839248459 14.825760763 9.58304636684 4.21119740676 3.89450700077 7.26475891234 3.07558544254 0.164413626256 2.4469999577 2.51518653636 8.13253002082 13.8982715122 13.4763228148 15.4794511474 12.9778777991 11.6701227269 8.30862319829 7.85324791983 4.92815994862 -1.63189914778 -1.90320075195 -0.680044602438 10.9326777066 12.3953187182 9.15912368819 9.2783642525 7.56811763302 10.1747567294 13.239658873 10.282090326 13.0082493045 14.8432074173
6.17109113206 3.33770131929 3.56814816486 0.812722550897 1.87915870249 5.09751077837 7.44771234789 3.80345677146 -2.22431575645 -7.09673691303 4.85093607913 3.43271019177 1.95977548885 -1.34253817147 -2.4210639523 -8.18694819808 -7.62612820277 -5.76057852704 -2.41436226778 -0.910436540265 -0.271638165788 2.6817573311 5.10164466249 6.24439313641 8.71590040588 14.9815378784 14.6006102757 14.3295187709 11.6204027778 7.15478266474 4.73755180563 0.0726008506923 3.43750618504 7.13957794672 5.87938725672 0.874609290439 2.84456608867
11.2851657445 11.688411504 12.3078469592 7.80125705494 7.67146930188 9.82449984548 9.2839064276 2.91934451859 0.857303692995 -0.538726496532 -2.94590391623 -3.91212174464 3.74716632641 7.9766472981 8.45841022409 11.98742857 18.0272299607 18.5909785281 19.3087123216 18.3855373553 23.0967081723 21.4229926233 21.8428892207 25.2871101557 22.214493763 17.6897181554 18.124291777 12.3485714288 10.6012955927 10.9604911962 6.95776598039 7.88727378993 11.1217004266 10.2999281883 11.5633965423 6.73424309514 9.60488624014
10.7171096923 7.33639530785 4.37765696487 4.25680718495 1.27870485951 -1.61022116585 -0.131150724081 -6.99825077019 -9.2211063556 -5.88399852564 4.11619960983 -2.00857205234 -1.3059673323 3.25839062334 4.89764020425 5.49965279781 -0.545747951146 -12.402100063 -19.5111342948 -18.7499021199 -19.4730185978 -19.261345847 -17.4200068146 -16.4570422109 -18.1260001996 -18.5841514124 -13.9592870411 -14.0078933124 -9.93242913256 -3.88654976404 -0.856487969384 1.68524031552 2.33197901854 -0.712365662025 -0.545746018219 3.2380069598 2.00932097927
