-252.693827491 -243.081617993 -249.206605126 -250.247803182 -242.959445672 -242.676769131 -244.52567816 -239.865289833 -233.454538205 -217.36486482 -173.859329642 -149.983452078 -164.061466677 -139.401915635 -86.0943333732 -60.9250103211 -61.6696464003 -64.2917835584 -67.4668205083 -64.8742541624 -66.8398224226 -70.8232844091 -73.1024603927 -82.5431920997 -96.0671615046 -110.958156236 -139.7885267 -183.112048425 -212.559208576 -227.218679295 -240.044319788 -241.211820735 -241.662396337 -240.519975751 -240.469832386 -240.201842598 -249.542887124
28.7746259507 38.6146584323 34.3409530426 29.2853013486 34.2185147246 37.1958750715 39.2174151828 41.9907154545 49.1405984271 56.5793037622 52.2387541868 59.6891791048 65.6612379683 82.2816978985 93.1201001906 85.8497115452 74.2269740687 68.0644492015 68.9831855298 77.6749106172 83.4782342391 86.8714439999 95.7665792851 103.112699304 104.283693915 107.852251562 107.307248766 84.047413092 64.8287513101 51.1867362968 41.9927419229 40.069121463 40.9597549868 38.2238804386 35.7514692873 37.0583594252 32.8209755356
2.67862483296 0.548884839993 2.91704506997 5.42253578783 2.50265770173 3.63538966223 5.18949659762 8.33937039759 19.7826187999 24.8716299161 16.7391316631 4.61095901207 -8.16994264491 -20.249363138 -44.6221015202 -57.2297776778 -53.9592281301 -59.7851268 -69.4223960739 -72.0401410838 -72.1795652932 -74.5659565202 -75.8138912848 -70.9257079186 -60.0394715306 -44.4947911365 -26.0267293854 -11.6488838873 -1.8434650036 3.35130266427 2.77008501678 5.48946015635 10.7791970792 3.89775631881 0.672095579339 1.98313831583 1.70277021584
17.9076256837 11.8211957886 20.5452238715 20.9117168 13.2380047856 18.7878619954 15.4686582777 12.7192262789 23.3136355551 23.257217619 23.4551660869 24.4652756096 19.2473272639 11.7643505441 14.7465058914 20.6894195382 25.7279650933 22.0023203718 19.551889283 19.6854008794 8.09258625211 3.73275959355 -4.85515952693 -17.9363978779 -26.7449090647 -31.1192697318 -34.2720245522 -22.7528754647 -9.79622388436 -1.79832395892 6.32117938995 15.1768375767 17.6944231438 16.6005346943 13.6739128342 11.6406793256 14.6840333773
12.5974555527 8.04635136009 8.17638987109 3.94282807276 -0.0125465474734 5.25602124504 1.07002823699 -1.22808569361 6.31082854126 1.52001983655 -3.83465476872 -2.77975536843 -1.05443938216 -18.427113582 -39.0686791229 -47.5186936443 -45.7924195346 -41.8486396147 -37.5425915795 -29.4134030916 -26.7312388257 -26.2017688637 -21.8954510904 -18.1085972023 -24.7695202158 -29.3552958701 -30.5778809495 -22.8049838344 -14.1575460027 -9.66589362755 -5.19296436487 5.25889108077 7.48467798186 8.93840830637 3.30488062498 0.0600123843096 8.89794168095
13.7057496006 12.8511035091 11.1703451038 8.37340777331 6.41626640264 6.10618358545 7.50688759619 8.01997173016 13.4951491486 11.5669598545 12.7136598118 9.14276029367 7.15436179194 -6.02269262465 -13.1566458671 -15.3459448812 -12.7582228116 -6.22766045841 -4.11339416249 -3.18519313589 -4.47832694715 -2.89270718671 -2.42894087957 -4.30588176989 -4.08090720437 -1.11146088616 0.107797698788 6.57274953687 10.9256142377 8.2600739648 6.18964667364 9.32599832616 14.3858280198 14.9142555085 12.4686922543 6.53194749667 9.9649182968
-3.46655984375 -3.41333620835 -0.711620966388 2.31819003803 3.68311197385 2.2812180962 2.01489303071 2.33929656909 -0.243970962004 -7.57615176629 -21.1847923649 -21.4482112127 -7.83281472834 -0.487042481674 3.15416107662 6.02052765973 12.3246019035 14.3512483287 14.096786668 15.2492252333 14.0623239578 10.5491973107 7.76094067084 6.52993467403 0.427320827469 0.709634176335 9.40236990544 11.7315998942 9.2752053327 6.22796000565 1.21761851358 -4.52703555101 3.58010938752 -0.936388222805 1.07248799967 5.21797950568 4.02036620959
3.87035736789 8.0945006183 7.13817990705 9.20558155291 6.35964443012 5.42843986532 8.53621232238 10.6966164603 6.22599127832 3.79119870661 11.2750811759 11.4439647146 9.1516263474 4.76405917252 0.758052490009 -1.48496344215 -0.933243559767 -1.4712568723 3.66059360691 7.63220643899 3.76709435426 3.61903541237 3.89404451166 4.18926243239 7.66279905636 7.18139856387 10.1918724377 17.9643166293 15.6978390954 10.2213827333 12.2202319965 6.81543180024 12.3033484916 11.0623896026 10.073998202 10.010100819 7.38588826438
8.11496490996 7.21923468076 -0.353218134113 -0.0698046190806 1.67687900197 4.39947845701 4.77614484517 4.75416522724 -3.15563297315 -8.42946221714 -7.41895252834 -9.50053563975 -7.7572500167 -12.157593039 -9.16835967906 -1.46216535262 4.55040868208 4.10768071429 6.22680153559 6.53578503871 3.05170604363 -0.0231124371012 0.70669746455 -0.392357860887 -0.808825416328 -4.29818111442 -4.56271481281 0.78480677374 4.29529898231 4.33320238819 5.47912365001 3.65177445844 2.27298071281 3.49546919057 4.44313211822 3.21666088406 2.65422944947
7.60623236438 5.91103609667 3.03424002391 3.52916183601 11.9237371181 15.8036377166 13.5882234992 10.3767299053 3.71214951673 0.102305768072 2.46686976246 -2.30882428726 -11.2591325591 -20.6063023583 -18.4458406474 -14.9501342671 -12.1026440437 -6.72610578745 -3.10287458919 -8.64830171476 -4.35124681929 -0.417379120927 3.44576854845 4.06587093861 0.790395679099 -3.80016378271 0.637096281905 9.00482876009 14.1222517492 12.7281379847 8.99153160034 8.29097939621 8.30670863334 10.0124117327 8.26596460454 9.98143611488 9.19144734811
1.71430037823 0.655458703063 0.626762423062 -2.95559249622 -0.0285279527269 -0.780643592518 1.06692588555 2.90820021722 1.37529569884 -1.84023382163 -5.23731562556 -1.82313958616 1.30620305019 2.92622508292 4.08394295268 3.45472676386 1.99644497253 5.53622410674 5.04194053453 2.30177820312 2.53904139482 3.66073408577 9.9558136557 8.67667641898 7.01074767331 5.58229157259 1.06955497671 -0.578114078282 -0.17123806323 0.246649324179 -0.227638163652 -1.82025314909 0.274895567316 4.1760087507 1.61337761181 1.31822074162 4.91469388833
7.03124561537 6.20127784022 10.19987559 9.44775271536 3.21478406869 1.33828114376 3.5316703186 2.96551981706 4.7172363929 2.18187476055 -5.59583242599 -1.63037608546 4.81844387896 10.5435387918 9.72767860307 7.60939436125 5.1428259244 10.8400381152 9.53686434233 6.02174376409 4.86829751908 7.04855383931 5.39881718253 3.77005115001 -0.849171205203 -3.94566956135 -5.31494528724 -2.99127167769 2.12490250984 6.97912409451 7.4646649428 -0.37676930694 1.56284504764 8.65663526689 5.79234603209 7.41541795898 13.7812721771
-0.876629719627 -2.42493389306 2.42557847963 2.30807170064 -1.56490772657 -3.27511167003 -4.46823114269 -6.53168327856 -6.39879653452 -5.76723942692 -10.8744009136 -14.3909124447 -13.8801681208 -10.2529329695 -6.67486703423 -5.27054809639 -9.88672040447 -10.3890553716 -11.6007102711 -14.0519579566 -19.9980582165 -21.7015032358 -20.3542973137 -20.3498115127 -18.9226672046 -19.9557994963 -17.4166154578 -12.2980529519 -2.65848782843 1.69884688732 0.993329553415 -5.36454449014 -1.87151142912 2.5448172815 -5.06692821009 -5.26812093349 1.57668068965
