-167.253292784 -163.448592814 -162.156976181 -157.148237187 -163.221717239 -165.562935293 -160.679124349 -163.353336412 -152.987085621 -134.952643306 -112.719383208 -82.8691941993 -52.323029602 -43.1707962891 -43.9163846342 -52.4892372574 -68.7975972075 -79.3469061419 -77.1395050065 -73.565733499 -77.5691187004 -90.2972919746 -100.774472786 -98.0813812812 -105.091379818 -121.357716756 -140.013351375 -143.706787268 -143.828851654 -151.772923046 -160.656897278 -160.990648579 -159.916674186 -158.429026021 -163.105847857
36.9568653449 39.1629600209 37.1147088436 44.0632612163 44.1069094537 38.3287722204 38.2350593246 40.2840089984 37.2674257674 40.810213337 46.5208920766 47.354722466 52.2472267894 52.5558460199 49.5084668772 57.2158412925 69.3333436006 71.5626706988 69.7155739607 68.3504325665 69.1997678887 66.2619680485 64.1380446469 76.5402137006 78.5313122428 67.031460873 58.2357611174 54.6171668536 53.0524807149 47.5959248297 36.9421444497 36.6372492185 41.8527767109 40.5954874238 39.8696044183
13.1184953612 7.26257960417 5.89623481403 5.32722371941 9.58375459924 6.96684579419 4.8016356757 8.45430708176 7.5091564299 10.5203274022 7.09708731174 -12.7283220043 -31.045206472 -39.9759369397 -45.3509155493 -40.722447111 -24.707685565 -14.1938334166 -12.8420757949 -16.0597348675 -15.206186513 -11.7485895342 -10.3454364386 0.0925028837902 10.5211416951 14.232097278 16.5399644811 11.982035584 8.87437363053 9.68862369988 3.84082784913 0.265584508231 4.37993756577 4.33278719798 0.760604482423
21.9207372392 17.714780446 17.8519552273 15.0188828276 13.2520933125 16.6811489163 19.5927531067 19.0466617737 26.5255920738 39.7154864406 55.6004136244 65.5488321863 66.0079298284 63.4381782164 61.4377157913 44.4454577853 27.3115746385 16.3134472207 16.7225256225 14.6273852292 9.02448793223 6.49357631681 5.5053886166 12.2283355656 16.3683088833 24.726572369 28.2769539277 26.3962990576 24.2544489229 20.2577524237 19.1449914944 16.7020598268 16.8543401652 17.7036427786 10.8728873882
7.55675152808 3.42314124396 3.68358395398 3.30230886367 4.38450781358 4.30179643657 6.46928707136 6.60070280955 -1.87103110261 -7.41573911854 -7.73897259083 -6.68392082734 1.94560497585 13.6600510477 16.6804631942 13.6464113329 9.28323187974 -5.68925466548 -12.1385760115 -13.9849627837 -15.2658973074 -15.5112626656 -13.8108298553 -10.7410687223 -4.43391256958 0.341362126234 4.8935372498 10.3881490565 12.0744229921 7.38554851862 4.26921657796 2.58442078336 2.29064065292 2.00797676498 0.450510747333
15.3292080169 12.7976005925 8.73047698611 4.53926596116 9.13914401048 12.503144588 12.8375972477 14.1176747397 14.0014317413 14.836444641 -1.22893554436 -14.3902304205 -22.5140805683 -22.7860211887 -16.105720325 -7.85373928449 1.15317510958 16.0792739516 18.729095118 20.157168041 19.4893765998 19.3233626103 20.266484562 12.5846083834 4.77456684384 6.73280014498 9.69721410952 9.61077828595 9.44655064748 12.1398167036 14.6874194012 12.8273494476 12.7171965261 15.2642638584 14.9329809039
2.47019432217 2.32972926719 1.15925022811 -0.835643008303 0.631475434235 2.50196415727 4.54013238094 3.01997356095 12.3259652807 12.096740883 9.33431403697 1.3747981922 -16.5329532516 -22.7721780095 -20.8117251502 -26.5055978516 -26.9039954369 -21.1697451851 -15.9333186837 -7.34854612945 -2.93226487492 -4.09249168806 0.659927415025 -3.19100523774 -7.58353309366 -2.74900700079 -0.840548261914 0.521242010853 2.51831523658 2.61174201158 4.43537962236 7.3587769022 5.6233149297 4.4962105383 4.11128959496
11.8310512154 15.048483593 11.7881702357 7.80882707196 11.2037081702 11.2341602238 8.00318098727 7.40408891434 7.17308463835 3.65984102757 -2.56211723272 -10.9355586462 -12.0049016122 -10.1115937669 -14.3663307557 -21.1999189025 -25.0872952287 -31.421372051 -26.7662007387 -22.1503729833 -21.5216025463 -18.3643122357 -12.875777546 -18.3964874171 -11.809227249 1.54820669046 3.89188800984 8.08023484113 12.4918180029 8.38857188438 7.29358424534 8.06143863093 8.71358617265 8.3024463327 10.3803929018
1.80702926154 4.59728126818 4.32828624769 2.52957172162 6.39822425534 0.936575435396 -1.98058225657 5.62665543494 7.92497889908 4.58485996507 -5.99708299142 -8.60292940261 -2.36245007564 6.66122301559 12.4025007832 7.67406207109 -0.81813925715 -0.773035125571 7.95888046305 11.9998388548 7.72260911711 4.01486935338 6.13545433947 -3.90741711992 -7.61451416961 -3.9476797691 -4.82151542269 -1.50674170872 6.24230334347 4.92279233422 3.12906769724 2.77718253593 1.43399133451 1.71369516619 3.01817921891
12.6706425812 13.2603505708 11.1742597859 5.49855551709 5.73344907072 7.51799968358 6.37592910316 13.5508661997 14.0685861266 7.76972784326 3.51286221807 -8.11547866785 -13.6431665621 -7.89572500308 -0.601459026794 7.26022970149 10.6271837439 7.17124433531 13.0308056509 12.9044386091 11.8427870294 13.6523518525 14.9460550036 11.0611115902 7.98298273773 9.04887529068 11.1727239369 13.9736023456 16.4024321248 16.0174432413 13.0571112882 7.69993969459 8.13435156452 7.39928684951 4.71371029277
3.41575737052 2.69465529635 0.892811701668 -3.87592017455 -4.19203955112 -1.68006945593 -0.130287500419 2.13785626882 1.07159172681 -1.95638041875 -4.48730767969 -7.05360403081 -8.29649631447 -11.9177515546 -10.0679417378 -5.97633650664 -3.04813091783 3.20395423009 6.59590295829 4.82223435049 4.31251405037 4.09589428858 1.22611240938 6.52461569839 9.93122855407 6.92892488465 9.32564099169 3.7743156006 1.21588635788 5.04072196493 8.93809664897 2.07607199997 2.53817389503 5.15237309097 2.52913829777
14.2608236453 7.98294764554 4.91663537524 5.91889437033 5.85157174726 2.72977907801 4.27753690654 9.28179658678 9.54524091803 5.13743784511 -0.49216478169 4.58259623488 13.0580458394 15.7011827116 18.0382061089 15.3276606757 7.60838562148 5.51613046342 11.0650151242 13.9961213673 10.6803465617 8.88054762311 8.66253613488 12.0245740749 7.91019365864 3.4938878887 4.644195794 -1.6231123463 -2.46602208041 -1.09204400064 8.0285402323 9.41756121306 10.9382405571 9.85796298646 4.07613814696
4.87618790897 1.21638797516 -2.42229535045 1.98100063922 4.34439463619 -0.115736126205 1.94344859192 2.86025607574 -1.37347125703 -4.75853027536 0.357888660712 -5.2902223643 -3.83180743202 5.98172147738 3.7693670238 0.648129300932 -8.19072691629 -19.6354691961 -17.8234345238 -15.1051558301 -11.9800142774 -10.779252057 -14.5660904206 -14.1767774538 -10.4860984015 -6.33341665819 -1.33342190007 -4.35914151006 -5.35402670182 -6.16330572843 -6.16018793772 -5.65185666468 -2.19097894029 1.47377230558 1.25294441174
