-290.643875594 -288.235327372 -287.421491201 -287.221024661 -289.273426872 -289.242583159 -292.73500578 -290.269192995 -285.846475775 -272.32567008 -249.121898234 -220.231877949 -183.834551793 -137.160509239 -108.70141354 -99.8977247446 -106.136647912 -115.000385265 -153.744110126 -207.892024727 -207.253788557 -172.01164829 -166.016681242 -178.242894072 -195.959297759 -210.34559152 -228.036467215 -243.576094312 -252.140822429 -259.306463419 -273.47385142 -275.614477537 -282.273359121 -292.701511427 -289.537375017 -289.996829449 -292.480434423 -298.586846297
43.2607585642 41.7675099927 39.2667414596 37.7809293715 39.1053273604 44.9386302766 44.3811545103 41.0265949904 39.7834672628 57.8222017809 70.5830081208 73.5662634708 67.5905230637 68.1561784295 67.9003264142 65.2895501165 62.3358975008 75.8254725519 91.2949454178 83.2719370623 89.3108259044 103.225454107 103.594000497 94.1494904233 87.4420092318 81.5114230523 82.3347724064 77.4577689906 68.1783582746 65.4953711614 60.5649327108 56.2420802175 48.2798288739 36.7745812345 38.6896278591 40.0404631727 41.9389121281 38.530476086
9.32430071776 8.58264605012 3.72802050593 -0.301596256524 3.22773302453 9.10995340699 8.96909094525 5.37475263572 6.80594747938 19.531550671 26.1686514328 24.8044745369 6.74428335826 -20.5230458694 -44.0256356121 -58.4275577134 -57.1286948556 -42.1026750931 -18.9987361917 0.185126885669 15.9518703022 7.166499227 -11.0645267312 -19.7936382047 -15.3617387295 -7.39284450384 5.77714771761 13.3653467412 15.7889092201 19.4231163132 17.4411891681 10.6793096946 8.33654716219 4.55037699691 4.15159521942 8.36526240435 5.75368833981 -2.55965812083
22.0169329454 20.6897573591 16.2926392215 11.6487544417 14.7255313227 18.8616485108 20.3588376353 15.328513382 18.4762837577 27.2475051552 44.4128415618 60.6163320876 65.325225043 63.4783098223 59.5156961699 56.4759940288 53.5987662249 51.9679810322 44.369828502 36.9838251193 30.4841334321 24.6501626032 19.6588942165 10.4733128098 10.8785169523 15.771848638 18.2501936559 21.522538456 24.0762748309 26.5929388132 24.7576874074 17.1149182168 14.0099963226 14.0893717361 15.0206239598 16.3026229755 12.6869105497 6.5383622671
5.92901998451 3.77572943793 6.44225636381 4.06141206201 1.27027504953 5.81993650775 9.6269248202 6.21573209568 6.65362776449 8.96328404586 1.19830449256 -4.19402597323 -9.83269644722 -17.5085707016 -20.1114207672 -22.2346383291 -25.8727845761 -23.0854169976 -13.3280533982 -4.59195391216 -4.74745692631 -9.25296421455 -14.9889582585 -14.3986413715 -12.6489686775 -9.55171308397 -5.12511405969 1.22357775199 4.24001689834 4.19286494251 6.814684371 7.02678847621 5.43658629967 2.00687422683 -1.16972574839 0.909452667762 6.57723207999 2.41412378333
12.1009052441 8.78448455407 10.3876582484 10.1195200251 7.79112289264 11.1562290799 12.7096609331 14.0833112094 10.4985048435 8.36160642833 -4.56325349562 -17.8110833881 -33.9859105415 -49.908781309 -50.4245719639 -43.8945341178 -42.5279089269 -40.2624692391 -31.3430830566 -13.6418752966 -18.160583683 -31.5880225109 -32.0798027966 -25.9481040396 -15.5527031232 -5.95700667025 -2.13826291434 -1.17700691819 0.587353986295 1.14133699663 3.87926832507 7.46723044162 8.57170545545 4.62533508423 4.16722225849 3.1105011211 8.62924277534 9.5811066143
-1.24861086923 -0.374339933334 -0.898151380497 1.67664457817 4.95862473157 2.40402455235 2.37651670186 1.8258887567 1.07089812894 3.93143635138 2.13063993872 -8.87652775477 -24.2547312458 -29.7416011903 -19.2872591731 -14.9351253969 -21.712170172 -28.0335663009 -28.9728958731 -19.5055426171 -31.55750258 -38.5602814458 -28.195860618 -16.958819252 -12.5875136464 -16.3263733287 -16.6066315367 -13.9805642425 -11.3718298849 -9.14059664939 -2.71526137231 4.35473576778 3.96514712527 2.81928973021 1.10477092967 -2.06425797622 -0.826183940993 5.47710293779
7.60514363562 8.62916658174 8.48993375623 12.3337518929 11.4758171846 10.0388774627 5.95367618149 7.27359770945 7.2793399373 1.23355235043 -7.33016768687 -9.81793394013 -11.4463942915 -16.8293873491 -20.0785691415 -12.644988232 -13.8764117494 -23.7388672167 -19.1482485986 -6.8156115922 -17.9749342807 -20.8336260666 -17.6211579836 -10.3442113448 -9.20035268229 -13.4179023503 -10.0926436186 0.723807063528 0.392739853816 -3.41109081526 6.06099803145 10.8174674473 8.47861482865 8.76660968811 8.17230456327 6.87061582379 9.72319429244 14.1198329914
4.79362078481 2.94821932966 1.36744246957 6.67810433241 7.0968190642 7.64553000643 -0.217327425402 3.24395251875 4.72314396744 -4.03530617032 -9.70887124925 -12.6320752041 -11.4430097863 -11.7447932417 -1.96130664472 10.6996934136 14.4215324688 2.7652259829 2.52206932376 4.25939254718 -11.6990426495 -16.8560285682 -7.75575399809 -1.32066962746 -1.89087007204 -4.63260365375 -5.67698962149 -2.74553678421 -2.77995059701 -9.55251779244 -3.49147667719 1.50624618585 3.07162777921 5.28881779618 4.68288893662 0.115564001747 3.12609770664 6.95010776273
4.55844263457 8.4093527257 8.01569604072 8.69677439893 11.0685201819 5.81988867558 2.3172512306 5.16002124461 4.63938064811 -1.58487804605 0.37338623691 -12.651765363 -21.6833216713 -16.9474684996 -10.7267449839 -5.29227062296 -6.30022820541 -11.7368132475 -10.8458773082 -9.04791754056 -2.73485960122 7.30650223506 13.2758778081 16.9708278584 8.63853894382 2.41444735397 -0.35661036363 1.38248543017 4.55985567191 2.08789244218 1.60904196227 1.71905237039 8.27576431442 11.167526515 8.44627988744 6.72649709056 10.5871142485 8.2606535624
5.83842694415 7.36311004438 7.67847559544 3.46257862304 2.92229755736 1.02140341274 0.0158382953875 1.2993620867 -0.584610551637 -7.83250704787 -8.8792071586 -2.88970460531 0.827990276467 5.53946772323 7.26341836056 10.3601498078 3.64300765313 0.613474153999 -3.02735396959 -6.55794162497 -0.607925424407 7.63524863752 15.0778722564 14.4580603836 8.21930078293 5.92103113822 3.27688820911 -0.797304254083 -0.380615770376 -2.00563853655 -1.37705680325 1.06195627215 5.01619326995 2.14133678876 -1.35117734595 -3.0188441101 -0.176611580895 -1.18924699187
9.2225992319 11.0568285344 11.7978600949 4.33744499836 4.62657063899 5.21342006037 7.01168582301 7.68430240132 8.09489995613 1.34025988573 -0.0877962637154 10.9763882361 23.0148219716 30.747013085 33.2741650812 30.3455974644 26.161393027 24.2806104924 16.9827558618 11.0560595331 10.5810499538 8.12789191429 10.6609963969 6.32496151139 7.23089528914 8.30861515671 7.7221345616 0.629016791287 3.99763781219 5.47116948287 6.73185003409 6.75481176201 7.19988562038 4.58859583679 2.35298891143 2.35537391483 4.88809390801 4.65469666732
5.06885293519 5.65088238011 4.53404066268 0.350209775216 0.641293028222 0.635237171416 1.30402024637 2.33108256438 2.5739241176 -1.82186685668 -3.05327720202 -8.00164439027 -7.56968525791 -0.23588109101 2.43564545369 4.93574874708 8.52542315338 4.54104723227 -0.207547128606 0.579011494731 4.72390830032 5.85279732478 5.93720374761 2.03288369329 0.0987241200767 -1.03482248354 -2.06997380039 -7.63274175025 -8.07148545649 -5.43355242681 0.321939000736 -2.87072448175 -8.34653965666 -7.2651187578 0.755627525706 -1.1625486271 -1.7342921888 -0.378529164598
