-247.697249288 -241.102701126 -240.166297669 -242.335650681 -241.305802131 -238.330485065 -232.856689549 -217.67308358 -215.264591654 -207.980759813 -182.62806772 -146.320028239 -111.849841592 -92.4185998963 -78.4607001031 -61.4649840338 -54.9452325627 -67.2610748862 -122.720958552 -150.123869547 -77.4252279321 -36.6140737557 -41.9410070885 -50.704874047 -57.488645107 -97.0961801875 -150.042614732 -180.639039526 -201.109879548 -214.844834768 -222.609186832 -228.536106994 -236.950661799 -237.33018317 -243.551485629 -240.115788867 -239.963474041 -242.986853591 -248.442451586
39.6894825922 42.2621446884 41.814932879 41.8209571876 39.4550406198 41.2594051165 39.6976878228 40.1357173979 42.0226539425 27.5315403654 20.3020419667 30.6602027627 42.2107679922 38.6070881986 36.787248871 32.2415991254 31.1603957102 43.3018834012 53.7160670345 70.5714393147 72.3949948988 63.1078778073 50.2258084898 50.8599567477 62.1499845771 72.1169657409 79.382051303 72.5840145026 66.6213714689 60.5206407615 53.1164433934 46.1967792244 41.9996552243 44.9679553988 41.1767525989 42.5673326189 44.4542499589 41.4977840958 38.265406656
7.05230203347 8.15660837124 5.36703639777 2.85996567661 3.26010127518 3.95927975128 1.61829144631 6.39313371093 22.3821181809 29.9238900967 32.6483708339 18.7670469982 -11.9409404481 -26.412621359 -43.5465479967 -59.1364252001 -64.9841980579 -57.6445894173 -35.1195211981 -24.1751251629 -64.3108883968 -93.9089643262 -102.993856003 -96.7755345447 -81.691222784 -57.043384215 -26.2978979578 -6.59573069528 4.33868625359 4.01710822031 2.10265370544 6.22134599982 10.2740292185 4.2363824703 4.61164596536 5.43967814438 7.36672399445 5.69896247833 3.71109936333
18.4907157272 14.825003891 19.3191553024 18.8640766162 13.2731426419 11.4269006191 19.563188956 28.3863938345 33.8567822395 34.2214510269 41.9702083761 62.180398086 74.1058349229 81.3147383016 72.617081255 62.4957572985 60.03220604 59.1505829656 49.0353750745 20.651453495 16.2458654539 12.9043861655 15.6753140732 18.2711322111 15.6225260869 15.694785615 15.6310066886 20.4140560346 20.0020053807 18.118395463 23.9978971231 22.04575525 19.1801370659 13.2447820541 15.2926130743 17.9967830102 14.8132145975 15.5304220001 12.455965087
2.90366835469 2.07105313109 3.19192354534 6.54086692271 5.04793210346 3.75822265793 1.34441276081 -5.81105478213 0.17357219282 -5.54236771678 -19.399835372 -27.4339485031 -28.480777284 -31.1938191437 -32.2434626762 -33.5124400114 -29.853727565 -22.0519662241 -8.19678978478 -3.69804345306 -18.4906558224 -28.0793853728 -26.5334589978 -23.2009810847 -22.123076961 -14.9814976198 -0.262707683164 6.0212647055 5.48289352984 3.42875861614 6.81541164219 5.06263800065 5.04323432349 4.30592780631 5.08429678741 4.7083653989 3.46392093411 3.66473728553 0.991698224235
8.77324044832 11.4259948336 12.5173842927 9.66476944681 9.70426101328 13.464170075 19.3291195236 23.1327560996 26.9167522233 33.9518099516 30.7437409644 8.29528343857 -18.0311335247 -17.051758585 -16.4429883784 -17.1522263029 -14.2787085521 -14.207607756 -11.8308725754 -7.70466479361 4.7589414214 13.0558880738 20.0128088416 23.5155843456 22.6265981083 14.2918846582 11.7807481575 11.8908147439 7.79898537366 10.3694809061 10.3024579166 10.1747028154 16.6606373902 14.1228494079 14.1648870568 14.2053213398 13.9756886865 15.0242689802 16.0941692987
9.41653776996 5.68957143982 1.06687267395 1.8634949502 3.10381255415 3.25456892963 2.75993994324 -2.14231621613 -2.37631062309 -6.68884832535 -9.13836389836 -3.90921356272 -8.72215967172 -12.8657069114 -18.753814803 -24.2168516709 -29.3951126527 -33.8170021477 -27.377303209 -23.4029311548 -15.0721308835 -6.7540368283 -0.284293041358 0.822965024047 -2.76256193465 -11.0786952667 -14.7379075493 -16.5227823452 -12.292103694 -1.14241935828 4.95994682335 5.0095021088 10.0979146758 8.23332785564 6.36951837909 6.88399807499 5.77721600719 5.2124585094 7.16310940648
10.0144942092 7.15550184182 4.0608058303 8.79006069518 14.7638669173 12.6063617728 4.96612362963 -5.33973923288 -2.6875397549 6.76893754344 3.04941073657 -1.30309614194 -1.6435915538 -0.584929059153 8.26111414353 12.3484952764 7.90678074081 -0.938269519034 -6.59236745078 -4.62973280972 -11.4516032528 -8.8679192443 -9.20776957399 -14.1126919627 -14.5292988247 -19.3985464501 -16.5720393339 -12.7871066153 -5.86608006815 3.38822516387 5.43056338245 6.66443927634 10.0859383921 13.856923693 13.8040148615 11.1102131733 10.551738536 9.33189486436 4.4269210567
6.87188830821 1.76601395539 -3.0203238342 -0.372454693706 3.08196281607 3.62408003499 7.46051071525 4.56511982482 2.49100927644 3.27526420421 2.72841065019 -6.60872237445 -3.85474896645 4.44436955976 14.4545174573 16.7796472357 15.5784016373 8.03443473939 4.65777366268 6.06143210122 18.2983615831 20.5753237108 19.3597233731 14.773357715 14.5412128789 7.09671788798 5.70900483778 8.53832235953 5.18365766272 1.53832308976 3.61160634767 3.68082110305 2.50340214719 4.44064449226 3.39500749455 -0.371271791633 -2.14297324457 -0.264546557 0.685792930909
8.02347800522 9.17697531256 12.1437504218 10.9823675173 7.23697177725 9.47627255887 8.75964848754 -4.53011057458 -4.71297895532 -2.26421265968 -4.59510118358 -9.39535805418 -18.9578671587 -20.4282126343 -10.4877557272 -8.79782630837 -10.2878859087 -12.8155416176 -7.49739030232 3.54875882517 11.8795305696 13.0351186066 13.4414751717 5.26127990928 3.6962187363 4.91498967575 13.0486634495 10.9344264103 8.94933657465 6.3696453909 5.08035363085 7.9748002645 7.31440817014 4.54386034943 2.09386847639 4.44592096741 5.41028016966 5.65165957741 8.67298917939
3.36468535591 4.07304147492 3.20989178618 -0.349942703333 1.96108178129 5.30017361054 3.41029944027 -1.70141374778 -0.0963692659935 -4.6970725525 -12.0237522926 -7.33954669929 2.37031376219 9.14878656409 13.453295684 10.2041829094 4.98483210056 -4.40992455752 -6.50987548791 -8.62599185194 -12.7188490095 -10.920616546 -10.0983270126 -14.48005638 -22.3298467886 -21.7731107362 -18.2889596251 -14.9116233218 -12.0912248509 -8.92879961018 -11.3700452092 -12.0430164369 -8.96234688081 -4.77106439404 -4.61768712615 -3.57897829998 0.473265931418 -1.4607811353 0.483583835235
5.72961988345 5.91379090509 6.48511908176 4.83348190749 6.58024276861 9.37777293905 8.23407483203 5.13798449257 1.40990168382 -0.0696919776915 1.52866414141 3.0976893493 0.776085952447 -1.8209886319 2.72165189689 5.26644122108 8.70150668087 5.90752589265 8.42429744206 1.14471315386 -5.08089789286 -8.3426943913 -10.807708373 -10.2640590926 -13.9167180757 -17.0189165933 -10.0154101302 -1.07653976253 -2.12042160204 -5.21743480369 -2.64885339758 -2.37987687139 2.55797984853 -1.34967017852 -1.54811590194 -2.01211912546 4.26553881895 3.2727633327 3.55596852675
-1.04424240829 -1.79989034702 -3.53133019056 -1.72116836359 4.0702981803 7.73068055196 1.25691984344 -9.9554349318 -14.1201763354 -7.97647023381 -4.9365921423 -7.9243989004 -5.36202538108 -2.77236971873 -2.73424750726 -1.87684135479 3.66503645544 6.70527528315 4.8262116825 0.630589939109 8.48847146104 8.66737698407 6.62025440544 9.76044829513 8.8898671723 2.32380118797 1.00318644116 2.60170637357 -3.55463220212 -2.5466938609 -0.581324116099 1.10291585768 0.865109728182 -7.17281150133 -7.5649171817 -5.75584317571 2.28452932586 1.28275182845 1.23653383524
