-169.587207072 -167.655101772 -169.093233412 -170.389037196 -162.227203503 -161.576153619 -165.827719179 -167.415742436 -160.283290451 -145.621525637 -124.175788197 -89.6166190243 -62.8202248234 -42.8274415131 -39.9053201123 -53.5342303507 -80.4849425406 -79.4760832136 -62.0729188424 -62.6976586009 -80.2174743134 -97.8320157321 -121.144014704 -139.462712474 -144.403129106 -146.2512458 -151.603367143 -158.924196618 -166.325265864 -169.699948384 -165.74572156 -165.480629788 -171.644201357
44.9628660103 42.0511158556 38.5628695123 38.4296683234 45.9226704027 45.8902307323 39.7357510535 41.6597555669 55.2665784747 62.2198437606 53.1304790567 50.8664598317 46.8424800258 39.5644095219 39.7728247574 51.6317916101 65.9916433707 67.326823735 63.2276493612 69.8381511263 74.9106959473 79.109004067 75.7859274545 69.5792713029 68.7194879503 64.627085506 62.7824555572 58.2371405041 50.96082394 47.5694992859 49.074439248 46.5576975733 38.8041458669
10.5599102841 9.09581259218 7.90749269267 6.35477748637 7.37253252517 10.1897031675 11.2831869975 10.7181360006 14.3752204526 21.0356201931 18.4482021829 5.19509329969 -2.29934870646 -10.7807210843 -12.8987317255 -5.23276372319 2.6030622103 4.69132566667 0.555172677154 0.646779127529 4.19008114882 8.19946855587 10.4303244568 18.0898345768 20.2908085199 14.7578547097 16.0571181329 18.4469228228 17.6672004706 14.3201028707 11.1736693709 11.6012915897 8.9474363493
23.0620093955 22.9780492868 19.8197147022 21.0631216656 20.711637999 24.499778536 23.6463654796 22.1593174071 21.8201808217 32.3751947933 43.4124089282 50.8992586653 57.1081248029 55.0765037685 39.8731755987 28.914496463 26.3968815199 24.2968180687 22.9365993266 23.5783121946 22.4613354292 19.2851554887 16.8602592088 23.9210975363 24.1993628109 16.2893265173 18.7347179167 23.7412514482 22.4628983256 19.498326181 19.0994005812 15.6582059322 7.57549665228
17.0008969897 15.1145028259 9.09791072426 3.07719933686 5.26112365333 10.2232917148 10.2188757997 10.9651691294 9.57052545013 2.83356769445 -0.603555988535 0.317501854501 7.67091792205 15.5503427712 12.5886514381 13.3390904588 13.565155673 9.36278316963 2.7490631007 -0.697360464197 -0.216580809866 0.156372259915 5.86345920261 10.4928457176 7.46459883404 0.440968862083 4.81186786532 12.9647731966 13.5926366596 13.2313645184 10.3905507814 9.04187132306 8.59877743567
22.5520472637 19.2475909108 18.2852192899 15.5778346997 10.0793419999 14.2891715941 18.2078658262 14.1980845855 12.3337985204 6.8431522068 2.93477177409 -2.684102735 0.181587511313 7.25837587582 12.3921503787 14.5365232798 13.424934921 13.6343162587 17.3547091695 15.2626908687 10.9960529839 6.39594036597 10.7885324909 12.4676187413 12.0527618375 9.72966030157 16.2202314073 20.4702973351 23.1655607564 22.0896153147 15.7636792476 14.6851241766 16.9964503587
9.02198948804 7.94962889973 9.0991229087 10.3718790254 4.73812476698 1.81892330936 6.99747366322 5.7041415656 3.03614990914 -0.679802779346 -1.95347501313 -4.00300430455 -13.6085509657 -31.5583476892 -38.1896992951 -39.3953472846 -30.6545661924 -26.2699230707 -24.2654165331 -19.0874332535 -11.9492856867 -11.7451842933 -6.97861521417 -0.926680593345 0.222037913848 0.763509610968 9.16157214338 10.7112224616 9.92918239321 8.13858567132 8.38326711728 3.98869520574 4.32818343772
12.9929352518 15.1862499021 17.5544637003 17.0953076435 10.9999178482 8.2189689801 12.9530900595 14.6121974645 11.6988708903 6.20394420429 7.88210793444 6.29284741443 6.04589760582 7.48336126528 10.9822609821 5.79153206503 -1.76454734658 -4.08523338096 -3.84368482466 -5.21788982626 -6.00857344037 -4.64449971567 -0.466632128023 4.11682118845 8.92212053019 10.94688031 13.9116075301 13.8569528406 10.0363097756 13.030132166 12.8299931166 12.8386115812 11.2680285589
2.28198669073 3.37457043409 3.66967247166 9.14425090836 9.10065886633 6.71357335495 8.3052073245 8.9232508353 3.14702144739 -0.270734805137 -2.21737724207 -8.12465205004 -13.6399082511 -14.275913479 -15.8619291913 -17.7851368353 -21.1505592949 -17.0937231645 -16.481571688 -18.6338004189 -18.1057318469 -11.873844243 -6.96104078996 -7.64090584667 -2.01460156747 -1.22401033255 2.08287587539 3.27646177365 0.442074919959 6.04696001991 6.49056343758 5.52026750798 8.07888269658
8.25029663897 4.12280725061 4.00765567068 10.0434526042 10.5911547259 11.8587153481 8.41836327319 7.0387294595 7.23598061244 5.14852103668 0.208701517582 -0.646500507366 1.16660201354 5.0062233982 10.8908743022 14.7228847979 9.73580109568 9.06698691386 14.4117338854 15.7610523722 17.4041325059 12.957640204 10.3752267095 5.35855180862 9.4060169421 10.06982248 12.4977373294 12.6663866361 8.85701054045 8.04370241892 7.05191597497 10.9542634776 9.77543155787
-5.41161118339 -4.24994122124 -1.94478609559 -0.536295370475 0.2437416105 2.63999856792 -2.10424253498 -2.56853369465 0.0359450853142 -5.48760771427 -13.4607472198 -13.1863487204 -10.1350290596 -9.31501735583 -10.3767937993 -3.56682277077 0.137006425266 6.47311157719 11.0587883002 9.0403928501 8.27324822935 8.68454243077 9.16460318688 4.79525666137 4.05023819554 0.787122404393 -1.1215561804 -0.0534721032442 3.85353741137 4.82840078584 3.93230146945 7.56455523629 4.50736218234
2.83975417055 5.19385830714 5.40097503876 4.95687370957 7.10424483271 7.5146144083 4.17580616189 6.09876578351 5.03938316551 7.25823101546 6.46054402172 9.5504370962 10.3835451276 12.013752339 4.47998238025 0.354699016878 1.15252153755 4.0934541686 4.63257420999 4.10533594791 5.23653060619 8.44612543764 11.3626620438 1.99608557981 0.00965112873127 0.486749685032 2.18997891168 2.91060499682 5.60535084056 6.26430626613 4.47057266193 5.95017605996 6.94011879682
0.292286474971 -0.266494836358 -0.497426393774 0.255738851915 -0.169459669131 0.0565555141444 1.00299512655 -2.46483709763 -4.54730161415 -2.79984418061 -2.71034751177 2.09267668994 7.27797777388 9.87952594984 9.48459792009 7.46908502443 2.08947591728 2.92361955524 0.475931367632 -2.93726449677 -7.27051835033 -9.45414177512 -5.49286597495 -7.60338122498 -6.84845118845 -2.96820049379 -0.80596045888 -3.64593613157 1.03243298234 2.51673786752 -0.19553328252 3.60398793452 5.42074161053
