-272.713751484 -268.505333126 -270.243116141 -274.030628535 -274.723256543 -271.216046237 -267.518550465 -268.740171215 -262.716038293 -238.316418778 -228.119968528 -211.709851292 -186.136114108 -162.835848924 -136.985044427 -120.464738364 -97.2231832459 -76.1270899768 -90.8529143879 -152.854579247 -207.637337725 -118.94903545 -43.5949593133 -27.0019838136 -32.8563911614 -40.436665673 -54.802043959 -89.7621369999 -145.948725416 -190.711215414 -221.760466597 -229.359959344 -236.656539558 -259.511525193 -269.983357865 -274.561941925 -275.032475594 -272.081999842 -273.815265986 -280.693046794
39.1401264632 38.6748662512 35.446697264 34.3249865436 35.0440779639 39.6004878337 43.5664425349 39.6359348974 43.682048766 62.937559285 62.976437686 56.7648706404 55.0246556567 56.0166382197 59.4217892292 55.6537578788 59.6210229339 69.2383413899 78.7112374727 83.8916099162 78.9565044173 92.0033453876 105.447992019 113.069521507 112.392161922 110.344829154 105.795292396 100.672172879 98.6693940494 90.2237578241 74.7365958864 68.9876150742 63.3417315903 46.6982716754 41.4622391884 38.9894359799 37.6105569323 41.9078250308 38.9844830584 32.4441394598
5.05094375893 3.55667208227 0.510241759071 -0.510199977665 1.80769949127 1.79171813742 5.23110196127 4.17307758938 7.35439566692 27.7822682357 33.4211649458 24.530060278 18.2049473414 8.34076822015 -12.3535570024 -31.5708650243 -51.1476198103 -55.9717058618 -43.655325349 -16.8445611397 6.38971145892 -45.5543600485 -92.7820371627 -120.846268302 -125.615953811 -119.300755402 -111.413647954 -85.9328909717 -44.3216992108 -17.1151638849 -5.53410412767 3.20957284024 6.84682811568 4.09582209659 3.33997686998 4.8748413317 6.05736254495 5.96935075224 2.31106418119 1.91204421597
11.9336244347 12.4482159543 8.10421183282 14.8860716246 17.0396805185 15.1539890969 12.3546433283 11.9739078956 21.5627911085 40.7589147229 46.5073683068 53.6118377566 63.7852130521 68.6532373627 70.5864238497 69.6675289907 59.1912799636 57.8589755957 58.0786618091 46.4864345549 29.5071510203 14.4808205576 4.672017479 -9.38944104286 -19.1348447375 -19.3263015592 -13.5778011477 -4.2255511747 -3.35988386161 3.65409205191 3.48920156587 7.54948441488 16.333245016 16.9280938856 12.77973253 16.5390668304 19.4449866081 19.4485146457 18.130988029 14.0804466575
-0.490814068276 -1.73341628167 -0.234843253704 8.0913880982 6.22701996263 3.12857249441 0.79698447045 -1.97218972496 3.89786532528 0.26406441893 -7.37067698395 -17.5505668439 -27.7948653231 -31.2177648222 -29.6417638457 -32.8467526007 -27.6059681053 -25.751584097 -19.5114008111 -8.98833663206 -7.10302182649 -14.4089038408 -22.2051020507 -19.5185838236 -17.9435264953 -15.2499457019 -13.771573673 -10.7944393684 -10.1965340117 -5.41048715117 2.0131876368 -0.0231675107942 -0.0612898274073 6.15215291702 6.78493207554 4.8487226892 6.85640863199 5.60164540009 6.60817629159 8.25885208707
6.72689905189 6.82755112379 9.70783085815 13.7561685558 12.5109690062 13.8086542588 9.88533541117 8.08481259772 13.8462653081 14.7655100401 12.6106258344 11.5230182109 4.28851935489 -6.11687680473 -19.7082457419 -21.9140833752 -17.8568787305 -26.9968112024 -34.2117784595 -30.8332252289 -16.8290792776 -13.0073214434 -10.9365735664 -2.56100503474 6.57931753033 9.76105650632 6.75429558447 1.90438155451 1.38670931761 -0.132645662003 2.63736451127 1.51752005741 2.13117795502 10.1252670005 13.0395644482 8.20345226305 9.63767034487 5.97008452482 9.71652120185 15.4041975398
-0.252732334048 0.341399043764 1.96669201493 2.91386605733 0.748350607817 1.51964903629 -0.184387174971 -0.590240752433 3.38257414595 -3.7512655222 -7.72191391717 -1.3232461031 1.13564595752 -2.86597417029 -5.88656949729 -12.3076815211 -17.5500328777 -24.265141007 -27.2684695217 -21.9953663475 -14.4993987365 -15.9725363581 -8.32955146161 12.557952173 22.5672368134 20.7509367749 13.5467509701 8.28818014434 -9.10592014239 -17.8855604177 -15.5211299832 -15.1183112256 -12.9913895064 -6.00676951432 3.29251393278 1.70783028801 0.0743231244135 2.17351412743 3.27055725966 7.4377346618
2.90155654581 2.2103862491 9.6605162963 6.88541259354 5.76902069838 12.0640277852 6.85285239916 3.74379687272 5.222458645 -7.4369635558 -15.7557780082 -22.3975910554 -23.7631404833 -17.6779473867 -5.88670548326 -2.56977624919 2.7049903061 -0.18720484526 -4.79213198058 -3.13271924792 -1.10518090981 -2.71742445849 -8.25545394957 -11.5941822224 -12.2405968722 -14.9061570141 -20.919410439 -20.7702994881 -18.1320358178 -15.9725927268 -6.06088621572 -7.38608248556 -6.89551506152 1.23370895511 7.56276172581 10.9724453901 12.386582406 11.0728497819 9.96921602125 6.57438129302
-3.55616529939 -1.78565552755 2.5300804748 2.15809353234 2.56909755731 7.03672297666 5.12840815582 1.79337934412 1.88422435903 -4.33892585829 -5.90836789169 -7.09359593836 -10.6811120996 -10.4735872339 -8.38737366288 -3.45017699163 5.69665540408 1.77205973312 -2.86658328013 -3.02784745064 -3.79901277897 2.41819652769 -0.166506347894 -2.47765853465 -8.75882696732 -14.5507510469 -11.1018468618 -10.4812460425 -7.05463872892 -4.00751565313 -4.73098278221 -7.82048316529 -11.9422131478 -6.35989883408 -2.87757240152 1.3628052392 2.65022086473 4.40752370384 6.13853279708 2.03826442852
4.59420328823 4.09234638019 5.5303172853 8.22586706982 7.35240291465 9.71206869031 13.577169498 9.1720083848 2.4774994191 -4.2461911541 -6.09212511026 -6.6617259181 -10.4950278764 -15.5152473046 -18.7455789187 -14.0567082184 -0.926624658899 -3.45545823988 -13.2682440493 -13.7557637216 -1.85675694849 4.04596201674 7.83629236188 10.6321962788 10.408225969 12.1597124302 13.4930647678 11.5741621975 9.15333053904 2.22136514325 1.47727568632 -0.721398083384 0.807199879765 1.45539936047 1.90407155851 0.811798138321 6.61504336967 9.56492771882 10.4699667477 10.6588871823
5.5147784923 -0.0815352202459 -0.580354864026 0.200778890189 -5.48879900258 0.362876661158 6.20428146443 -0.053960944559 -5.55519421524 -12.9116163582 -8.51425569941 -8.27993782617 -8.52307150237 -8.2841147756 -5.71139307825 -4.04716164418 -7.01945059238 -11.8178995265 -17.9943367969 -13.779507677 -3.9004370949 -26.1023368452 -29.0748606244 -27.1090053359 -24.8441287689 -23.402696267 -25.9291193484 -28.6549934849 -25.4261679263 -21.2247104364 -17.1981633366 -15.7953734522 -10.061942225 -6.46132813368 -9.11160492582 -8.10285161766 1.02910024254 -1.20019825962 1.91642641161 6.48897831337
9.8121435847 7.71421126799 5.99570648854 6.66982053802 0.797836439142 6.68658504826 9.37101890838 9.84397406217 10.8547285689 2.93540836142 0.42839173157 1.21832950857 -0.708890899644 0.362093440965 8.17617196048 9.12830556848 14.3237692703 15.8969251137 9.48543886499 8.79211616766 5.06752170023 -7.26477058128 -7.71886332859 -6.01964611276 -5.65557933225 -10.5023019625 -12.1554695248 -12.8429631421 -14.7254106454 -12.3480259618 -10.2130397559 -5.7826161553 -5.27954713293 -3.81084611457 -3.02538792012 0.0155133491777 5.16269731183 4.19409368984 7.41945299234 4.31626710238
3.91310957379 2.00812896245 -1.79077432825 -1.40618182271 -4.43014313179 -1.04879184707 -0.44437675316 2.43525626474 0.469873177417 -4.05129305369 -4.60196645164 -5.60952180946 -0.881726471668 3.1035919088 11.4315420432 10.3393261815 12.2662850782 12.9727457721 7.20264955548 3.56003607569 -1.64103220089 11.7270740553 12.5458184635 11.4265141911 13.7201252839 13.3353222287 9.58249926813 5.86370487454 -2.21694439587 -8.3861539396 -10.3699324528 -3.11512992985 0.296136023876 -1.44157012775 0.497545459736 -0.0756243566909 -2.77145237486 -0.360664074108 2.43434578024 0.13057450603
