-194.826585918 -189.969521206 -190.719283289 -185.249367084 -184.781729894 -190.204710209 -187.753612909 -179.953867624 -159.129859205 -146.087281885 -142.724726139 -117.004618745 -78.9212103728 -51.0566175384 -39.6932920375 -28.6502212528 -14.8835722043 -16.9375683666 -53.3504473981 -74.3460366366 -29.2699827385 -3.29657748199 -8.54365201056 -20.1993392326 -32.4520516639 -59.3700305793 -103.808964252 -129.410065301 -145.543488548 -158.207837104 -169.778855061 -177.196725944 -183.613497351 -184.134883877 -186.604567016 -189.250599878 -187.897469152 -194.848385689
42.8969902878 44.4173762535 39.7564696299 37.3838869899 38.4633671158 37.8364638199 39.9050834093 48.4176649241 55.3940155612 55.9599949847 44.1584332585 36.9143265558 39.723914995 41.507124439 50.3120103809 50.1448302515 43.5247820938 49.9799854212 59.3453245921 78.4420028627 78.45543289 70.8824772633 70.5350734215 72.9346434207 74.9384072387 75.9813585668 74.1474819723 71.2522047532 67.6884540522 65.3356622689 61.4734492576 53.1593736403 45.5306418409 43.3623260911 41.7291514911 41.9774256463 44.2296297925 39.8604072242
11.1633350299 8.70696449567 3.21846507133 -0.705561414492 1.99886007783 5.84730436894 4.39736078431 7.50057901243 18.3659120517 25.6519991754 24.0817514334 5.66276876687 -11.5635415177 -21.2935825283 -38.4674391009 -61.0331702065 -70.5337216431 -62.2046310313 -44.7472592101 -37.0241163085 -59.5107834774 -78.1590721864 -86.0508307753 -89.7656735543 -77.3353155213 -58.1078708959 -35.5348116042 -18.6677804347 -3.54254071994 3.24763434582 15.6673434697 16.1038400402 11.5795531099 12.2669860731 7.89112282985 8.23336023299 10.8803773113 11.8058202552
12.652805409 17.2636871102 15.2027028395 15.7421936056 19.24177324 20.4965363008 17.7345615675 21.289855513 38.7532362754 47.9095074221 51.2852831627 61.5296614954 70.6794855696 64.9007639039 56.5544950759 49.1956711022 45.4801590414 44.0365047339 39.1445279634 22.3246487985 17.6130588589 13.829407899 10.7858696641 5.44607961892 9.8777676385 8.72158899564 11.1500478618 15.7962275754 15.2366465623 13.2666095117 15.9643395591 19.4495126134 18.0717510367 19.972422741 18.9008928467 17.4181086835 20.4241420001 22.1096777798
3.53004771619 8.99053748192 1.7069745687 1.38116782486 6.90155007331 10.2957709289 4.98171574898 4.01996842357 0.0188420769643 -6.37286724335 -13.0659866032 -15.7456994512 -16.0429286571 -20.8172990209 -17.8649665661 -18.5970620612 -14.4657227511 -9.91044837556 -7.25395286885 -7.57222553105 -23.0822083026 -24.4675802179 -19.8309134144 -15.2081257559 -9.5930341778 -5.2259633537 5.98054668637 11.7362319712 8.67288289931 3.60213839381 3.35904514175 5.61375777791 4.11421804568 7.14340557189 8.83543534739 5.75057326384 6.38523861813 11.5026240569
14.7571742174 15.2364071368 15.2254918255 17.779042087 17.1795050473 14.8201224566 15.3702354637 15.5392778046 18.9002071692 20.0882105316 19.694176571 9.71855179352 -2.72718394845 -10.8381417448 -6.10153773558 -0.880717223875 0.93581298191 3.17210863269 -3.83109351807 -4.17558038133 4.94859568332 11.9255128372 12.8609478398 17.954938681 20.5032490814 16.5683317167 14.6001993499 13.7004772191 13.0578587643 10.4839301077 8.62791856503 10.1362549871 11.1438496224 14.7374726137 18.2291828966 14.1224932749 13.2251886299 12.5121391986
3.21318115305 3.29961201727 4.12394412796 8.29998496401 5.42609846904 4.50116507983 4.81881106607 6.0499747923 5.63303636609 3.78056725874 8.67863196584 10.222073698 3.70411987739 -3.57791217484 -3.24760788345 -9.33240875813 -9.54131745036 -12.1396461045 -17.6980013636 -16.3504649628 -11.1517161011 -4.12334454218 2.53630780902 11.6923096781 13.8655825167 13.10874053 2.15011656719 -6.99863308949 -11.6257043832 -10.9643338882 -6.12998282946 0.302289793693 4.43851012539 5.26986470622 5.00947493953 1.58428353308 1.9325788383 1.80013242762
10.8866423484 9.77704492562 7.72918554892 5.31678814002 5.48174647589 2.74425427353 5.21035397355 8.64993249944 -1.94496903873 -10.0811513018 -9.46147658111 -9.79237716518 -2.23458162714 6.12729847398 14.32519243 21.2140521814 19.3309960738 12.2545697889 7.42606729165 0.186832304587 -11.3059836226 -10.2045029133 -9.89040885331 -4.76319460202 1.65376460128 0.654831380878 -2.15579754085 -1.83713004742 -7.112233145 -2.59620277543 3.31894702988 9.59499341264 11.8722666839 14.1569222463 11.1290910269 4.77270308577 5.96357240202 7.77187941911
5.02948560369 1.7461956817 -1.08549886789 -2.53046118816 -2.12471427077 -2.38401203946 3.03675278383 1.33093020476 2.70743138938 6.44671799051 10.8228531652 1.45552753322 -0.0951226448117 5.946603189 14.3617797994 22.032610514 20.2741246936 15.7064500132 14.5585607401 17.864924123 15.7516093005 12.6442007595 9.73044321441 8.53327864242 10.8758572644 9.3290943499 5.7877266495 8.01871088004 8.00827496129 4.62486802824 1.29491111927 1.41395185015 3.27662769175 5.92855873704 0.90048943178 -3.31654130625 2.87151569272 4.70414755606
3.81822273855 5.61386006352 7.26972181556 9.08851056214 9.28567938761 10.7464427608 15.1930127011 7.47738500746 2.81019116711 -0.0933149733063 3.09011329228 -1.9252271666 -2.30430883786 -1.3351296398 -2.41478176187 -0.319298202265 7.44296700762 7.87552197247 8.03672045305 21.1707299433 28.2965400569 31.1286350529 33.3154963933 29.4888187195 29.8160349157 28.3251583273 23.2078857289 15.2276757321 13.24794905 11.5067759773 11.1116166665 7.55120544274 7.66541031825 7.57346453606 7.89457348704 11.733872039 10.0676303402 0.658616652442
-6.44315413331 -0.954862001417 1.37575017887 -0.124691210213 -0.892338813841 2.26342335854 3.63508382817 -0.623497052402 -8.20332743936 -9.95599112786 -9.24657741928 -7.09382349223 -1.92835092885 0.666402472339 3.76854091527 1.51919561323 -7.80728035733 -10.6466695998 -7.85827364599 -6.73326514545 -8.83285587594 -5.99887592228 -5.28627049748 -9.65272556393 -11.0806950325 -12.0035063157 -9.04035999114 -10.5697804373 -9.83191653742 -6.64151260688 -4.24146302083 -1.73046145817 0.288938937881 -0.40476435418 0.0937788878482 4.21549282314 5.8484717383 5.1820900363
7.09722093496 8.37752669507 8.17418159644 8.69730327738 8.50466809111 9.59871695499 7.88816677135 3.74333657048 7.27901535772 11.4910764901 9.33890481359 9.18546286068 7.64269479096 12.0661905793 13.3525874905 8.00174183725 0.133568147278 2.31128517204 2.29127237575 -8.1612713346 -11.1097311232 -10.2080890165 -15.4028008967 -22.760952569 -22.398782056 -18.0913351221 -9.71270826584 -10.2542032242 -6.75779801926 -5.08192864829 -2.12666427902 1.67976216394 3.96967147028 4.90179694804 5.42244495844 8.68327945713 8.55074640729 4.1830319185
6.87874517311 6.16237798985 2.92764324505 2.5808651716 5.30577434054 6.74070832653 5.73482492658 1.85822874192 -11.0976597986 -12.8877332288 -12.8319570971 -13.5347794052 -12.2911023436 -5.14726387414 -3.36315621125 -5.12322809917 -2.32360629184 3.49303346338 5.17981144034 0.576807661142 1.1463804622 1.01738329574 -2.91592127801 -4.84858767847 -2.64280064398 0.852560638653 -1.03612030034 -1.26723927448 -1.87705892221 -4.96457704232 -4.29426858357 -2.34031965115 -0.170103151938 1.03442994447 2.66701589108 2.49035905708 1.83089534203 -0.259458936433
