-315.784390628 -306.27002582 -307.108006779 -309.689707508 -305.230424093 -303.772446263 -308.541026738 -308.60188412 -310.229306358 -309.013283754 -271.318416806 -234.83399184 -200.134376462 -152.612362045 -108.124025346 -96.6975480997 -98.8066939796 -94.3236070675 -99.0659587114 -143.379050495 -202.738673436 -157.393079876 -123.962378796 -126.19114839 -142.227620037 -164.436644245 -197.419229157 -225.738331656 -234.1677851 -259.560576072 -281.84773056 -292.528998496 -305.20885514 -309.150890825 -308.532822147 -309.705675336 -306.98252398 -307.677911075
35.5098553819 40.5089023628 41.6772115879 39.6897733604 39.7151172069 38.5657550432 37.6846458351 39.20935068 35.3025463426 37.2723184993 67.1934690082 70.3735950811 61.6281048765 58.8641878521 56.6272048932 56.499758163 51.5281897761 55.422338986 74.334934804 88.1069206681 89.1053939706 95.6871059631 87.9978323218 73.4211014629 73.4895761449 81.9663866972 87.5769920721 89.5823875641 81.060259459 70.1817853639 56.957488076 45.7157702209 39.2672362972 38.7570954564 39.7816483035 37.0441219271 40.7021941237 43.5688665391
2.51254433184 2.89158980265 4.88360512984 9.33694138269 5.63566331767 3.18690042041 3.56062543548 1.51442888496 1.7639675307 9.76806568231 23.7673212233 13.1936505686 -5.96919376102 -27.8211834921 -48.475923364 -60.7298111898 -69.8492989011 -66.9840189298 -52.2343696422 -31.660613818 -7.47453385659 -20.1873742876 -39.1012013768 -54.1566711476 -54.6902943493 -39.9628868975 -17.6572760967 -1.22143609635 3.42979638655 6.09466646963 12.4285293926 10.5756653577 8.67046654779 7.24166879262 3.39412184406 0.0664331617944 1.45192400832 9.34610532177
14.5582434909 11.0149049644 9.0663908022 14.816248134 17.1402899224 14.0299151558 14.2981891742 13.4242478817 14.5279538928 19.539174748 38.4227389892 62.5604207536 83.8550731517 95.8725711079 92.0286628248 82.7079333738 76.0924457874 69.5159993872 59.3823212856 49.2127548747 34.1935238859 25.309234111 25.1437320144 23.5359359613 16.587287315 9.27643317798 9.4420150659 13.8562519443 24.560012486 19.8358036764 19.122141398 16.9408898595 20.5216182964 18.2890232999 14.5241342997 14.9355095722 17.6699702775 21.2861959576
2.92729729744 5.41268158338 5.94821867275 6.73626269639 6.03462000507 5.42491156181 -0.497959291554 -0.232955771172 -1.4947970356 2.10091743641 0.948694504263 -3.76983776093 -6.10016991443 -6.5726588585 -20.9532885289 -30.9540403709 -24.0383479458 -17.7330255112 -9.62056155692 0.634019680079 4.23957479753 -3.20506379052 -11.2057333636 -12.7436642821 -5.99846506834 2.70225074105 0.588996035647 -5.30377438472 0.427823229705 1.33000674426 2.01455175949 5.47300547188 10.5093444034 5.89015689719 3.89722695243 3.2206932089 0.815566140171 5.65883943802
13.6772974996 13.6125491349 15.797397063 13.8772257327 8.42541366193 6.36960593655 9.56036003232 9.5510861534 9.41941407202 14.9114074791 1.04808687215 -20.4328775381 -30.1520815358 -44.5743547132 -49.014881336 -41.0281802386 -26.8267969168 -21.0972524388 -19.7191300092 -10.6697239636 -2.95493493968 -8.18994002904 -17.1510241905 -14.8449897865 -11.3674220095 -7.7741597096 -1.27266779692 -1.09413533424 1.92366570142 -0.0950645147635 4.15189248375 11.4831122332 13.41473787 11.6448750929 9.61573334816 8.82380616122 11.1613233851 8.10886135884
1.6567445173 3.36445361654 5.01725564772 5.68248905917 1.96637024388 1.01497184618 1.05884412632 0.890209249392 3.80563287525 6.54674993498 -6.05859293384 -8.82946395735 -4.81721796173 -16.3691238615 -27.7672502548 -31.4125235996 -30.2955668203 -37.2988887198 -46.0111160465 -36.6898481723 -23.4022621977 -40.4500934636 -38.389398279 -31.0223579879 -29.7530284212 -29.3440005486 -29.5377152969 -28.4409493233 -29.6866202352 -23.3339937497 -15.2612184129 -7.31174712543 -2.43697543277 0.779987848148 0.436619334256 1.87320889524 8.10710798174 10.0313553341
11.5682104032 12.3548819411 10.6928054238 9.97623455949 7.5632721994 10.1170647444 8.09196364419 8.25655756771 11.6843178375 9.79919711293 -6.09859267402 -7.1469900355 -3.45056520796 -10.9707917764 -19.3346491 -14.7465247959 -4.05067005733 -11.7932921859 -24.0814675061 -22.2144353953 -11.681674085 -27.0020903511 -27.6398918854 -17.8543572653 -16.4455068015 -17.304122025 -19.4275414661 -14.7199854799 -15.7406703121 -9.85076310364 -4.39522415587 5.18744150735 6.78617398995 6.13018348672 2.08452771687 5.20336201332 10.6448402476 7.07207725585
-2.86310832332 -0.885459208323 0.38176057844 0.352756654786 -2.71773947652 -1.11609692842 -0.927548665578 3.40835708514 3.41350550632 -2.71452927996 -12.7737927032 -9.02703784555 -8.88775524881 -8.59277073823 -2.04438794487 14.3011229448 24.475286054 19.5514851703 11.5136552249 8.71048176407 -0.613235607659 3.45765897595 10.608295383 16.7304878697 16.038646721 5.1366555054 -4.04905082609 0.170966698134 9.32494885997 8.21164238369 1.14648871107 5.55162279031 6.15070780121 5.91730631975 4.15227536426 -1.2206615043 0.574763417628 0.506899176236
10.8965066322 7.6824952998 4.60845089064 8.5328255678 5.99933270223 4.33811462254 6.04012355432 10.4562307842 7.30246481944 2.00306690072 -7.62398442725 -10.6907312373 -17.7949028213 -25.2214645744 -27.4064656923 -21.3566549278 -14.3231858467 -10.487390673 -12.7887198949 -11.823000995 -5.24824926053 4.82999276818 8.00378235598 14.1842385026 12.0642456034 5.78371588978 -0.329189278731 4.18891881412 13.2128743159 11.1010806235 7.79594172871 8.78154021834 8.74972746363 12.5979154123 6.25803297946 1.37514568325 3.25161055868 1.56235088744
8.42182625456 4.17386700378 -0.374350044173 1.87073806263 2.67895235594 0.773655149307 -0.300406998535 2.85042748239 0.720067655643 -1.37661782894 -7.72050538251 -6.79771244618 -7.13000147658 -18.44419392 -20.2085293239 -18.5863843911 -12.3593473037 -10.6826292725 -16.4086814229 -18.0650168729 -10.7704857627 -10.5422110455 -5.72883595218 -3.07516598399 -5.71906186814 -7.3062424926 -11.6978029584 -5.94867523969 -1.23137801702 -0.927004036707 -0.911799273704 1.03908002878 -0.728184513899 2.91830711597 2.72854790486 2.14431746134 -0.773560845534 -0.0259665877423
5.28769296586 10.2574451415 10.3621575403 7.70900497095 7.793243853 4.35203358826 4.99845053619 8.82628105062 5.13441443746 6.81257258525 12.4568742908 11.6761778691 15.6325339109 20.8615544824 26.9819486946 29.7822328523 25.0090897545 21.105591407 11.8710693421 8.73700981595 4.45486448278 0.951699632027 2.92395359854 3.52251784606 0.326703600048 -3.70865519737 -9.13075620295 -9.2026366872 -2.72376201714 -0.84954660002 3.57400071151 5.37516138954 2.56665560338 6.55444382006 7.53790393768 10.8911131317 7.71293331101 3.73049921039
-0.747516291534 2.86534442685 2.39551323155 -0.722834557449 -2.67816714008 -4.22532005754 -4.90803550158 3.03203710467 3.84268718021 1.38642005094 -8.40317593822 -14.9524394446 -19.222865413 -12.6160308933 -0.313523771639 6.89599853364 4.88157995648 9.02601773019 4.20999105347 3.46792917602 -0.793535947777 4.76451212484 8.44970051551 2.01146647585 -6.49173520161 -8.37607914519 -8.30700922598 -11.8556638171 -7.04965426518 -1.40525649562 2.83637992768 4.40855474413 -2.14223173846 -2.26753612163 1.63881447452 4.09662241815 2.71605746887 -0.811162822513
