-140.905124017 -133.899788302 -132.387142578 -135.357420819 -138.033434758 -140.993755127 -136.750537793 -126.092130002 -104.273425702 -93.4645871095 -94.9187210701 -77.5566454722 -56.193201939 -38.4279985221 -24.2960933486 -24.646810187 -34.8676008316 -61.2828344857 -78.1980083464 -48.381515882 -30.5347971224 -35.2898458003 -35.4864125352 -32.3898676553 -36.1722666319 -49.3805274377 -67.6040804091 -90.6056549691 -107.097289144 -116.535472172 -128.036757106 -133.983427587 -134.405977345 -137.399175018 -139.856003704 -138.295411098 -144.101867903
36.7728574832 43.7669605793 44.5146574845 37.7237894299 38.3218114514 39.1912536381 43.9718518322 47.4167519307 57.7924651186 54.2469651051 46.7953240174 48.773483165 49.7175917483 49.2843570904 48.9714162253 53.3143407114 69.3080559873 77.9816873323 69.0865533583 74.942089171 79.3294731694 81.5430684349 82.9057433506 79.107987702 76.5065033438 75.2722126709 70.0138946173 69.7983966728 64.9364646881 57.5437410654 49.607993117 42.7567767517 42.5058001078 37.9904245425 39.1009351739 42.1043174101 39.6196808499
4.01300696195 6.63012075169 8.40319281296 6.32179957713 4.95187581367 4.37105885632 9.51909010335 13.1443733402 17.8982559323 15.4434019575 11.5294507102 5.9953392417 -7.97459002381 -23.6049004302 -38.3973795413 -40.4054411591 -26.0009097478 -6.0236850644 10.0248162314 -3.26629246205 -15.0957124829 -20.6983528501 -28.7832374872 -35.5114639655 -30.4188850994 -26.3458089197 -20.8676169343 -1.47560660971 10.2925806231 9.05059572248 9.52595310355 4.29022952755 0.0679605955352 1.93634348192 6.58961142561 6.01389038525 5.94233106678
11.7913888875 17.0545937425 18.8324150883 20.0129328249 21.7616017129 18.834853195 17.1093557788 27.5162459504 42.8114928386 47.2193512537 50.8250380737 57.34506723 65.2758299285 64.4513438202 59.6043849502 52.1845471173 37.4884219935 25.9297084354 23.4614895791 19.6495283219 11.6461228719 7.99685112139 8.72946552526 7.65380538072 2.38459762443 -1.81949666459 2.81979466976 8.19574403898 17.0906597044 22.2597587201 21.8253912526 16.639116259 15.9885371648 17.4990123511 17.8632546636 12.6756756816 12.985854692
-1.91270477027 -0.338663052037 1.79421986448 4.06370168782 5.23508238899 4.45047417149 4.53240534874 10.3281555121 4.4300200366 -1.50292016125 -4.99761559902 -6.89490139689 4.20381436782 1.57202455139 -0.396410918819 7.75977774129 9.16265221132 10.2757148664 0.674084156562 -4.41739233741 -6.16212844997 -3.47662550244 -3.23503828116 -6.05134259917 -6.10939768752 -2.83953101396 -0.321557207223 2.27759323205 7.80381649474 14.4113599025 11.0025084075 5.8841134838 6.99295211441 7.80343372153 8.44922537381 7.9451582328 9.08584919943
5.31497933306 6.56990086133 6.58920613507 11.5575072474 13.2498163747 12.0242233239 18.1865369102 15.0289061632 9.3498414309 6.31921082652 8.30106906409 -0.677057024568 -11.1817651479 -15.9177660268 -16.5885221434 -11.0215573653 -2.34958498791 6.69819029978 10.0804303267 8.7449577764 1.94314837699 -0.74589749577 -2.04394456063 -0.508514992403 0.994425596829 7.58738149867 9.9814786924 12.046934624 10.3019697654 10.8686523477 14.6423496675 12.9658771162 11.7195769571 12.6053736311 14.9611820117 13.4497729661 15.8446266218
-1.83863170335 -1.10555977368 -4.12174542326 1.88292279534 5.03459396125 2.94516183549 3.06218742444 1.5836278869 8.44662912272 10.2148273519 9.45566249362 6.45336193591 -1.09288146767 -5.44750917674 -11.719241166 -14.502727226 -19.2384738848 -22.4261273585 -18.8884629491 -14.8327508278 -15.4450692828 -7.37628578801 2.64777053301 4.27592820735 2.48062719305 5.36599139851 4.20118995538 2.28921710836 0.942232459083 4.03021362174 2.46807073295 3.01526829097 5.62389909684 3.88959178286 3.08215809089 2.77483688203 4.79465370446
5.91444140167 9.8649516884 8.39256060974 5.6947918007 3.85802226559 9.36095674933 7.88041555988 4.85469270793 -7.73387436539 -10.2962443567 -6.35332693335 -4.14470495841 -6.3898232452 -10.4941154951 -13.4755877706 -16.409632388 -21.9672577691 -21.366531639 -9.96714145665 -13.506396535 -15.1827536527 -11.2746457809 -4.63403741073 -3.67296010451 -8.54954758061 -4.663916547 -2.35900216341 2.94423047347 5.23860816057 4.30281725992 6.06085500497 10.19306224 6.7619797476 3.79841494635 4.04083969104 5.81203725067 1.24114550907
2.47162995545 2.50823810827 -1.93856830006 3.91667864132 4.98915213704 5.01210067605 4.25477358341 1.39399079916 -4.28507061774 0.961967211852 1.0871109473 -5.23127361652 -10.8176188623 -6.91122123591 6.43136368919 13.5452496725 5.74827361917 -4.77433058345 -9.07644578554 -14.1187067088 -12.4473395001 -13.3516805401 -11.2141482582 -11.1379336485 -14.3325066917 -9.3385384465 -7.77891186833 -5.15888619251 -5.17097453836 -4.16727008631 0.508356591879 -1.0334955352 1.48414429646 0.527189559022 -1.24119415385 1.30649417216 0.508932998107
8.71054655738 6.88140471963 5.49236545044 6.79940691337 12.0081234008 13.6804987432 9.78018910626 7.80257887384 6.89003007585 7.09768367582 7.84160695524 4.31326948078 -1.56808589876 -3.49729395718 -1.36689754316 3.88785904661 1.40315369865 2.83069175531 0.123787236252 6.30561201844 12.1365958894 18.4818389489 24.428813443 23.7933518999 23.9790476026 25.5453936092 23.4150529578 14.484769745 5.15512908391 3.40633474862 4.39818164349 4.66611979281 8.16507786607 9.5003687437 8.73837859183 7.31754492205 3.90604048207
-2.29227084723 -2.91764563235 -0.892610221441 0.31500744885 1.9518058414 0.671323777476 -1.54523321171 -2.12436077694 -8.51832884541 -13.7454747014 -17.4148927801 -21.2132533231 -18.5212346848 -16.2696448765 -15.9750329583 -13.8560809653 -12.4504310072 -7.33802727058 -1.430879802 5.55441036486 8.60826812952 11.2478131668 10.3142993731 7.02499403439 4.03496611294 -0.413368970635 3.18005064727 3.54741097279 0.0809221700409 -2.45623995578 -2.2942497182 4.05773420735 8.65349882056 7.22696587784 4.62297323808 5.13795227934 3.28175299187
3.71709784426 5.50505445249 7.45579544797 5.09175955793 4.21374772468 3.68479593176 2.93151190932 0.589277791759 0.687484930985 3.97339874833 5.84421679059 3.41351480794 4.2290281189 4.90931405876 8.19259121977 8.28752999723 0.80471168934 -2.05865012015 -0.311924514794 -2.0698956163 0.575673772366 2.65126027243 -1.43844164081 -4.34169213459 -6.29221524322 -5.52904280291 -4.30584074917 -1.98658835828 -0.573661204541 -3.39642863214 -3.40350207989 6.41883559934 8.7975789745 10.5609722719 12.7251263165 10.9308897648 7.17808227296
0.184091181024 4.58536858311 4.60368514367 -2.94735836181 -3.01251751766 -0.73489133855 -1.12258402189 -1.32968897049 -4.16593054286 -5.55215848444 -1.78692227936 -1.86492976998 0.278470229553 -3.16536174114 -3.25010615169 -3.51016041326 -8.6789633378 -8.2183440257 -2.42948693405 -3.66958317458 -4.5326378337 -7.24055385799 -10.4479376314 -5.21631552197 -4.06541504458 -6.57825199699 -6.2221412554 -6.15683881597 -11.8009267212 -12.7981559774 -7.91782510924 -0.436085628593 -3.00651538537 -1.2443237458 0.154614249435 -2.09915104213 -3.24614755418
