-247.914636594 -239.327685679 -238.532121081 -237.513232421 -235.848180441 -234.983824548 -226.148449583 -215.024082921 -214.148913183 -211.682462845 -190.783938579 -154.305759971 -119.219593421 -85.1744562873 -75.7052931445 -85.5537931394 -99.0864082866 -125.801544988 -109.510336329 -54.8210953669 -26.4281226569 -32.1405635281 -60.6541223937 -90.5372148947 -128.260608104 -162.427643492 -177.933901778 -186.857026803 -205.824018579 -220.639684774 -232.668921676 -240.750663037 -240.842651103 -237.778406813 -239.994179594 -246.595997342
42.9713413669 51.3064011616 51.9537509991 53.1362033942 51.6161721708 51.2844878946 62.9817553501 56.370186648 47.0518533154 41.3580445675 38.0114138919 25.6226287432 24.5157901803 31.0820844461 33.1090989213 35.5476158529 47.8658452645 68.9570475306 100.442361788 119.014765936 118.680061225 111.220822501 103.19893399 92.0615165253 86.6626037995 86.4203730385 83.1465210578 72.420461183 63.6654218752 60.2455115242 50.9030254973 47.8473417551 39.9128384022 42.6581186172 49.438578712 45.984169587
18.6140430189 15.2931509143 9.48175080299 13.2494749171 10.7989752559 9.0989544535 16.9195688887 17.7302669127 19.3937445753 19.9493016394 18.0816623606 5.37471249923 -9.40198372011 -20.5185463147 -26.9183682349 -29.6859064476 -24.5122151745 -15.4297650268 -16.434588014 -49.7427349058 -74.6747809622 -82.6895402165 -76.1375985118 -59.2417937426 -35.4260882784 -15.9490181161 -3.16125808554 -2.7550221379 0.780713986439 6.26619762537 6.91593144551 9.49660023034 13.8128498027 15.6683683103 16.7580535484 19.2792600931
29.0222036291 27.343350877 23.0265647443 20.8319858699 19.9954155287 21.5193593731 23.9011052269 31.6919059766 38.9996726175 40.041936099 56.827109707 81.4885013236 85.7284741637 76.5866216508 67.9467122014 60.3938393622 56.5932798579 41.799441918 15.6375271653 1.62409613855 -3.58510307591 -4.30520994536 0.0339494580954 6.06843435804 9.52119389809 7.28225007832 13.0751160247 14.3383071649 14.565034749 20.5900948903 20.5421534491 19.3430744402 17.7236674546 22.7952600895 21.6478293898 20.7698699743
15.3765766267 10.082776379 5.89832433523 5.36859104257 7.19005498141 8.77136578419 10.6166820566 8.18295296722 6.35438369105 0.644097232736 -10.5524021129 -15.1843570491 -13.3031995554 -15.257056652 -16.0875480344 -14.8683002059 -8.16924849442 -8.00432905016 -15.1153486898 -22.4887717272 -28.9709634149 -24.80896409 -18.8324567989 -8.77086820458 -3.63558036451 -1.91008474811 -4.30437799706 -1.29868312789 5.94758324979 13.1753988591 14.7222052297 10.4397870421 -4.18666937613 -3.96940719547 4.84986653754 9.20924206495
12.0417649661 13.4723940595 14.5019134495 12.7996909671 12.3048895858 16.2195464406 20.8130072482 22.090132333 25.800580323 21.6653124265 9.87807712128 -0.471911092903 -3.92756316771 -9.2172462276 -7.96488838437 -0.548692607131 8.35237468913 10.6248328125 7.54715461433 -0.557643244588 -5.63824091855 -2.61548795178 2.59615686398 9.03071596455 11.1273740667 12.5421203214 15.2678940347 21.1939937826 19.2693015898 18.1378810067 19.690377622 17.6309582103 21.0515441859 21.5823307636 13.3603183007 10.5368268169
4.2011765591 5.97893780884 9.11876059641 11.4605202069 8.45506196335 8.30802291565 6.07926098005 5.60840894467 2.79432832284 3.57830845174 10.6615096405 14.0588582043 6.54265653044 -6.43733549305 -11.3634135965 -13.4414453356 -13.8768366965 -13.6391164867 -21.9940544997 -22.2125994546 -11.1464586411 0.964162295664 5.81920816156 4.32653749227 -4.80179152885 -5.52711113389 -4.1282956368 -4.56749354453 -2.26079213622 1.32201217415 6.49094359053 7.19080326423 4.41856292568 5.41451270754 7.63725317814 6.13952941847
6.69782532022 9.83468845835 14.3102903997 20.8779132422 13.8151155774 7.46749477804 11.1974278385 9.54881817569 3.15368380484 4.03240318177 -0.378747569787 -2.98050535916 -6.74984579394 -1.4600987074 -2.72016642182 -4.31265558041 -7.47819702606 -11.7612210146 -27.5210290204 -25.9831182052 -19.3968151424 -11.9727393377 -6.95557364378 -10.3936923145 -18.3149997761 -13.7508707222 -10.9770363665 -15.3069443368 -5.77303035576 9.65321080019 13.2322889123 9.49029593881 11.2738321144 11.0627705659 13.8888038054 16.1926004181
7.58768319355 6.32626341484 6.85109353564 10.8441881927 7.09596862212 -0.0447125287168 0.46223031627 2.51872901243 3.83503488376 7.43716444947 0.45152542418 -4.60064670473 -6.34809568648 1.62257921153 14.6713062137 22.9887025182 15.924250235 7.10524055153 -0.658353787053 2.27293952938 7.42491509451 12.784177072 12.4973328853 10.8074596008 11.3691531596 7.6933495257 7.69217136874 7.32047414648 5.25788445663 6.53574521891 6.39001270411 5.66278954022 9.5956907595 10.9457515437 10.554143217 13.5575873524
11.0589845559 9.33405007692 10.6546008021 12.01042574 13.4270334847 10.2712922557 8.08828516145 3.39983883856 3.91857091187 6.46924889211 5.05535534612 3.57955862256 -1.54935458985 -6.03494514191 -6.05227849902 -9.17469582255 -10.7391638076 -4.59419605859 3.51348523533 8.40169156435 15.0947027414 21.5434238002 22.6903688667 27.7531054571 29.884055672 22.8537259417 11.8903647708 14.3181464957 13.6249790733 8.95819883241 8.52992121954 6.45190386365 3.98246984939 6.2579176396 11.2827616253 10.4242385233
3.91449702007 -0.647372174175 -0.622791924037 5.55555878446 8.25810016154 6.85516326997 1.19080452319 -1.79113242922 -0.617795160794 -2.6485792198 -8.53624825941 -12.6394558798 -14.5357848324 -6.68627952961 4.30134548353 4.35061026463 4.31582035821 9.98030630367 14.9797954912 17.8063975082 19.0011982273 21.7369285533 17.539514774 16.4728684848 16.333818778 12.9447153563 5.23203498129 -0.017618651508 0.699914021446 1.56276226394 1.64172838872 1.11191840261 1.03038045416 3.42945806135 5.0548586257 5.94017062909
7.55506165666 10.120241395 11.7447346199 11.0783574718 10.0605539388 11.608735537 8.37896375869 9.56686439932 12.9543750939 12.1576381077 9.09633321185 10.2986311925 17.1279409817 27.4084977219 31.6951908473 20.5592319575 7.0256417117 7.44557585867 11.2428699374 7.04295856751 6.08515533873 4.89877081478 -0.0263496234737 2.03705992949 3.56702984614 4.90731448303 2.09248219028 3.81141382342 5.98369804297 5.16633352483 6.11372069917 7.11298977418 7.79186212707 8.1419816602 10.5075944394 10.7403352777
0.329959579472 0.559884584129 4.47868451554 3.49591229631 -2.60522690761 -0.225119177295 -3.18953213166 -7.85856881342 -2.59805222532 -4.18741246007 -0.55019242762 -9.2188155853 -13.983224784 -11.2756163268 -6.32375867141 -9.73934628108 -17.8524545664 -18.385976608 -15.7894909018 -16.3340375046 -18.7661705971 -21.142189011 -16.8181782758 -13.1011222952 -10.3591069195 -10.5229292555 -6.12405123269 1.73788562157 1.93528261608 1.59177739938 0.226204971927 1.08694496971 -2.00194372762 -0.435573115293 4.3364184067 2.06693652837
