-163.922690939 -165.255350278 -163.146812787 -158.016182896 -158.787777654 -157.269602163 -154.27857561 -146.010506822 -130.913317537 -118.882944157 -100.710205232 -79.5198233978 -71.8348562023 -68.4657904483 -71.2119455605 -90.581250539 -124.483986121 -113.854033418 -67.5187520332 -45.5134790651 -41.5222608238 -50.2455328904 -59.3702510958 -76.43620235 -100.593739247 -110.464886419 -122.947344877 -134.325528821 -149.920286021 -153.29613789 -156.603660093 -164.492815007 -162.359181312 -160.803349007 -161.593221685 -161.980423585 -159.822571593 -162.67336028
41.5969530112 40.094203708 45.175742824 49.7143730435 44.9653068452 46.074263155 53.946479647 63.6303967567 68.3719776921 62.7083915951 60.5144844147 62.8982068471 68.1802573324 72.1139677826 72.4714240015 76.7069863318 70.7631158713 70.6240130632 80.0768704145 83.4054466559 81.3621830768 77.7298067465 83.9685152356 87.15784115 77.5194553639 68.0219945404 64.5090909127 59.9777551661 52.1402079416 52.5248313199 47.7716523594 40.3392205474 43.6022411442 44.9597855551 44.681143502 47.0211732964 45.1682812581 42.9430006561
14.9556418413 10.3931327132 12.4028249854 15.9755584854 11.2324057552 11.9157830333 20.6305933309 22.6353025548 22.3549771694 20.0527207762 1.88385189506 -15.5340746509 -21.8007149393 -22.3604527062 -18.6844014609 -4.30222788289 10.324909543 7.32631628435 -20.4628848202 -35.3222905051 -40.5426700012 -36.9589303804 -25.6414215506 -18.2873408192 -10.2369967037 -6.99246276966 0.976790798392 8.8731957941 15.9347562202 16.2103644604 8.03635893993 6.77721973678 8.1590728796 8.96409605587 11.4935898903 15.1625253248 9.33237803272 6.67298303349
26.7569504099 26.4600608305 23.7827526235 22.2350847255 20.7584505537 20.9938429215 28.5528624039 30.0881870305 35.902635014 47.2929823393 47.7794965031 46.4690752954 39.0637845864 27.856726363 21.078395893 17.0244527994 16.5515466431 11.6049997308 0.777420684458 2.03818588181 4.87885605811 5.06854760314 3.1349451106 7.75040223113 17.046050827 17.1012916979 20.9008968624 28.4653365708 30.9472009445 29.0093364362 22.4946651993 22.7607312827 19.159968077 15.6351785798 20.73914075 25.5596281248 19.6644472822 12.4178936925
8.08216857168 11.2890388897 10.8586877147 6.58129657157 7.85627565079 4.9340881621 10.7852957391 12.3512496378 9.93761522688 11.0437010027 10.1663459232 4.15667252498 6.24154804194 10.6511933158 16.1574950474 14.5629377104 11.7950451921 11.3962111997 5.59833306716 1.77022699035 5.0842639868 8.08251765752 6.03797103034 7.32502878029 13.8456689555 11.0539507414 13.5930613986 17.9870330551 20.9512124287 16.1834342098 7.55832292867 5.29227866265 4.9302904491 3.28344195918 7.34921007843 10.5910779576 4.50155108558 -2.48857910587
10.9594128438 17.4770682656 18.2068145456 21.0645986175 21.6382055033 13.9296181751 17.1438431578 12.8028556759 12.5729529936 6.16113129814 -11.1493332971 -18.4870235016 -14.3324127564 -3.27580641854 -2.34275249193 3.40655184393 14.7119535164 16.5489678855 9.65266385114 4.71401757875 11.1181391229 17.8941044103 13.6426830942 10.8387823563 17.5264061701 17.8280415871 16.8756828379 17.9547200389 23.2858536085 19.4684797787 17.2790740321 17.5960977973 10.1940470585 9.19504095628 12.1183252741 12.4261387519 12.1241619061 9.09982746912
6.30248923007 3.78953519148 4.65217627216 9.01794898118 6.14606193609 7.26523821666 11.2270981893 6.07350603155 4.77370963684 6.3024891454 -2.3714865982 -10.0957671565 -18.3755548384 -20.714127523 -20.6764370525 -14.2735190105 -2.06721932013 -4.38391512294 -10.344380527 -9.59153592459 -3.59491686074 -1.00232820427 -5.48469291327 -6.45744585283 0.207133455316 2.41084653016 5.172623795 8.70147377931 12.1251645263 9.40889424095 9.04505808269 9.01552160114 0.608249012253 4.14412498899 8.95742492796 4.36581800798 -0.132633192444 1.52113324514
11.2821091544 8.21493047578 12.3286244087 16.3784521512 14.4288402043 13.4987629055 12.3495594898 9.96008572915 4.77621415913 3.32539389774 9.8197876846 9.92145940757 -0.949069616223 -5.97556254616 -1.84053879868 -0.363683210242 6.04899770674 -1.69526770178 -3.76968305558 3.45660178608 5.49131628784 3.40335804926 1.27768885708 2.16521351001 8.95796327366 9.45184194408 9.64852491189 11.6591250066 11.5242548631 8.69878613101 8.42439875952 11.8724748028 12.7476210473 11.1448905525 10.0666198488 11.9814806214 12.279225605 11.9103709568
0.0517013749353 3.20525034577 6.09946619914 7.36675524688 8.13228103922 5.6682613426 -0.198432916955 -2.43415511308 -7.22736957419 -16.5837341553 -11.9697415179 -0.298583067039 6.54547551076 11.2049634903 6.543908243 2.22544406504 6.45248807043 0.0760629990838 0.893476046723 8.58241649024 10.7278775872 11.8567249856 6.30230442927 1.47316967848 4.61975896901 8.53294585105 5.39905015374 5.69087298537 2.98197471621 5.96325335494 4.88080228359 2.81699647143 2.98454732357 0.581943257776 1.27901127562 1.10576425381 0.874893283071 0.599271019114
8.77558873447 10.5497252964 12.1842871872 12.3057728197 12.391613007 11.3036417757 6.12053533313 3.05308863387 5.34413561564 5.64827646507 7.57247929208 8.0186540957 6.95607454282 12.3935493014 17.4942301892 12.8016090209 15.0511804143 16.863796589 23.2370331824 27.4763975593 23.7426649024 18.2052531602 12.6988178105 10.367209387 6.73101375478 15.7368823919 14.190028169 9.94869602505 8.8999490033 8.52328058279 7.261583648 2.18623686894 4.79283303592 7.63246546748 5.92598622482 3.01687603664 3.23914570117 5.96779857561
4.27798238116 6.69408112288 2.9807860116 3.51313327949 4.13841383386 7.21928565701 -1.22786597397 -5.7358247089 -10.775038241 -7.79934919336 -1.72651716068 -2.02948450579 -6.12427390337 -8.53177698383 -7.07243185743 -8.35484837231 -0.916455978648 -0.791103200871 -5.34014444452 -8.95353253018 -12.9139790941 -16.3660995859 -15.6135398183 -5.38813319278 2.26089741119 3.2707045659 0.538249074014 -4.91257444345 -2.92552994194 -6.26914099594 -6.13525641935 -5.57822784963 -2.85700201883 -3.23166853376 -3.66597011095 -3.52333449935 -1.73332884525 2.65141875438
12.7837737412 15.0186949011 7.30097358817 4.62216718021 8.15649388783 13.7240870392 9.55820230684 2.88120343245 -2.53964028003 0.234534521941 9.42969910876 14.9559156683 16.2499049118 13.1879705502 9.61627843321 3.83712198387 0.785496553085 -1.06357179884 2.69159338981 5.4755479742 -0.134693133389 -5.08129364641 -5.90320225604 -3.60105032566 -3.17907785006 -1.91129473977 -1.64677102849 -3.46021787935 1.04380743906 6.15622090163 3.33488614019 3.2861328422 5.57055361941 3.74173637567 6.23138363252 4.9590800906 5.31128511754 8.51280759799
5.3875502047 7.2883794727 1.65376764152 -1.80259916366 0.831719293175 3.21027390786 3.67780798017 0.219562368153 0.0381762467195 1.54176872332 3.89928544278 11.1762464383 13.3668617416 9.12558076674 5.09751431085 1.51723549764 -3.31131091077 -4.98798453747 -10.8174648341 -11.970531171 -12.8216589637 -11.7646493972 -13.2151629365 -11.0836065142 -13.9012044632 -18.3014516085 -15.7699936419 -10.5035897822 -6.09117956568 3.90340856772 0.387498437958 -2.49227874833 0.631948300905 2.84622974134 -0.404671871765 0.634801785601 3.40081049271 1.1044872562
