-253.789551464 -246.222377276 -246.413497246 -250.791589846 -252.156000202 -253.214216512 -255.908231154 -253.224537861 -247.031845508 -231.52783931 -189.726981325 -144.135005968 -123.957629736 -98.8966682852 -85.4292310613 -95.8126221286 -100.598023678 -114.757450272 -163.045459756 -176.602973792 -103.259976593 -65.5604651486 -60.7185916416 -78.5414776621 -99.9121409794 -136.483573362 -174.456335551 -196.34079157 -210.787612881 -226.142795395 -237.740375492 -245.607236426 -249.061430241 -249.329356349 -249.854268741 -249.480664461 -245.829955755 -253.001905267
40.8705319501 42.2543353397 42.5336444438 42.2684027751 40.0382100478 36.9679515079 33.8837786048 37.7447599909 34.3063102056 20.382384002 16.5878576075 18.8413593884 20.5594589848 27.4499650722 30.3122843204 29.139516252 35.731969823 61.729938825 72.7553074441 69.056908443 69.0156298267 67.8261488856 67.1945462722 64.3152096975 76.1743596643 82.9778628106 70.6859155005 63.1178445852 62.9682833687 56.4014186984 47.3960608689 42.7787680218 37.6285258152 39.119945981 39.9519829374 44.1789707252 45.3989861708 38.6597144425
2.53927129025 4.39036111524 9.68118286678 10.2200173185 12.6193959219 12.2172749761 8.63503877121 4.67635390622 9.42661313798 20.5067479727 17.7243423499 -1.58258961848 -13.6359812502 -24.3604571406 -35.1681905246 -34.2744780698 -33.6504587991 -21.7697969696 -4.3677440535 -3.48700810685 -34.0261376798 -54.7515328946 -61.1622402581 -56.8823026082 -38.2623476223 -19.7733430669 -10.4540498357 0.0192321954887 6.45268871912 9.3886048129 9.29761808505 9.70977264416 9.03781143966 9.40258115547 8.05430730339 8.53046240263 9.20634879709 6.2857998091
9.76307624889 12.6301982334 15.4357387648 18.4711984784 23.4768862966 20.7522953559 20.4076357548 18.6954032054 17.635171828 24.9018144838 46.8704344203 63.5713422589 65.0566257049 57.022355462 53.2268001068 47.5190582902 40.7253244841 35.0647069945 33.5526772928 19.9912094637 19.8768343077 22.7406603946 20.3231283204 18.4009122758 16.0565633535 16.1914643747 20.2300224444 22.5201866735 16.2139088019 15.7957935753 18.834940984 20.0020232496 15.9027177494 17.6908135261 21.7468184324 20.2578544219 16.0122938538 10.6358055
-1.30153177198 0.404943723248 -1.8176727079 1.11382320779 5.37212596441 2.66850980491 2.49533423043 1.5835424522 -2.246050975 -2.62656200978 -7.36712414596 -10.7380906575 -8.22721253936 -9.08727597721 -6.06744474878 3.24949910016 8.90996127116 12.1332037898 10.2607328939 3.23889968655 -9.36920189244 -21.8865892476 -27.6623450909 -22.7961651274 -16.9559876999 -7.32039219879 4.19956972763 10.2210115398 4.79178933788 0.667989417179 4.07765923528 5.17701958229 -0.142809079524 3.47590167771 7.19353226048 7.88405887346 6.98904213746 3.03788963115
0.919751411874 3.04513229956 4.23392377928 8.13148992924 13.5811758927 10.5431747763 6.65833896001 7.51875005415 15.7515122165 28.376938272 19.0114923779 0.0656932927445 -12.2100834464 -29.1175023784 -35.7404911075 -35.0250799433 -30.1246888631 -22.3004924074 -14.1499785915 0.912560933421 -1.01211802842 -12.622816771 -12.1885825884 -2.07844802087 -3.71093038563 1.5387580197 9.83333796204 11.9278144381 9.46242571778 9.02050237881 14.581025165 12.8950066074 8.73983450278 10.3227133734 10.3438454027 10.7741951537 11.8699839729 10.2993899334
-3.18204612839 0.941249070115 0.535374784769 2.79907849918 3.85839298033 2.27532867445 3.64172364056 0.811918638576 -2.53777894511 -6.55455910408 -1.44168822546 0.703824288774 -0.902530923065 -11.4694367127 -18.8677563437 -21.7358789404 -24.350430017 -26.5684415039 -21.9609965357 -14.2738610902 -5.69771052217 -5.45691765559 0.273675866848 5.15723315958 4.11377896972 1.67730091031 -5.93337742509 -13.6720100006 -13.1748469577 -3.90201273565 1.66777509733 2.96758959482 -0.798979754799 0.0885052404013 2.82990575165 -0.00489432483798 0.885710502132 6.40459425103
5.1051456616 7.73742456182 4.84385697325 9.09027006681 12.052527612 10.4333201166 10.0448993042 8.75307332185 8.73055013677 11.7771896931 10.4575021608 14.7336288857 18.6894560425 21.1808157813 20.3789816572 18.4887329707 14.3048368449 2.01406155671 -4.24096906452 -2.86710144098 -8.16239625294 -11.0442983686 -3.71531882084 -2.47520018041 -6.66681690572 -6.58689890297 -5.56275435447 -6.05400337268 -2.94212694298 2.26933608321 11.0169230411 13.1524764221 11.6165198549 10.4861182685 8.01804980808 9.26417731714 11.2348612156 7.96121061725
3.27784705871 5.32863935478 2.85457104933 4.22887808449 1.20598072824 1.5161615655 0.00307744087585 1.26090415228 3.0889890823 3.97558728659 -6.14714324133 -26.2892849983 -35.2256107418 -32.9325702949 -28.466172689 -19.7107467542 -15.0881367218 -11.4842968057 -10.3432090066 -9.9787539544 -18.8634323612 -17.6860026903 -10.3378323093 -10.5981373792 -15.4996602267 -14.019326492 -7.30732338877 -4.60295734301 3.25948390333 2.11233007476 1.87119048243 2.06982846118 3.62326302652 2.59990864599 3.52780632882 3.49874823144 2.71524268177 2.16514019561
11.9818013925 12.4843441755 9.86798933112 6.34240421484 4.88119136442 7.0346378129 8.4404665301 10.7079125117 7.04292539741 6.18553126529 9.46486559662 9.69419606572 8.27631443924 5.56580272941 8.6727968242 11.4053254674 12.5530792281 11.0092392337 7.91724648302 3.52550512375 19.9447063344 32.2487534237 37.2299528948 35.2400930576 25.8804926059 19.993203314 15.0287969741 14.1837511244 13.7024766392 11.1532964235 8.80175446782 6.53353133189 6.01401968729 7.09598302023 6.87310682575 3.16157255609 5.38066296443 6.02970988259
0.709789907875 0.624047398591 -1.83507630585 -3.00498238949 -1.54977847972 -2.61249306423 1.84094283505 3.18662398847 -0.921933393466 -2.4071136226 -10.1914794197 -10.998092475 -11.5134776849 -14.2139176886 -17.3451508417 -18.2329018831 -20.1063464554 -18.2729884675 -11.6422931104 -9.20211015844 -15.2224566675 -16.0778027713 -14.5796689371 -15.0858726542 -17.1977782197 -16.2994278515 -11.1742233229 -7.37131023694 -6.13968940512 -2.62112379808 1.74225669723 -0.586060764774 -4.68890076263 0.0644407577969 -0.63891317956 -3.56062401521 2.06443835787 4.51349170392
9.29711710913 6.10418619783 3.30812162953 3.40047673708 4.17717882168 5.15712969222 4.98777961695 3.33663071353 4.10255755738 6.94766656222 0.0228087046413 -1.75565172341 -3.42717917349 4.18136080282 9.33087425562 14.3244212113 9.43721915497 2.26027304399 -2.28459741819 0.619638674084 -9.46446564661 -12.3758091763 -17.1939777654 -17.8414518835 -13.0389863131 -12.0559192484 -6.09783996285 -4.55477312994 -5.12177134983 -0.509992195606 1.05608130145 4.03994492583 3.26233033708 5.11041019457 6.49522764823 3.67105393932 2.12281124747 1.99605581968
-0.99571582817 -0.486760626597 -3.6650777865 -4.9390090376 3.75679081028 7.09308076388 3.88148339221 -2.06643918845 -0.873235204327 2.71299457461 -2.30897800551 -1.22742048207 7.43304544847 12.3629389953 10.1876687483 7.87207102152 6.40514627349 2.83516686384 0.585768512385 4.04777983426 4.41322228938 4.95461886165 4.68593612308 3.86757255067 -0.0235899063151 -4.40328173676 -7.97674478169 -11.5612090092 -11.9256198584 -7.39939938138 -3.0572419877 -0.0654662548768 0.648316695511 -2.77949790204 -5.21299000823 -3.24210392061 3.43345772603 1.88062730841
