-287.596659151 -283.11778945 -281.103493192 -279.902574143 -281.124906525 -278.640219527 -279.315882677 -280.785755508 -281.297086515 -271.76178838 -247.602457364 -242.90399378 -215.471408876 -178.645008375 -131.868518635 -100.603442708 -88.7961872001 -77.4454179376 -80.5319133047 -115.7429854 -143.962453021 -156.464310774 -165.536208874 -171.248836755 -174.094553248 -176.69440452 -175.884861002 -180.443902101 -202.36580322 -226.205538932 -243.730206413 -253.874436503 -270.446394542 -278.658482522 -281.21278676 -276.925595609 -279.455132223 -281.211396643 -282.678128821
33.7813029576 36.3030453825 42.311058714 37.4011895064 34.1569895867 41.8878039483 42.1582055809 37.3507715178 37.4296755453 34.1547858791 55.4549255969 66.9804010529 63.1231984803 61.4652051788 56.0774357443 49.2529854109 40.7567219065 45.5921041036 57.0447927982 63.9384161613 74.5606688957 79.3570962701 75.1932669227 68.6513898729 67.0252494194 69.0937199776 80.8420827144 88.2649135095 76.3945935971 69.1997258687 60.6755508254 53.6106738617 47.178424697 43.4125569045 43.3865747897 42.6043619084 41.5151190626 46.8872359014 43.5268449267
-2.01104254302 -0.231047760676 1.44409610369 -1.13229438535 1.73671169482 3.66887245684 4.60055603059 4.52167085088 6.9015048719 7.63336609184 24.7005689854 27.9829039972 13.2007985178 -4.08593343867 -29.8093485213 -48.5679796869 -59.0705126944 -68.6399631801 -74.8267363645 -56.0188778585 -42.1796373083 -33.7177371075 -30.6084059108 -34.7992723576 -39.3928121954 -38.5499412206 -28.9260056583 -21.9927598921 -14.9623862356 -5.27836534834 2.63216230619 7.06067490762 7.55748931941 9.54417642578 13.9049162149 7.72569878075 4.89276890641 13.6755910611 12.0990590238
9.00514394079 12.6519162461 9.41522413473 8.69114215891 14.9377267488 11.5590012389 12.9073771935 12.7178112094 15.515369351 24.0876203533 40.6964090372 43.7172948037 54.3636544141 68.6196949797 79.8510962595 83.1718966489 72.6806775478 59.206566599 50.8721392081 41.9706623355 23.9240482997 15.8039289169 16.740469817 14.2579980283 16.4178445339 21.7917646525 18.1716386983 11.8582607603 13.6167787007 15.1639144541 21.899741993 20.7576342896 15.6320926548 20.2401688617 25.988410576 18.252179476 13.2539073531 16.1714633783 12.1308064511
-2.25941924289 -0.58053623771 -3.95752497198 -2.35607565431 3.23006216925 3.0778713804 3.40274582042 0.737382262606 4.68453043451 1.80243911243 3.26899827357 2.07948776991 -6.1690890084 -2.36995972405 -7.38956033924 -16.9113643007 -18.3810583343 -14.8319110511 -10.7265515894 -1.80552287451 4.84721431831 1.82471941665 3.94297929261 8.7744759821 10.2597941381 13.3803412182 13.7390369995 10.187417911 8.83703779625 10.9393355124 10.4396758619 8.44471404944 9.43697078432 5.01076100212 4.70567838441 1.39891441523 3.30053407265 4.1670010042 3.82939947677
8.10741098522 11.2635812561 7.67135214486 5.81475409894 7.29556675475 6.70408769868 9.46817174178 10.1550235173 18.1208328176 25.7815086412 21.8216357185 11.7439498189 -3.60253273327 -21.3191805808 -28.8463591585 -29.2270884419 -24.4796646809 -14.5564366499 -9.81879759809 -10.0281910977 -9.27796584631 -11.5982731406 -8.87400032892 -2.53421771729 -0.361236996972 1.46948119655 5.91839010152 10.7323090904 12.3448772323 11.0220753013 14.3926923394 15.095020525 17.5972267093 7.8956655585 7.39311400353 7.70352188346 8.74044620755 6.77235106971 7.30670443114
-1.53934465733 1.13476411563 3.28626470839 3.08083954358 -1.17424213628 -2.86386532608 0.510730376208 2.22851427085 5.94670850398 10.2685732229 -2.40192047053 -8.0199002028 -11.5573770718 -15.7994524472 -22.8388926507 -28.7822290519 -24.0298054778 -19.8301938914 -23.9704639221 -29.0699398034 -30.8361699549 -23.002327792 -18.3091451569 -9.29458342822 -6.51178934828 -10.3635602273 -15.2819765216 -19.2551829374 -20.1327824812 -17.8182293707 -13.7782904197 -7.12507913154 5.02399379338 1.9056618167 2.36972746512 5.22366717781 4.98671071157 3.85774549864 -0.992013265771
1.98293760677 3.80679726097 5.49006767361 11.0168065991 7.06110272538 6.19702092327 8.9157235034 6.84895407887 7.50210833543 6.52609370253 -2.79745434476 -11.1968804725 -6.88616303563 -3.08720663614 -9.91604474194 -17.3539184556 -14.8247656931 -11.8664474335 -10.7583643398 -15.1004501658 -18.1952039176 -12.0443442284 -6.19875699323 0.817003785532 0.333874887262 -4.6883972639 -8.70727504516 -13.7083918181 -13.6392721261 -11.1192127462 -2.6139056371 6.57075933686 13.1224643102 11.8264773793 9.1453534117 13.2106091803 11.1820788037 13.671984977 5.53395788721
0.655783388533 3.6794157985 1.49944314764 1.11340272505 -0.306924632185 1.42734204972 5.45727581958 4.47628051491 -0.398232557323 2.33831420295 -0.55039033023 -7.91144204695 -10.0774066237 -11.9023166996 -4.13508586936 4.37819693698 14.8087897967 19.9106092533 16.0352114411 8.42740548278 -0.452407225315 -1.80407376385 -7.34837717094 -2.51847053324 1.44205342967 -0.0389851194747 1.05315685029 5.20041769593 8.03683938114 4.04065468337 3.15120424738 6.79781298841 7.3905889284 3.30864344945 3.51533436809 4.73563099966 2.10687460048 2.35188007016 1.58783333553
7.69229045809 3.06420815828 3.16611538535 6.5365137183 5.64628232074 6.30157392224 7.89213074957 4.74767110314 4.13830150822 3.15566946939 -3.52831664496 -9.06978878636 -17.1496508976 -18.6409209376 -23.5001507445 -25.6191051312 -19.6114432354 -7.8038262598 -6.47129164833 -5.1181922075 4.85178226576 12.5535276882 14.4400298567 19.3294035893 17.8459752734 12.6224420457 9.09288768371 3.45679659121 6.69912081023 6.04803567225 4.87462528159 7.40344499124 9.526385951 5.50222243331 6.07395193612 9.07253572127 9.02002351237 10.0620387585 11.5553105148
-1.48213609359 -3.3710684694 -0.62871847409 1.39230527923 -0.557367313327 0.87606462311 2.59774549718 2.76649468493 0.981287220704 -2.25287276449 -10.3680676799 -10.8144698664 -7.07967891689 -4.27087183807 -8.44854051647 -8.25781944772 -5.56109973338 -3.63576003613 -7.95100127564 -10.0276891563 -8.32556987366 -2.30714314638 2.86258139792 0.579472583163 -5.0859094461 -13.937226735 -17.8250971613 -16.1726082671 -11.4249469203 -8.35373615868 -3.89739735514 -0.0765213870587 -0.585181316551 0.495474623106 2.29874442116 0.0161743752815 -2.41215356218 -2.06876209649 3.36466594293
8.02559232737 5.6923768617 5.78672428204 4.71285422328 6.64732204293 9.72431634165 8.11770749344 8.11683164974 5.85410667605 6.71522211153 4.04946090174 7.27600620266 4.14308416301 2.57805053374 10.2624907862 14.845527134 11.9092972518 6.43078170417 4.95164556035 4.02567638726 -3.36860672595 -5.67331077677 -6.98261841333 -8.69822120673 -11.8124295767 -14.5376654576 -8.58396307593 -6.57144704664 -8.00216486799 -8.78811739792 -3.69271288561 2.07325524118 4.21989271954 7.1424513681 6.19172986265 5.92068009305 4.09312139937 1.08421954513 1.50950846385
-1.95750367985 -2.06938797904 -1.55588520157 -1.20006335005 -2.0574059934 1.1198364473 5.04849161022 0.724416918938 -1.16898519567 -2.07765486346 -10.7034187145 -13.5721527121 -15.2247095553 -12.4807619954 -15.4124047764 -5.74009443604 0.765869734727 -0.141681799303 1.05192714973 5.13434572721 -0.0797284690483 -0.549547306876 -4.26380902131 -7.86995319314 -2.39570759118 -2.45435443769 -2.25722912667 -5.40996240375 -7.54927703334 -7.76805387172 -7.70749298474 -5.90060146577 -3.51773157374 1.10623109662 4.44092878614 -0.387172660383 0.0276135201917 0.187201002725 -3.8575663087
