-164.455388542 -157.238893983 -157.254980019 -157.263238569 -159.679596208 -160.092009445 -146.279571043 -135.856188882 -136.032480837 -134.486925019 -121.870578791 -103.958986738 -86.1808530035 -72.9437095083 -64.1579820008 -66.0849679596 -79.3306774616 -107.150697064 -115.084713448 -74.2565065853 -60.6727372462 -72.2513696771 -79.4646060886 -82.8376344576 -80.4629728865 -82.3935076107 -101.776697583 -119.422339064 -130.799870223 -135.370673804 -144.987762095 -148.618663367 -152.659739267 -153.542656245 -156.318702642 -159.297248685 -161.82064227 -161.136200829 -160.364033199 -166.13916091
40.0977006954 45.8479186876 45.5021572512 42.3936717109 44.6372286211 41.3033942748 53.5892233827 65.1715708087 65.4413893839 65.5130013921 62.0969909069 66.9815487482 77.304294232 78.718434625 82.852521441 89.3555945521 92.1796785006 86.7966690345 69.8028211969 100.8537778 108.727863253 99.0126986302 93.3101119412 95.0770869698 98.8372802666 100.517045581 83.5529637836 75.6665747767 72.8080582594 70.9360706542 61.9154337243 54.9270568736 49.9966968484 49.7554278717 45.7444679866 46.4807214227 49.3422994458 43.7617543046 43.3544903785 40.0864711233
14.0510459865 11.1526110809 11.8470461866 10.943639753 12.0077542198 11.4904482773 22.1743161627 29.6224312001 25.4442863191 24.5873133097 19.6988806423 9.17907134517 -3.38452419917 -13.9790012207 -22.6148132991 -19.0730513152 0.513987607451 16.0964909665 16.8585030722 7.21006967838 -9.19162474924 -15.1882058398 -16.1865555325 -11.3025032491 -11.2334969965 -6.53524988533 -2.0472198535 10.2830876042 25.0730695098 25.6966739558 17.3785870237 15.240112546 14.6669476587 14.9823918087 15.2588767771 10.6907266244 12.5588518878 7.59889125721 7.94368393971 15.305033713
18.9907099344 17.2566790426 23.0811378959 25.2647987476 25.124464408 20.3960318536 32.3657943291 32.4593069492 29.4967154447 32.0057169676 36.5758288567 44.3183740962 41.8801344787 35.0373641766 30.0801654023 22.6724850572 21.8959614962 25.0357328704 40.3535121915 15.9666162721 -3.24402311942 -2.63449101676 -0.0396265896427 0.696028898151 -3.24409384718 -5.15855071387 0.800143462079 17.7776749006 23.0168478656 21.6660475944 24.8766513365 24.3743415176 23.5973705851 23.2292571775 22.5219513118 23.4180197208 22.5536479588 16.0921827149 19.4453310737 21.2675953035
9.84938657079 10.3276092079 12.0173840151 11.0393479335 10.5857637762 4.4797200304 11.6282324713 9.38071300717 5.3543923449 2.11007780851 4.80202184573 16.5528991434 20.9353161701 25.1394156219 23.6857904134 23.5962742899 25.0261538828 15.257795285 10.0090668592 1.17959930835 -0.828833593804 3.16089331891 6.73923069013 8.43564482729 5.81121618937 0.803240090956 3.41386192662 12.9413244663 9.42326984831 9.14148689305 15.2071422519 12.15584492 13.3976922085 8.37495693539 7.53328144555 10.3807026824 11.3504385569 7.40897070282 4.58676000677 8.43609208978
18.6839337631 19.7909660838 16.9288673784 12.7358098581 15.0126488184 12.2512838655 14.5732173403 13.5716979422 13.8350837594 8.29358552232 0.870928797317 -4.56016252795 -12.6114810775 -13.9441561917 -18.4190094612 -10.7065661719 -0.0160089915522 6.14604930904 3.63729652151 4.39042106113 1.04814622732 12.4193050047 16.8109369467 17.9058880029 18.1015731515 14.8055283085 17.7481832664 17.8403386674 14.441615291 19.0630930441 22.9117037668 17.845733584 16.1818222176 15.0031961695 14.5401777159 15.1417176009 15.4497843245 9.86661075244 12.5206143038 13.8256513512
11.2434974065 8.469319405 5.06904195042 4.72809973653 -0.0716119094623 0.121373492957 -2.03928464087 -4.1017835336 3.0389604383 7.9308342463 5.28057658731 -6.29025733393 -17.5032762719 -26.2390024753 -36.5565577404 -34.3133878614 -30.3052552605 -16.3767253843 -5.70488086161 -24.2306646781 -29.4787130394 -10.8432018876 -3.37503574982 2.68942969747 0.411880597451 -0.41900581646 5.40365372814 8.9401996986 2.7032856525 7.47122808367 12.20212971 9.22949639777 9.82308495423 10.0815566578 10.9878867002 6.5703973556 3.35745962189 3.85259021104 6.7913542237 8.25737853805
8.3114592297 8.10841090623 9.22072065367 9.65977005173 7.1326819194 11.2011578598 8.50027623525 4.1269603564 7.03951864733 5.88420052015 4.26859244813 4.47111956043 2.6742435364 2.18302439966 -3.14426225172 -4.13649611308 -9.65974622789 -10.6749303922 -0.27747694219 -22.4401092239 -25.0349967248 -9.72225743615 -3.07009142994 -2.02644682406 -7.00593491157 -6.42989949022 0.429916241238 5.05129838308 4.96169913299 7.97339446457 9.82177968567 8.02064045032 12.6653368436 16.8736088418 18.2270907465 12.8745649513 10.255530741 13.9208457162 14.0915176147 11.5986842009
5.59820614375 3.2887460828 3.26368868567 4.72312565033 4.05242257917 4.04669742846 -2.36365401694 -9.9459039648 -3.42573444635 -3.37179994522 -10.3167964888 -11.92697076 -10.7310482214 -1.74417285862 2.24603271445 1.48534319435 -3.27573521882 -8.4876440326 -8.47070491205 -12.4498874166 -12.4016199007 -4.34456884669 -0.386809662311 -5.44606315763 -9.61399159212 -10.5015224898 -8.15805454861 -3.76060854338 1.00796472036 0.805293225515 -1.04303230172 0.823451412202 3.29976986428 2.14668294743 1.82829903973 2.90055230964 2.64175226748 5.60285612497 4.69778322405 2.52517520994
12.5055471603 10.879244702 12.4725903278 15.8202623113 13.9568244148 9.34342143936 1.90628541508 2.017395235 2.69155463619 4.58120373329 2.36308564386 -2.5303221906 -3.64625857093 3.10166430303 9.65181725892 13.2248781935 14.0436445674 7.66405824445 5.7818196556 19.8156637043 23.4664661393 25.5769237926 21.1774347448 15.0812786286 13.3931252073 9.33637902154 8.68264780997 6.05061739321 8.879815239 8.27952700039 10.0380261054 15.4064730427 11.841078424 5.18405214509 3.11056089102 5.07807580022 5.52503901028 4.08262485976 7.79000154246 11.878742807
-0.0170835222304 -1.68793525507 2.86408126583 6.65041240297 6.45445679636 3.72847563428 -2.44166594559 -1.02484476222 -1.42387732246 -4.96770081045 -7.87045448413 -5.31378610623 -4.61040456854 -2.40806940544 3.68316039565 3.87831101411 1.88066100197 0.330521458464 4.32029086253 16.9843639714 15.4072796735 16.9039454217 16.4665830765 17.1546454325 18.4018100207 15.4298605526 13.3818293748 8.67207286516 6.03759350585 0.310665495146 3.41982439908 8.89826858209 4.50320620046 -0.0611253074262 0.799032517511 1.5035063589 2.91050265878 -0.94422880419 -1.95992334604 3.8739222889
5.18862768564 6.95953055358 9.87048920873 9.27044625161 8.10072688316 11.3567715617 10.2745710086 6.5726041959 6.63955034838 7.22709451007 8.62719925961 13.0165605547 17.6414813304 20.9791362235 22.611961022 17.9237291192 9.97996707372 2.95276756098 4.25157272021 10.1194993813 12.717387532 14.2240664685 17.1147612149 20.0163035189 23.4723851905 19.6114536634 16.7698245375 14.9698500399 13.9753004747 6.21785266101 4.29394936839 8.17433392253 7.21601800228 5.17545543591 6.23929235088 9.75153809144 6.09017933083 1.87925569529 1.53378073721 6.11514551209
0.21302127546 2.58336434584 2.26702183121 3.83595267604 4.87000559281 6.96430689878 5.19280290089 -1.24996897849 -3.96251358837 -0.675321910275 -1.44540008859 -4.89511682473 -1.15134855908 6.17787645306 11.7265342782 9.47046785263 5.53428358969 1.60777904347 2.11433995363 -2.81141034778 -4.90858105513 -8.86451542187 -9.85175528108 -7.85346885571 -3.91987194528 -0.253722125893 -1.92855244531 0.232710799495 1.08695682889 -0.550223707395 -2.39739858539 -0.855117733343 -1.67740157173 0.748484348046 -0.0349933331275 -0.230334197336 -4.0771281432 -3.02408599211 -6.09210551245 -1.27366746494
