-260.134791103 -248.60444055 -249.808224491 -251.393235503 -248.916863484 -252.471921589 -254.688036216 -238.489721462 -221.033850201 -218.001739679 -198.711202292 -145.573944396 -113.315862561 -91.5486406835 -86.0416611696 -99.5163348077 -112.033222038 -159.966220106 -209.314477285 -124.435990493 -75.2558535842 -85.5272598144 -100.065344225 -106.902984975 -111.732053622 -142.605957715 -177.325704153 -192.483380689 -203.132872551 -219.462134254 -234.457855436 -243.595936549 -255.011729677 -254.075011713 -253.976332349 -252.463775215 -251.953772479 -255.955238404 -264.335707533
39.5405153583 46.3730978833 46.5288509575 44.2239872919 45.2921386894 45.8812824743 39.9081444315 51.393889275 60.6264755195 50.4879325162 41.6969831537 42.7849635678 46.0938999275 58.1364485223 63.9234329525 62.3977300409 74.1692052763 80.3087476167 68.7436871597 80.4981272925 84.3705843489 84.7942507004 76.94319954 75.5627927301 89.3899564247 87.0893057103 72.1544047061 66.7472007062 70.5757653176 68.751648708 57.8327841342 50.7422572541 41.9199139459 42.1232952644 43.1262376462 44.7265355796 45.4552460702 45.7539345701 39.6454960689
10.4632680144 6.19956965463 3.49066127112 6.85929093853 5.92562964145 6.63991260239 5.95523669155 13.0620811727 26.1121232156 29.6188588813 24.4163109518 5.06380314106 -13.6029506937 -39.0282429689 -52.4241629592 -45.5116664848 -32.7311468284 -15.2696836451 4.95473354169 -17.1915063 -38.5553322878 -50.0949309181 -51.1180009852 -47.6913053449 -33.786767054 -19.0237627143 -13.6443984211 -10.262771788 1.84567954351 15.8591085806 13.4652139073 13.413631496 12.5610305628 12.9329493465 8.45989075789 6.16614094628 8.49535513887 8.40872739754 7.35069850338
11.9104468011 11.1819006442 12.3910416715 15.2255087878 13.2230070105 8.5516445688 10.1639443898 18.7004243826 28.7888204607 33.3786900408 42.3537889893 58.0164216113 58.0939019754 39.9634579103 32.6330180708 38.6340371715 39.7466338165 33.7930188361 24.0102618774 7.06740196634 3.58609093875 3.3155946342 0.974874465373 3.39890231326 8.24338892936 6.38359505319 7.3379267925 10.7793264288 11.4695461274 18.8378469293 21.2151961236 23.6021000256 19.9652740594 18.2062161911 16.3420983633 13.7473660673 14.1632868735 14.4820771744 13.9380656056
-3.75799723859 -2.01934625129 -0.842196529606 -0.114652740347 1.82020586116 -0.351372266882 0.823077600554 5.91675825645 1.7064982665 -5.43671434178 -15.1475677731 -18.0405276567 -5.63705636482 0.03602974823 2.781405313 3.79509130286 6.78529063773 10.9541592977 10.2967551257 -9.56120596248 -22.3302375471 -24.608354328 -19.9219173251 -15.9537841492 -14.7901495318 -9.18939890662 1.39664587199 6.91851263965 4.13201123171 2.06633899419 5.59196952321 10.0584447545 7.0083375285 1.09412066111 -1.93107315251 3.01451921769 7.44192894358 4.96509549907 2.40643630815
2.10940705383 6.87150931683 10.1763064364 7.82495893671 9.18750442574 8.38708363685 13.0395793254 14.9540953467 12.2180535291 15.8998465033 9.69245503799 -17.2759697858 -31.3993908589 -41.4552054865 -41.9700122868 -34.2029507813 -24.3407540543 -14.5942085308 4.03523950778 2.59952811098 -9.74186717935 -10.4754309429 -7.14870741085 -5.97123873558 -6.16989370661 2.76944568085 16.6770945117 18.7069772408 16.0894746473 12.7646753854 13.9792776807 10.8492407304 12.5602459463 8.53902989618 6.89625241202 10.7035021561 14.344448487 13.9313773445 9.24478278878
5.43792382334 3.77953652353 1.72722891722 1.65985064725 3.14110987179 0.489597710489 2.93091427194 4.57012533837 -2.67730897154 -5.6553215032 -2.75934602244 -5.11135325467 -6.70528499749 -15.434357205 -17.106598038 -19.5481802359 -23.1564620222 -25.0869546597 -14.7584698145 -16.5801747195 -16.4891504438 -7.02042887667 -1.76052007793 4.43223401585 -5.71439493025 -17.571667857 -13.8185095798 -9.9658419052 -5.58031048712 -0.274813289191 1.73661547586 -0.631446265027 1.31853528735 1.9215125268 0.0199312052115 1.17376055974 2.45541246514 4.49817229216 3.43481442031
19.0206995806 18.8773006579 16.7337278824 15.7522774169 12.2081691044 11.7802316134 11.988134018 11.9848118475 6.40492457728 3.97339580575 1.40253144718 7.61452437366 18.4290590566 19.0662677691 14.3863113746 13.4126614665 4.77610456282 1.25773157275 0.229976841648 -8.04314383343 -13.1328910838 -11.3840882025 -4.09628484053 -4.26310749192 -14.1571093376 -16.5818231705 -9.57074022185 -4.55441973471 -1.74598312095 2.41939984815 6.58471175646 8.06274200635 10.2090440309 10.6875609649 7.17499690155 11.1032042158 11.9917715256 10.6996725705 5.67062356204
10.0576217527 8.86537714496 10.9496973072 10.7919519017 8.4916918396 10.9499874772 8.2994835466 8.55498754829 -2.23544533769 -10.1186667076 -14.0262670177 -26.2529477719 -30.1104992038 -17.4246026146 -7.30967861343 -3.76540983638 -3.01958690201 -0.384978268799 -3.1260361052 -11.8161485257 -10.8838404436 -4.87439317159 -6.88900354286 -12.9701410527 -18.9333325954 -13.5557633132 -3.50745613181 5.26643677454 10.8253089325 10.8121861191 5.90442060731 5.18334900487 3.19550912138 5.16211130968 5.8259069745 3.64336646445 4.31376202621 3.91881015069 -0.551471182941
7.99117228076 8.4481621264 13.9517109085 13.4073686385 12.8212037556 14.6686030496 13.300267265 11.4187161994 8.23700564056 4.57123352739 3.48232765067 1.76054941049 1.24123436479 3.68224268318 9.5954843711 14.2486393362 16.3109751784 10.4206906018 -0.690428034623 24.1815118531 36.6035173494 41.2669873859 42.3093784093 44.9925310116 42.5714698861 34.1122344779 26.5634294948 25.9080644881 24.7707876911 19.736819424 14.0633513591 11.7378857672 3.06455541731 7.84466710256 12.8596163888 9.89165184809 7.02948733993 8.97261563167 10.4185517083
-2.28621158332 -3.37033629432 -6.04977382959 -5.88315125516 0.0960362901766 1.73445556235 -0.275570515632 -1.68792615653 -3.26097652126 -1.65765162078 -3.3295514304 -3.38988912696 -4.17697683035 -7.20716709258 -8.88385868126 -6.46731322247 -6.30621875747 -4.07548355135 0.394705931297 1.45176812266 0.90122160178 4.76837978825 4.69626777398 2.8086431631 -4.48296551217 -7.88509497376 -7.41933724259 -1.55062238473 -1.13885655788 1.67478626694 3.03358795691 0.91214963763 -1.57372881005 0.666577341168 2.77370825765 -3.19640810522 -3.08201019565 -0.127234142818 0.598201667885
9.21711929346 4.24698894551 -1.74300550396 -0.878453059537 3.02784897933 5.46296629042 5.01129624841 -0.778740192463 1.76612741001 2.6527678492 -4.13538474615 -7.24066765109 -7.92161829689 -4.8195289472 0.964679296176 3.00641294701 -2.7336123633 -2.31326494111 13.0260768942 -9.70954864028 -22.4653483787 -23.9268511624 -21.0209945432 -17.3523508077 -19.6103424386 -16.446200079 -4.87298384463 -3.56832255054 -7.98240240847 -4.01596422369 -1.5930842031 -0.3563822199 5.40193322958 9.73473559992 7.81892151278 -2.02196030506 2.2443254309 6.89639158591 3.67374446751
-1.5293538983 -0.303214952616 0.49575795231 -3.61947340459 -2.55374762407 -4.37697834056 -3.808217651 -2.29372685327 -1.4591750286 -4.50824132497 -7.29398784693 -7.05917316093 -2.19167823751 -0.188272616151 -2.19113801373 -4.10590326938 -5.41107414103 -5.55623837151 1.68511293045 -6.41704054086 -5.09474653282 -2.33504367918 -8.27583500553 -10.8315202725 -12.0692601861 -12.6290977704 -11.8761316127 -17.2386938471 -21.5059883702 -13.7898723344 -7.75292591815 -4.11569876128 1.33205947812 3.52998686532 1.59424952352 -2.15530881951 4.69729224079 5.26315745663 0.55616477977
