-246.515971024 -243.340058003 -245.715664175 -249.813258557 -248.777987253 -242.394314843 -237.628115256 -236.998080515 -236.091689343 -222.2434191 -210.248786156 -185.220741194 -144.73674402 -101.118075575 -79.7394415703 -84.0269274838 -97.9885031148 -135.281009017 -179.984778229 -201.200216909 -192.585782829 -168.283716124 -144.877314644 -150.710152673 -166.651829366 -185.448353006 -206.455920999 -220.735779252 -233.730412483 -241.740130312 -232.786217894 -223.783417229 -218.38303662 -225.068911814 -233.83822323
44.2647437875 50.2024263324 49.9153335923 43.7100245596 45.2422847645 48.5005482349 47.4038049807 46.6157664442 50.5686986136 55.8828527589 57.3360929762 53.1794003934 52.581128355 54.249876564 52.6557239151 58.768539891 77.3529043934 86.1322215005 78.1969313303 76.2404785013 82.5993870034 90.8763167836 95.3330996101 85.7157797122 75.8356547319 71.0849389583 71.4032005947 65.1285376963 56.2877161478 49.6230492564 54.1190794618 55.9040359689 57.0982731419 52.0638639737 45.2010960015
15.5310067399 15.3522033003 14.1548084568 14.3603668185 19.0971039215 17.598319598 10.9909189203 10.6166687787 18.0482562634 19.0306569061 18.5875144165 11.0348284185 -10.9726870562 -25.5043910208 -37.4061404091 -36.6598682564 -21.3824775399 -3.91874485511 9.95771680218 14.3547141113 14.9746113068 2.18893429175 -11.8337274843 -16.0144676589 -15.7673025412 -11.2802409775 3.74975843378 9.02787122018 12.4196194934 10.7259019251 11.0156179275 5.46087824019 0.313542287613 0.332412409263 3.75076463552
23.9576173417 20.3304778071 22.1615191611 27.1375642077 27.3822788418 22.3462939994 20.4970942206 23.5183489663 31.0981458278 37.5094869007 47.6184911178 62.2320657463 68.7947227176 74.4376475893 75.3313488397 70.3851800552 62.6628384534 50.8248730039 39.8012711057 25.5480784987 17.5724452627 7.32431483243 0.409899095373 3.12339305128 6.10332012019 4.36910487806 10.882745097 17.5863275737 19.1749900139 16.7372744068 15.1946116096 8.83412074993 4.314771805 6.65123541052 9.98562601578
7.28556350402 6.79398463287 10.7088400396 11.8345858389 9.22420128923 8.45554555614 5.74642342921 6.63201292795 13.6471591686 4.88085941335 1.98137916782 -2.26083146783 -0.334261904187 -6.02673364376 -11.3597173455 -11.6180762157 -4.6178571507 0.81949765566 7.43313065839 7.31968083277 4.66518737041 0.514828237844 -8.67604877283 -8.94778795207 -7.96897175559 -8.10259231856 -0.167303527708 4.00485317139 5.85874894479 7.28020624533 1.33644534781 -0.594952118668 1.52891123426 1.23534622873 2.88390674336
16.7153966369 16.86005958 14.8243257162 14.3883604545 10.4892914121 13.982220315 14.406234831 13.2515411976 10.9675357364 11.2212973025 8.73427441132 -1.20044841501 -15.9817862694 -24.5473218674 -20.5097968497 -13.8067181972 -5.84876826317 -5.79325633626 -2.40231883312 4.83441414965 10.5252936926 12.1011081616 13.9314818734 15.5012567191 15.2510504904 11.2123164004 12.2168877272 13.3983499223 12.6192595539 17.3670724537 21.4413509688 23.2338940375 24.4831768235 22.2531690389 17.5505021849
2.54838649424 5.85205603917 2.25334727837 2.36479074513 4.5705574755 9.3913482148 9.26014517353 8.47923707036 7.84181053268 7.59934859206 7.13331351544 7.17530861509 -1.64025089889 -18.1809976362 -27.9786427353 -32.8186468252 -34.9875489768 -28.6927935304 -17.5337823822 -11.6307564538 -12.9850136908 -24.5433282623 -25.5034121548 -12.0371503168 -4.78058365118 -1.47149657902 2.7795698487 3.94687461882 2.2115163273 3.8093509306 6.38949885562 6.04640888489 7.195470329 10.3726878122 13.9047452505
13.4127729553 15.281728461 10.3019103764 9.72161897146 12.4270419496 12.4597249376 7.56839243357 8.55331560038 9.76355228309 3.24256745333 -2.49688571265 -9.14810619357 -12.6343260485 -21.8288021743 -26.4671331205 -25.0378298604 -27.0869022983 -20.938814065 -6.21344470194 -0.647899951558 -10.6899955435 -27.3400237295 -30.95046718 -22.3745284404 -20.39332829 -13.3786866037 -0.224465798758 4.908779599 4.40034890771 6.67369707491 9.41617006425 5.99466811498 1.96802837653 1.44907812776 6.14744947099
1.67781923951 0.527310634738 -1.24862498322 1.59480563453 6.88760976051 0.420225853252 -1.034440698 3.12692848462 1.75274594034 4.43079281033 1.0235423465 -4.57936138411 -10.2889321369 -3.43729401681 1.03734706433 3.63119665206 4.50097971308 3.08861182335 1.18830209041 -5.07071624892 -14.2455873191 -10.6447416141 -4.08508120918 1.1577453952 -3.73531449434 -2.28143230928 -1.6065496552 1.13611376332 2.00067621078 2.47333773671 6.19830174498 0.358281162519 -5.19431260126 -3.13815173054 4.74629760534
9.62346042184 9.29167007045 9.25856348102 13.994948805 17.2790965246 7.27133914281 3.63106573329 8.34149913148 4.12716469686 5.38565767235 7.95797101467 5.91016125363 -1.35508179651 0.796225972102 1.31952776706 1.9812156892 3.87037034262 4.76896317159 6.03484818853 -1.77865978241 -4.91015827475 13.173308358 24.988323065 32.5823258024 30.370752035 26.6304759976 17.4097459657 15.0159119623 15.2706373594 9.77687671811 7.97643709703 5.50791163576 7.48807410951 10.8516452801 10.2368753178
3.99401505771 3.44231033292 0.353978602569 3.61763935665 6.4531669509 3.16724862651 -1.91401105568 1.10298556406 -2.76406378556 -10.5315600605 -15.9609500686 -18.3245282341 -13.8789598397 -5.99960424826 -5.42562706454 -5.26091896089 -1.76456376282 -3.22380647957 -4.59536491135 -6.8938096772 -1.68819887505 4.93110304265 11.74958078 15.6955564805 17.0639194496 11.6908097496 4.46735075455 3.5997739695 4.26275327783 1.61823877656 2.54152610155 6.2190468347 0.83801358518 3.45383781793 9.72920068059
11.8821145851 8.55155023197 4.31556279438 2.49621935129 5.11352136072 8.62793665882 8.63132256261 13.1286948549 9.59400829574 8.53504558502 11.2318792505 15.7804291704 21.510807695 26.1559123056 25.6730678943 19.2065813204 11.2345876509 9.36352160987 4.82578038735 3.70722453734 5.27250281377 1.79106582127 -3.1501481653 -1.34107417224 2.75661942907 6.11964813445 8.35344899631 6.95234637362 10.4421708989 11.2450454395 15.0144724705 19.798989114 15.9938452784 16.6975875388 15.8192429061
2.41724141634 -0.959406613477 -2.72048319437 0.0747158887619 2.66557917329 -1.37392071446 -1.38294364491 3.72525539942 0.829648035765 -1.63321310837 -0.416898070354 -2.06195621925 -3.04597826674 -2.1160073817 2.6543978435 9.34790838389 7.29186757571 9.44927409448 3.89625442168 5.07426396611 -1.32238155726 -2.48407133027 1.90259345225 3.33606006905 0.324394323774 -2.91781761967 -2.31982797377 -0.342055568705 1.61326704672 -0.032354328851 3.28767747869 9.07125092912 7.66561171301 7.0420289334 6.92154038613
