-141.561513291 -132.820335311 -129.397314166 -127.587519264 -127.021172296 -127.75387102 -129.99266372 -129.667564317 -109.909718627 -87.0163225115 -78.8861315166 -65.1235473974 -31.4218471502 -23.5971983507 -30.4452838176 -45.4310550264 -80.9114750539 -95.773134125 -99.6841693125 -101.666230556 -86.2488210842 -70.7372999727 -75.2283289159 -86.7707447548 -102.126396901 -114.984047757
32.0656788089 38.3726178531 37.9196721115 40.4949638186 41.4650183893 40.8981802968 41.8793591414 43.1746416781 57.4901790197 57.5611670492 49.9108780066 54.6114697638 64.1715427448 63.3850673043 66.5932625853 79.4340595668 77.8679072236 68.9439014616 69.3007059079 64.8826985704 74.6248943908 83.4371474347 80.732468773 76.6611613984 59.6065123939 45.5731625966
7.17077973591 9.33460956302 6.25350864777 6.20750011412 6.52410971528 6.08241017693 7.55718178689 8.55702232768 21.4257614841 18.5018279909 5.66169173321 -5.66157910946 -16.1470806799 -17.7020445646 -18.7757786857 -4.48832009035 11.0919909348 16.5828137996 19.6970859432 16.241822786 11.8416982029 2.31597106106 -2.65163659262 2.65441716845 8.78715413244 10.1332543738
18.079337009 20.2991362456 17.8859999505 16.1932950768 17.0259309135 16.6897020992 19.5555345492 22.6272949811 38.3815024225 50.8717830677 57.6937309087 65.567778547 61.1229860765 54.4138268374 38.7673509217 28.2147605729 16.2927378364 22.645956169 24.4744450422 22.3412727927 10.1402777778 2.25762402093 -1.81174351221 3.28599742675 14.6803621559 20.3538010124
6.43848142543 5.00088308357 2.84280142331 5.59564095052 5.84163946113 7.36300423089 5.79888174873 4.09532412841 9.29487323437 1.15808544377 0.229319496264 3.74347548124 7.2572842873 3.46165982603 -2.67669725539 -0.690284961976 -1.87974738569 4.5688182096 6.86003223421 0.552572426249 -9.10214203657 -7.80108551764 -3.00147977779 0.041535827921 0.789420449976 5.74539845413
8.20139781755 12.0467652214 12.417267652 12.6578226341 12.7015300798 9.80898998916 7.40625102556 6.95116529303 5.93718682803 -2.13540178884 -9.54089885004 -23.2698973787 -24.2378147263 -20.8636979204 -11.2295766678 -3.61413210085 -2.11682742104 -1.35939924017 -0.806797614253 1.04260574545 2.00030430938 8.64409624705 14.5606469509 10.3254485683 11.1408233534 16.414267384
5.08269587041 5.98623125504 0.636752842452 -2.28582069588 1.37333351345 0.446340666766 1.49856011466 2.51920732117 3.35230549709 5.46107358976 7.06737084582 -0.542665730481 -17.6832116381 -24.9336318788 -26.7998455651 -25.9654398561 -22.8672530462 -18.4100990648 -9.80214139849 -7.54965571418 -6.60672102458 -4.88391547794 -2.29953384277 -5.89958386514 1.64565685428 4.10511955768
13.5639970381 11.8218638589 12.3026641897 8.88715746923 8.57471728417 11.1838496195 10.5308029629 10.5647267891 -2.7482652833 -6.81901542403 0.206393831859 4.62700188508 -1.79717753594 -5.14325176299 -11.9112551287 -21.0516442778 -16.1207996727 -5.56127475688 -4.29407439646 -6.76748130869 -5.70112231178 -8.77375044735 -3.55458995263 0.921741338626 5.81740900163 7.38760328264
-0.0685220249397 1.58504414604 5.90647124579 6.54017288589 3.34680580722 -0.147742089429 -0.0661270965257 -0.111072950869 -8.26347045813 -11.9446275266 -14.8108357383 -17.5101116382 -10.1465070138 -8.40827821047 -9.41875666668 -10.7308119355 -9.8065064683 -8.89937702858 -12.1449173726 -11.7716566156 -11.6240479415 -9.37073924643 -6.27718720317 -3.98431310093 -2.99950501802 -2.26804490652
9.01000799548 11.7360549579 12.5687354754 11.6859615817 10.3873288676 9.43048143531 13.0236932441 5.35089647159 5.5379322085 6.63684746561 1.16729452664 -1.60928591025 -1.47002802025 -1.28637021912 1.46428582257 0.669355413461 1.91208445727 5.85631182308 9.79430287913 8.38099835503 4.72354956498 7.22144641353 6.46613394836 9.12767025832 9.43299086471 9.2405174383
2.77101690889 7.89176439534 6.36257515953 4.09982846362 3.72593636842 -0.414451568539 -0.0799530658802 -3.18199782271 -7.60602040939 -8.07719012896 -8.64266081088 -8.59349185839 -6.12787628993 -1.79493085909 1.10826620386 -0.281133373178 0.83468229291 0.249730698445 5.62870482454 14.5044127113 12.9911008028 13.4276703106 13.9557640918 10.8516773977 7.38712383656 3.10043055646
5.09746740795 5.98707769493 8.65990668909 9.81780068989 7.77595721798 6.29473046115 5.92843371782 3.86319637292 -1.08078110693 -3.93125283438 -4.43935041124 -1.44147735354 0.931407736151 3.69705557363 2.78110942706 0.45298084595 2.22734356211 4.04840852377 5.66470091131 9.69516752945 15.0115406366 13.0593195923 9.30445142929 9.96819481817 12.0460731418 12.6789927864
-6.74529713452 -5.75450560289 1.15955011251 4.27194523126 0.262366154077 0.829516960966 -3.16421168366 -2.09036452853 1.90059146736 0.00893216101103 -1.08495072154 -1.06714929437 -0.582646275863 -1.04964688594 -4.65064427283 -6.31961276711 -5.71704489051 -1.19415139751 -3.23052403884 -4.55885074589 0.656863504533 2.36786191512 0.166333436752 -2.20864430843 -0.948447134982 -2.19364108252
