-172.073763861 -167.54843321 -168.129145541 -166.364556915 -167.272202852 -167.723169753 -167.615109542 -167.309613334 -164.812920934 -137.024378516 -104.159030028 -96.2358747572 -101.870788543 -101.114536089 -70.6251864321 -28.7676610837 -24.6649499675 -39.0225842914 -55.0084306162 -90.1572661311 -121.628585582 -122.577974776 -94.5278439597 -72.4921835335 -84.0180033389 -96.1336723541 -108.034210921 -130.755967229 -150.893440412 -161.203833338 -161.417363217 -132.684593036 -130.071638038 -143.490880689 -135.665432034
34.1778674449 37.0115920459 39.4385068227 39.7509272881 37.8266539526 35.7374520688 38.4032401367 34.9732453084 38.5105135977 54.6413647844 56.4133036032 47.5798398446 40.2648914803 35.7034497486 45.3577339808 63.6813669241 68.3505613099 72.4642565017 81.9262358593 83.7383617514 74.5662346368 70.4055678382 81.5160222706 86.3594038813 76.7170426298 79.3436516563 81.3835088726 67.9752619097 50.6066099933 45.9008029906 50.1562719233 66.0899755343 65.4579615502 64.6421125917 75.1294824481
8.34416452846 5.73931209713 7.13544726698 10.9237263546 11.6451623641 4.92820431629 8.30332327819 9.51379981078 7.33995294994 16.6138396631 10.1678060947 1.43600785722 -0.822280614651 -10.5466288912 -29.0262832172 -48.8690225161 -51.7997909874 -46.3674503716 -28.5367165655 -4.34257450873 9.08731161885 4.19737060094 -11.6439974042 -27.3206997764 -29.0844674457 -18.6948072228 -2.33948420377 5.14790280583 2.67979120008 7.30375194951 9.23389255855 5.6289575866 7.1761365259 14.7998280235 22.1823117578
22.9895170835 16.6921337399 16.2987522187 19.3543299053 21.0193414365 16.6313708026 17.3273257401 15.8658423413 16.7483875632 43.3126460202 61.4787740088 65.2582846859 63.0111161492 61.8705636075 65.3312870055 60.6907395817 58.5810628681 46.6712252984 31.7101700599 22.135719883 21.1062928792 21.4542564558 8.33915008896 -0.583802298589 -3.86437040834 -9.99203507521 -4.91176655707 10.0754798781 16.1507349223 17.974367782 12.8133403056 -6.32805827337 -4.67303543658 15.5020432724 17.6301217633
7.21373764684 5.5066191475 5.50364161858 1.83153038952 1.91922476647 -0.828396752955 1.39176158648 -0.686644684869 -1.15099996399 4.25945619136 -2.93825080946 -8.80624386791 -9.61394709259 -4.68523914119 4.45910313277 2.03484000641 6.44094022349 11.6529698294 12.0336750443 10.7467009341 5.98459099431 4.96641560186 2.29875068097 0.615459375669 -1.99631943095 -2.55382730266 -2.90917981049 1.2015252465 2.72869053895 4.71510083512 1.55833313532 -11.9351291772 -15.8687201308 -3.15568550857 1.12122865811
8.47554081447 11.5029043364 17.2089257801 15.1838285791 6.09814470435 3.9754321367 7.87430292181 10.5526505976 12.7947948152 3.21757299829 -3.61916541626 -4.50719632937 -3.72722452394 -4.54401292986 -18.6430370948 -31.5251778871 -33.6790331046 -24.46647882 -4.03466965329 3.65389285353 0.0653202728124 -1.12823823195 10.6271658038 13.4290699778 11.9526106438 13.7353712115 12.8877212877 11.9622036476 14.6480555892 14.1466447129 10.6543542113 9.25046932948 9.7441821347 7.71314971841 -1.0034071518
-1.30577515201 1.47460052453 5.43309990296 5.54368150151 0.0253751521484 0.767589775611 -1.08075260497 4.34455665566 10.9193659409 7.74674465665 7.34162073138 7.69004582702 10.5878391576 11.5359986787 -1.49078768061 -13.2185406006 -17.4679626801 -20.3270920903 -24.816173143 -24.7095623546 -17.1455093531 -11.3276597964 -9.18224136589 -7.43480250789 -7.12716774346 -1.41895266182 -0.510215246471 -1.60803707892 2.57681847931 4.18138444328 5.99875231791 9.08018437975 11.1877478452 3.81113943848 -6.43974521126
7.7121766906 10.0883252992 11.7699441165 7.98738700125 6.34421601222 11.2862964344 11.6651917515 12.7281813342 11.4232384774 -3.70928433254 -15.6950992811 -18.2630742756 -11.7518222876 -7.03721597136 -7.6602825167 -14.4257647561 -13.7053478964 -18.1402449936 -24.6779386243 -19.3977827028 -7.36833581127 -1.88631512828 -8.84178486422 -14.8885374304 -15.5319470695 -9.80130243656 -7.87859396197 -1.98979227197 8.67285981329 9.84359701373 12.6244265164 7.3031581855 11.0101532068 9.44293290187 2.90909901979
3.89686041084 0.838099845769 1.81282856859 2.32456237431 3.35368470097 3.09010754189 5.94145783257 5.22585982119 2.88649127971 -18.3754644959 -19.0794760392 -11.2866615403 -8.10078879322 -13.7832199843 -19.8185040044 -17.0500002251 -11.313100982 -9.4853686307 -7.44797523905 -2.10593250868 -1.85956129911 -5.91836280195 -15.7121468962 -14.5386494811 -13.0788875396 -12.1622131483 -9.75461944741 -5.13191349715 -3.73237584969 -0.70153489766 2.59470265435 -4.10757661214 -5.29119953279 -5.89213326595 -5.64364193122
12.9411645189 7.25627550472 7.76294289686 12.6907567922 10.8334445166 8.06110978116 9.38839756397 9.76195862558 8.95521246802 -1.09594705713 -3.1357893665 3.50607329583 5.14415211439 4.38467905897 -3.92841649253 -6.28661223707 0.805701044276 4.50530891317 1.31018781986 5.91568162837 9.14515477265 3.7037612021 5.78181105702 10.5304552223 13.7199895046 9.05307212279 6.24861939742 11.0762663946 8.952162368 5.47746379492 3.55843016939 -4.2143281384 -4.24261523167 -1.60574975726 -4.78162360005
4.48898463193 0.604064231686 1.55431764853 6.05681468584 2.74518230542 1.53126547823 4.63781547829 -2.10935210257 -0.691032294696 -6.72632877982 -16.5818307399 -18.740290737 -19.2803759298 -12.9403894842 -17.2846165173 -18.8447164336 -14.5703906698 -12.2925461074 -9.83582034323 -7.07550725583 -3.28684507095 0.536009290878 6.51909544023 6.04211312051 5.85509416209 4.41174667462 7.57563375485 8.27385192909 1.78274494969 -2.11842128487 -2.71329618178 -9.38025578813 -9.73243724197 -11.8546110048 -15.237612586
4.09650801841 2.43497676542 5.63639971678 4.70946389834 2.22981767432 1.0765625301 8.19287483368 7.14355697665 5.06349593296 -1.902249422 -2.00867525242 2.00449561686 3.24192091329 5.16932305185 3.06954514842 2.78622878467 3.14251454394 -0.548565391083 -3.66853152906 -0.624609989148 1.48745117444 -1.99281228781 -1.25943046964 2.49087396901 6.13001227576 5.03093895166 6.49309621343 8.53341678087 4.04505133261 4.61962329618 10.3055072435 11.567064813 8.24450662646 3.41441032031 -2.5318654913
-2.75884828481 -0.35684712782 -0.679084807684 -1.9740453562 0.348246328072 1.17633949923 2.85415320338 2.31356265128 -2.628588614 -1.87951990046 -1.87918375304 -2.69373478543 -1.25202348881 3.02917497345 4.8352773059 8.25014866204 14.6094144422 12.0607025707 0.147687473852 -3.7997784313 -1.21419077137 -12.4017909493 -17.1860349267 -10.3908850072 -7.50551145819 -4.39862733312 -1.10092761103 -2.78880489034 -2.50321508116 -1.88280594972 0.218345810599 8.70730210925 7.30651152704 6.71474852394 2.0520611284
