-150.131425851 -144.649759988 -138.406184423 -139.493099347 -139.948657532 -139.747997445 -139.361906304 -140.974536335 -134.986652859 -115.916958508 -93.408489305 -68.4365083199 -49.2580899405 -45.7745201516 -47.7406384413 -60.0734111365 -86.766373937 -100.125573019 -107.615258842 -102.582767247 -91.4852819757 -84.604542563 -91.3130866463 -106.517220313 -121.526572081 -133.907198547
36.1511638125 34.0143244697 37.5224996598 40.5622840868 39.1150490803 42.4291216169 41.8040559253 41.7297772808 46.9456001698 57.6301695377 58.3917009085 57.5849161322 59.3801872231 61.9358191739 68.5501404195 76.3664021742 72.784046184 66.3348371331 64.6616518583 71.7860898574 73.7103983089 72.8508188033 71.2030216429 65.9095197048 55.3660268388 49.2730510926
2.46179421799 5.42124206162 7.91165521595 5.85864792485 7.12653153551 7.45321670142 6.18951924831 7.20260744698 11.1935811293 20.5064672434 19.1658183798 4.67037946719 -8.02013265459 -16.0587910039 -16.0413604167 -3.32944870278 10.516314704 10.1139782086 9.91963186 4.39372457391 -5.98514952992 -11.5407611282 -7.14078513794 0.590407555809 4.8906746287 11.189225276
7.6354144086 12.5087459481 15.4679244279 15.5809961187 17.3346603531 12.6287757461 12.1733508967 17.6837521012 25.2167494311 34.0529646793 43.8005404042 50.7921050378 50.7774664447 39.838072268 28.286159638 25.6802770095 24.0644142618 21.4173564454 18.118910561 2.65188330446 -3.61205682418 -1.77882594734 3.53570219634 10.7803030894 15.9117576533 14.2404304068
-0.798951261325 -1.82131455385 0.736839775641 5.9775398275 7.00583614824 4.72881254347 6.3489322114 4.30531254628 6.69943173718 7.96228654652 10.615128513 9.255028605 7.22954924986 8.47226283597 10.8512377551 10.9864817428 4.44150545521 3.14022885356 4.79915170368 2.08882152628 3.95875463096 1.82549349194 3.37766186654 4.87157446061 5.58307631394 0.613539993032
16.5293749007 13.4875896762 10.4091500671 13.4437508319 10.8227068979 9.27387738829 10.2570449616 13.0545433188 16.7933877623 9.04197673323 1.16833584973 -8.45318545256 -17.3055423752 -18.3232462146 -11.4893237696 -3.51162998627 0.737103401043 5.14876982631 10.334616904 11.7660379294 15.5643292097 15.6462415406 13.5604037021 16.6692224841 15.5746180169 9.46847502549
5.79781387532 5.91211169857 8.19593315781 8.78213148751 3.38224336403 -1.42885541714 3.01219323979 6.50750771996 4.32110381056 4.05769557888 1.49069911366 -7.0888317431 -17.5770892102 -27.9536758885 -31.2705665354 -23.1588167638 -14.2049696932 -9.47961226795 -1.91204136801 0.814142493831 0.427987404113 3.93382099817 1.40415514026 -2.1532949552 2.62403635353 6.36314798258
7.47632240306 10.3307954625 13.8790578512 8.98625914231 7.05397693604 9.21734728201 11.7539827868 10.772195219 9.71586582968 9.46067318209 10.167802195 10.1391487133 8.55206456508 7.41834169506 1.17543189853 -2.1205923288 -0.729943074697 -0.822190981316 -0.0619541284649 3.65577976605 -0.240089656954 -0.548429690884 2.7423454765 3.531182553 9.03125698206 9.13597362783
8.45791443327 5.88405699446 2.38664528654 0.953593516597 2.01740284684 5.02872119834 -1.61804691816 -2.68489695237 -1.80642421718 -12.8268096751 -18.8031465636 -18.0963851192 -11.4102527084 -5.81760036939 -1.41887778842 -0.462086454162 3.09851894234 1.81089194717 1.83425793687 3.37225603346 2.29029070063 1.75099973853 3.41369966963 2.42587513394 3.42225386953 3.6268443553
13.2055905335 11.1773849181 8.15784730501 7.01702623037 9.44238422125 10.2047810346 1.84825596441 3.71534950098 8.14538584431 1.05685863832 0.631680208096 -0.137481875643 -1.26113190468 0.274352935578 4.9566713575 5.51838176855 1.33730249455 5.41634809106 10.9024534808 13.3741133979 14.2999859021 16.7510625963 15.2265313326 10.8337136299 10.7798331104 11.5880348178
7.6654426621 7.85042171373 5.98800145007 4.50511207663 4.83696559096 0.297137667295 -1.93275070411 -1.30985121237 -4.01133585739 -10.4256927168 -14.3180769588 -10.5035644348 -4.21097411085 -5.11029686191 -6.45531388668 -10.1519637658 -7.57743355828 -4.87470850291 7.04543184587 2.07593723638 -7.74919372791 -8.6126098899 -5.47578803191 -1.94124667553 1.84026202314 1.02843314368
4.82511480794 10.0618961663 12.9199544622 11.8426767971 11.2296539069 5.97912086693 8.25272052974 8.2184901669 3.17312155728 1.25595677793 0.695666642535 5.53952661958 14.470216406 19.1136365694 19.5681040881 8.7099202559 4.77275340555 5.93628580449 6.90027027042 1.06879433561 -1.65998466544 -1.0454830344 2.28842606078 0.455121338934 1.88118212353 4.11457775737
3.79055828102 3.08319045193 3.83502452659 3.6029667962 1.73131268082 -3.49227764098 0.922437371479 3.14560841421 1.63240858377 3.03481898416 3.00154474604 -2.77729965782 -0.505027350241 3.30185416833 8.85407549922 8.46576930248 3.09826030007 -5.9560696931 -5.54547790529 -5.46825555573 -3.6987921073 -8.06046661643e-05 -0.786382410025 -2.86431816747 -5.1760751371 -0.20417296533
