-166.681152739 -162.087395037 -165.894101753 -168.049883033 -146.487792785 -126.318055796 -115.870374767 -98.0378006122 -64.6059078185 -54.5603625937 -57.8739102924 -56.744290225 -62.4348054223 -90.4775399666 -131.665363836 -132.348782064 -128.708352897 -96.5731739504 -74.1272947907 -76.272660939 -75.7042492708 -79.4918442241 -113.98091822 -145.236266825 -155.934102953 -135.78965621 -119.713286673 -100.792061271 -85.7112309239 -88.4520972566 -90.5191685208 -116.790157224 -143.220098695 -148.88239706 -156.516011819 -156.550969088 -157.595350766 -162.679140886 -162.425339251 -162.109495137 -169.514594039
49.1077787314 49.0257834007 47.1197406103 49.9897441886 67.244676197 66.6194921794 55.347260559 51.6764682389 70.7723763495 82.4339490159 83.8021228818 89.5591270363 93.7278622743 86.2410009189 72.0448840167 70.1460300366 67.6603223548 78.6827016073 81.7729927978 74.2337389745 73.9956159785 84.1930562845 79.2702065424 65.6139705197 58.9290053946 72.0373983976 82.475820942 99.4495224808 100.021073064 89.6219836153 99.2559880606 93.0033169928 74.8260973573 66.8893112964 56.9101299634 50.6988549277 53.5037597932 51.3165660164 49.6949120959 48.917269941 46.5946281071
12.4663421429 13.8754385451 16.4164277415 20.0119722626 29.5886166308 28.724616516 16.210655983 3.93110383563 -16.1855727003 -30.1007085666 -38.0195314417 -35.388437505 -23.0771105607 2.03335292939 21.9474700961 18.254285931 13.5167069628 -0.226300542435 -13.1924891959 -25.6806021728 -33.0488383961 -19.7401664816 2.33587225804 15.7239334983 16.1612931951 9.08665427702 3.9370949612 13.6242835294 3.5996161745 -6.96120691584 2.40950602123 19.3246361737 27.6385354319 19.0304129319 16.0132859477 13.6720207714 12.9210530494 13.5441842481 15.6822669899 13.8115986736 15.0134815177
17.1862782916 22.3220954151 25.735421254 23.0637363764 35.6688394058 50.0284518239 57.0961961688 65.1670576317 63.8669507384 54.3493168162 38.0321790532 34.4213440586 26.0053366277 21.2129823724 25.9156671227 27.548241643 27.1637024358 22.4836447232 20.973337212 18.8505013075 14.700963373 13.6298867208 14.1864949973 20.3123497255 20.123908753 2.61677619971 -0.869061772327 13.5020131129 21.3572239687 17.6978934945 13.9465435478 17.7737084437 26.8808834683 24.2721155781 26.4947565075 25.7345394225 22.8290285542 20.617438585 26.7690686687 29.446327916 27.4896812154
5.81958529254 5.65369462591 7.09008149481 6.22828190674 2.72437857127 3.43926674677 6.32201208622 10.982215182 19.8730955626 20.2844858899 19.0982056062 20.1054979516 13.6562697152 6.45366902354 4.46777989583 -0.975871364191 -2.07437969251 -7.90087099529 -10.008460139 -8.21618615722 -5.57373204269 0.243449838787 5.12453835202 4.5485059516 9.37077091034 1.49319017326 -6.78388695329 1.63863053024 5.29891998816 -3.89679087876 -10.4516098172 -7.50307056086 6.13202473341 12.0302178696 11.6589445264 11.4638637758 12.2746790409 10.3228028563 11.4580467966 10.5911481377 11.3435615632
16.7061117165 15.6274616573 17.0540363336 13.4223155347 7.81944554003 0.457132163912 -4.57889704705 -17.0437899186 -28.7089617861 -31.9990217179 -23.75857165 -18.4854047881 -8.88948302183 5.4880640606 10.1084492656 7.5611414692 8.67173891546 9.79138858853 11.794256819 13.9379200138 11.118289572 8.82551691879 10.5193786496 7.56473126792 13.8244785369 20.5765781503 13.5169985935 3.61174405124 -0.177966800866 -2.19468390908 -3.05252950343 0.642957737124 12.814906378 17.737263051 20.3286041007 18.9647396965 16.3188569791 15.3967774903 15.5137024031 14.8510367844 14.8999613991
12.6561565907 13.8228180064 13.1652721018 10.2569956269 7.80698864708 3.10281463887 3.91348096443 1.84024058484 -12.3629802617 -26.7415135067 -31.8789326493 -33.1665875454 -30.8197770038 -25.5573402317 -16.1145022535 -6.49928264942 -0.511168016071 -1.5147507769 2.17813537397 8.24713552787 4.90252656718 -0.131503026139 -3.51810488058 -0.715670325291 5.55276338169 11.62560749 6.23054815273 -7.81332563964 -9.0882603856 -4.55374797069 -3.7773503933 -1.44374438621 3.74046666264 7.58127164697 8.77387354293 9.51071363097 7.05858838843 5.26672217806 10.3027190564 11.8005356833 11.4200999728
18.3511641314 23.4573395091 23.9106508248 21.5881682277 9.05554725132 5.66531538668 3.60157510559 5.50315259824 5.48297293227 0.332919015057 -3.70500190607 -14.5775884029 -13.0175045069 -7.77402120913 0.632188428953 5.62487243251 3.95195378884 -9.05079981765 -14.0068061528 -12.1087972549 -13.3058232956 -8.48306954878 -1.49419733974 6.61013601594 14.690747632 8.78789186512 1.8234026681 -8.14700167182 -5.30111354589 2.84630177636 7.35633086785 12.0590569091 11.7731023795 17.8846812694 15.7100663908 15.1673702394 14.0732618052 12.5927879762 13.6815723204 14.1816352465 15.5536938961
-2.21540487483 2.58626441747 11.5826081795 12.0573658583 -4.11420707603 -1.79417346007 -0.791944494041 -8.21239818441 -10.6493876464 -6.0231463186 1.04991793487 -0.515235358644 -3.55294643138 -3.07187719786 4.0211264578 7.65019425997 4.97130782033 2.42772809115 2.28374228439 1.58436828439 -1.07391397165 1.55688168756 0.750985764184 3.99835930908 10.5231036154 -0.606621421158 -8.22083939618 -15.8789404781 -11.4208049483 -3.82652980132 -2.53594984748 2.00127331329 2.34270029243 3.14675452336 8.37026384323 9.52531603747 9.56392459175 5.85859268525 6.57336646723 5.2911060447 8.79748949474
3.5568739227 2.82855047684 9.41799278823 11.3839232076 2.10304331657 5.15615458123 11.2018583793 1.65006747306 -5.19220815469 -1.92256659053 6.49194859258 14.3470025093 13.6663350211 11.0462612683 11.4205749653 3.06307010977 -1.27031246902 7.4401900543 18.278262973 16.5189796033 15.2959802758 16.6155966628 15.4376585414 13.4922741275 12.9409996625 9.02139723194 1.48557074103 -10.7707057048 -13.1012814867 -9.22353886452 -6.48496038471 1.76589608749 10.6121393864 8.46120027113 11.8735102226 17.8386680635 13.1469151864 11.132261444 12.5546502259 9.65167796761 13.9412550023
-2.03161999418 -3.38262645268 0.181495255461 7.05742896561 -6.12625789683 -17.9195572476 -16.2888803152 -13.5646056207 -10.5575559648 -10.9400168569 -5.49599448714 -2.5915270724 4.24584303792 7.57527749323 7.73375415401 3.87324647994 4.09694105332 13.0673205468 11.446981461 6.38751788536 11.6915694687 17.6182099931 15.8183358303 5.49205611738 2.77710462661 10.625255701 12.3353703283 -0.947361293741 -4.90317210375 -1.67176276999 4.94931190155 6.80303715354 5.14024430057 3.74969247465 5.84442654516 8.00606763429 3.5911971254 3.52648936994 7.19067033062 6.30844304526 8.08953278161
2.25657776793 1.77156316013 5.55338754795 13.3858969157 10.5388678041 12.2926772286 15.071901282 12.4118846767 16.2606098995 19.6232508922 21.6503023094 13.4844047691 5.87781179653 5.1689078184 11.262729008 15.2499438186 21.6832498652 40.3141867726 39.4024665585 28.2506566628 27.4148384447 22.4434051538 15.5054125366 8.02539475634 5.99464969272 17.8642361394 24.0466349949 23.154974328 23.5632606507 21.995432149 23.8388985263 20.3175670707 16.0714191903 10.0429494925 5.80244476483 7.96612020428 5.33609825912 7.46144597756 11.3417030387 9.00811501285 11.1793831239
2.98864475327 0.726193344719 0.505015209166 1.3826412141 1.42114720915 7.07709149202 5.30263676253 3.38940973691 5.98637915582 11.2496015915 15.8294805524 10.0542506756 3.34886850305 1.06501901612 3.37206821952 2.34190702071 -0.463028376121 5.69949739406 5.49727622283 -0.170708998773 -1.3891247576 -3.75581081894 -6.13171574198 -3.91003235387 -2.37796283209 8.74561639102 10.7434475977 17.1531370027 18.1415738684 11.8504719942 9.24221233707 9.47034211285 5.60868816683 2.74455641828 1.86057261912 -0.703869425196 0.285919909078 3.22090077865 -1.0228237424 -3.83914911947 4.90104338497
