-83.1429737967 -81.0288551854 -81.619868901 -83.1741071004 -81.6733129617 -71.1578340766 -64.5986336736 -64.1112932998 -66.3041950939 -64.9215304431 -53.9264469885 -42.3380745421 -43.6402135005 -44.9335052799 -50.4567857373 -54.4104466949 -52.4160788488 -49.8736826055 -48.8797789127 -47.0019179113 -47.7453280319 -56.6285931543 -52.6192550214 -26.3031166187 -15.9980241693 -20.0669003687 -25.7671009898 -33.6018834228 -40.4339489398 -45.9245763246 -49.7359288395 -54.7615040693 -50.6522720473 -46.4084555525 -55.015955084 -62.2160630371 -70.4049429817
49.5484355617 49.8815374038 51.4524394266 51.3763085383 51.32060025 65.3123876287 74.7385172376 69.3896435132 64.8516285602 67.9271453269 78.7886876237 81.2953625463 72.2215347052 70.5632350576 66.0491758025 59.6231834631 61.1341289677 57.6331112856 62.7494377901 69.1545101737 74.5646580924 69.9710066121 69.8265239995 75.2996778304 71.0733914211 68.0227606616 68.1919321672 73.5285186403 61.8343721369 26.9314531167 7.06962054125 1.59418590459 4.20408881598 4.56945624237 1.02822268083 14.0120251012 19.8375187815
11.2722046032 12.8750753303 14.8130642818 12.9332576464 9.96060367689 24.9266874084 33.6142857614 25.8982952919 20.6845783418 22.0897736271 26.7866747768 24.9067232327 21.3546868613 19.4333384306 20.1200098948 19.0203661401 17.5509705697 13.0454008143 13.6002812244 10.4557420727 8.55496013339 12.5315115356 10.9927891929 -6.65682282651 -8.84335213338 -2.08751725741 1.62418223841 9.25556973494 29.455819516 44.5439070199 40.1266072203 37.9104919449 40.0751628342 41.7450569771 40.1503720531 28.6511494344 24.5383857931
22.9665743799 22.3428731177 22.9255579804 21.639247084 22.9010829734 29.1954196092 29.3048594855 25.4316925289 18.7849924484 18.3844838198 22.7194878516 29.6411881039 33.3042095472 31.5002195736 34.4366006796 36.9417824432 35.0689317974 32.3299043422 31.5850741736 25.6384563234 21.8025814949 25.0605301301 25.3333740508 20.0190069152 20.5291247074 25.9517371731 25.8119915689 22.4164318495 17.373277872 13.0240426285 11.5991261486 10.4174398349 8.48193972826 8.98125263736 12.4562485544 12.1217459989 8.72875255603
10.0437456972 5.9743064904 4.26964705006 7.114585105 13.5568013106 13.89430691 9.29297542398 8.44696063585 4.94851039398 5.06380329635 4.63084566925 6.44742783715 13.6173355236 11.7606034492 7.90119243113 10.4162762747 10.6660242402 11.3372109 10.7680103561 13.2287143172 13.3638527368 12.8230433123 16.9962846667 16.2384934417 5.21560807408 -0.921025092079 -5.80891407096 -6.81079456343 -3.29791904297 3.45346680163 10.5665718011 8.6553632564 1.29487071243 0.697793520745 4.03755508882 3.73081307998 2.34110781488
12.1833429674 11.7041483386 14.0545878633 14.0638152272 17.2668451422 16.3275539525 8.89392270754 11.9181991975 15.792190828 14.3052822881 11.5772925529 5.6721798608 4.09821361914 3.10094425463 0.109278893321 0.912506492024 3.72232576745 5.07611303564 2.58121725462 6.18649248371 5.89560540235 8.52019919355 12.590182847 15.2328221473 15.3799987412 13.4404077679 10.6830104271 11.4132589871 15.8401581027 19.4535879338 24.1465016739 23.3499292636 24.078342528 26.117761597 20.925199048 21.7618761153 22.9890802731
0.487048479297 3.15657517744 4.5620637585 2.15501140078 7.88265083324 7.37536354875 -0.606801964134 0.109148921582 6.43397718093 5.352893012 -4.01195839054 -4.37430616392 -1.76441479124 -0.107201728746 2.64462553738 4.99151698719 6.59588388881 5.24339013182 -1.10386813289 -5.58563475781 -8.08846666454 -4.23452138475 -3.38519534005 -6.7166643759 -6.50417814997 -0.77274495883 2.7065711409 4.46600893621 0.183515290405 -5.82598732721 -6.80473189709 -12.3108775696 -10.5692463111 -6.0780546701 -9.76196291593 -6.8498030198 5.35497833806
8.80320509263 10.4764529997 12.268486629 10.3389838264 13.9857715184 9.62211299312 2.77711279298 2.58717686216 7.77953774664 11.9403446674 4.85596534272 8.40222402029 13.5175439305 16.7080721808 17.3349864106 15.480600705 17.2860197585 18.1522220992 12.7033188812 12.6834262935 6.58545004148 6.15390812989 2.8175375674 -13.7965106689 -21.6932904754 -13.1529686826 -10.9755499014 -9.32549909894 1.42332395203 14.9077922782 20.1145871131 21.6481017739 21.0086610504 26.9168349051 24.108559464 20.7002747874 24.8645425181
7.28862606212 5.56981336231 2.76074488983 -0.275077098682 4.10092015482 0.204528167709 -1.85917608129 -4.48727626233 -4.65598438425 -1.61376826517 -6.46227433812 -8.91070807111 -6.50751463361 -5.49724408185 -7.32233483183 -14.0146269757 -9.1658273777 -6.6567861548 -9.15214474687 -2.31086668085 2.53525183611 2.31233324935 -0.389019587948 -6.25544446556 -13.7694135962 -9.09432026508 -5.40983413678 -8.04646335316 -15.8403953261 -8.59458767646 -5.38291058694 -8.11081051391 -5.09848778203 -0.80959955463 -4.41654104957 -4.50506971589 2.84989286436
6.87757765854 9.79512410216 9.28937665298 9.33095936629 13.5960185726 7.69554246805 3.75710655467 3.32956784685 3.29876178181 5.40470994579 0.474982830031 -1.18585532402 4.34733354356 4.26784493944 -0.281267621316 -2.77445581454 1.56301038394 -0.260370469307 0.913360176913 1.69918062294 3.96322906433 8.76842801142 10.7147180207 15.5679304821 11.7853081992 9.85052657438 8.96708915085 7.0544906609 5.80060992311 8.34083932582 9.56693925736 10.1838764347 8.2864095003 9.15762209197 16.2971079136 17.8174996456 17.229650214
-3.8344710237 0.215207673357 -0.328625170025 0.750443732095 4.16799171333 3.50917889048 1.09811518096 3.9686073738 5.77580768956 5.84620625817 3.27810812909 4.74926376799 8.86027824259 11.2389485039 7.27502275165 6.0199093895 8.96668578656 9.27694459664 3.56127436422 -3.66223916131 0.849339008551 6.16179180746 6.99936511632 4.08004687415 -0.785217797724 -6.64473734445 -8.67058797335 -4.14034007302 -2.03253550518 -0.944876343084 1.25523490549 2.58825110599 4.49707900352 4.4717854069 7.16520845253 3.71377983386 6.2238293736
4.50050697007 6.37661769054 4.70275647426 7.2663057199 7.59390379143 8.27015619112 9.99089052319 9.99496337815 14.1073138373 16.7940562597 16.0017908571 11.3493785571 12.1006044848 13.9651035668 8.13183574182 6.12546158168 10.2929461787 11.9156841146 11.8668868427 9.22231434094 12.8440326062 15.9748277241 17.1654866612 16.0060670123 19.5714655747 17.8882162577 15.8841440258 17.150797971 10.9538039802 7.80567628389 4.98840230136 5.25926441497 2.04215089858 2.54658332629 6.38125825549 3.29337859242 1.22116278032
1.40191718833 3.64195240408 3.5692811921 4.06948046584 0.612690660744 1.37426631932 4.21942254554 4.04543053268 3.8847436277 2.50918553981 -0.284578079357 -4.50962670231 -6.58381660733 -5.0923464909 -6.52297104319 -9.99543697926 -3.58130572217 -2.04967156116 0.556885300702 6.31252557878 5.84553206047 -1.58954090008 -3.49678579405 -0.638043319697 1.97124261572 2.53115503588 -1.7368052287 -1.50981660037 -4.45355155995 -6.4990133113 -3.18793054427 1.92715448697 1.976797953 0.516809666805 0.226394098287 -0.841952838243 1.17436311305
