-107.932424106 -97.1481344007 -99.4274618057 -100.845133173 -97.5592639027 -95.3258749603 -89.6882891207 -79.2182093845 -68.4456232994 -66.0842956776 -59.0332670583 -56.3215005479 -54.7542371385 -51.354670598 -45.610400853 -34.9829802279 -39.0809132572 -54.3325325734 -55.3921397022 -39.1237713947 -37.083007717 -51.0808862695 -48.2025906943 -38.2437248735 -27.169912267 -37.266860906 -38.5181121891 -36.4696192504 -33.3901427678 -33.5494418484 -38.6968418145 -38.5412625642 -44.1248000717 -49.7348655596 -54.2004719717 -76.730371996 -89.4033401045 -97.0403452047 -100.273683572 -100.825154242 -103.43588492 -101.447747444
33.3625698746 42.7094713181 39.9373800799 40.267450185 43.1663711645 44.5220518114 55.0715371506 61.995775205 61.7132070529 59.5277773089 60.0164337155 65.6634326798 66.7224518985 64.4243202723 62.6175547498 69.6908144725 73.833318767 72.429894537 71.590335878 80.7988724615 80.1735043777 71.7761354134 75.3449161536 77.5078383638 44.1367029072 -2.80927187193 -20.9811238936 -21.9265587428 -18.2229779187 -21.459076215 -27.1202549468 -23.1376111522 -20.2779900724 -12.4016454234 8.24492975552 31.1004076195 39.8120946677 38.470720301 40.7000716598 39.2719731527 41.3296805992 35.5375952624
2.79463184013 8.15940135918 1.50879620174 2.82872538436 9.54726644436 11.7974373631 16.4480521148 23.7499461035 17.1087488798 15.1379192404 13.2661727181 15.0408807445 12.7738347086 10.8267254038 6.96750828065 0.202975784392 3.41189283779 11.6963453232 11.6711394455 12.7530129511 6.10891565726 4.90879228259 4.86202718115 1.68137490169 19.1898289356 33.4975757768 39.1702503926 40.1740495081 37.7738762015 34.8651688613 32.6543331949 32.5717372549 32.7751151204 32.5976844896 24.6855085883 12.7947830464 7.8977826375 6.80720955101 10.2565757383 14.0627634831 13.1873955358 9.08941874992
14.5818191269 15.1955488373 10.6937491543 11.9661704503 18.7931416515 20.1557458646 24.3419707752 24.9920548935 29.7013435715 38.500370114 38.4800781846 37.0946037304 33.4618097969 36.642071686 39.0959082463 32.553272694 27.9095350611 21.4057338297 24.7348888648 23.5740572221 17.026712925 16.9367692975 13.3447431519 6.18452706706 17.9670821069 31.3152537595 23.2809489982 16.7588822458 15.8016834083 22.7492144944 24.0096056514 19.336653927 24.4121920646 28.5199418973 30.4614260158 30.1699101256 19.693594128 16.3170598853 20.4612358586 22.5643135315 20.319286024 16.5486733387
7.17059413727 3.47757223324 -3.15988828046 -1.19078549667 3.96475673624 5.53459192274 8.54859391739 6.42210559195 6.92427179892 3.38826598338 -0.0785782326707 -1.58128315497 -1.6031148765 3.68204899709 7.95420839491 9.91501545697 15.1568293228 9.1863024745 5.09028813985 -3.23385386125 -6.19961640103 -4.4603418212 -2.01935648552 -7.19211758332 -20.1927753821 -20.5649596547 -24.4712220027 -28.3662762257 -27.9660465912 -21.4245636518 -20.3606663699 -19.6451087165 -16.6109897242 -22.2642561175 -23.3762319014 -9.48342617956 -1.51650380322 1.7548625983 6.1393142622 7.00792241617 8.37420502091 10.8484231109
16.5020203437 12.7453234258 7.28448510368 7.67330684259 8.02227937885 8.26377163886 9.3094540569 6.97011974277 6.27014667999 6.19423674534 6.30163486908 1.87182322478 1.63863725523 0.793360347378 -4.45448908864 -7.64684471764 -0.404094515437 6.10589563943 5.55626813023 4.38504223741 7.98617489482 8.71416280084 9.47440314255 11.5065544395 23.0012881989 29.1170901591 37.6527427886 38.9666390126 38.1494734606 38.5164834673 39.4123086307 46.003306839 42.1876792117 38.4644129247 35.0613783572 24.1063140977 14.24937488 11.8727245229 15.2926900086 17.0753658664 12.6696906298 12.6199719749
6.5906965199 3.10027548587 4.29848945759 3.69323426135 -0.174816665788 4.63152010297 4.24782925538 -6.75083306017 -5.60520422958 4.31220832745 8.28519036266 8.27279835223 9.18359637422 6.17175068295 -1.30867559449 -8.27947061632 -14.259743382 -6.51499299641 -3.35942586991 -6.98927679053 -4.97346655252 -2.17196090501 -2.425424616 -0.434447373294 -0.844928629247 -3.23506607728 -4.55633715721 -4.97195753635 -8.13100533802 -11.2456476863 -12.2487601011 -9.89655939096 -15.6620836277 -19.015810508 -11.7714640669 1.23790492138 0.960234577714 0.934411628534 4.55749801498 6.49274235027 1.62052465328 2.79121478841
13.1554437995 7.45373024899 9.0012877678 12.4944800799 11.2069658408 11.9974802911 7.29753754336 -1.4072247376 -0.693361545166 -2.95121506895 0.976853208995 4.74119827962 7.78647901541 9.48423582697 8.35896601668 1.76259015443 -4.19659287007 -1.51508058987 -0.125199057407 -11.0838572892 -14.1402238308 -4.69453998019 -3.68437948756 -3.78717451628 4.22077179906 11.5629477234 12.8067999249 14.0211757292 11.4498406638 9.28450729011 14.184537212 18.7213468442 18.7503380084 15.395155223 7.53636711514 4.3619438144 12.505217784 10.5963490664 8.86475629362 9.83661728248 5.30087030856 6.21510507122
6.91545733182 1.38680778125 0.480019552084 2.67544933716 4.18150290784 2.10464919891 -3.02646711435 -10.2997314434 -10.860038756 -13.4519104957 -13.8301103571 -10.3670293483 -10.9777194101 -8.88042270637 -11.3665069166 -11.7173257413 -10.6297281647 -10.8997245997 -11.5515577223 -20.4686163127 -17.14514931 -9.53630764637 -7.62646863383 -7.08547436339 -7.08983319527 -2.12430836968 5.77331096332 4.17971917185 2.83209846959 2.54694868322 1.47088009441 1.15469846542 1.26976146529 0.299037399046 2.78082318794 5.16661712263 6.74402359525 6.23054923791 0.675011770706 0.887961905128 0.60193864129 -1.96462879126
7.74139531766 7.8182561579 6.80991027315 8.60313320978 15.7892211783 9.08973405365 2.22342827404 2.23821290806 1.75726405352 -3.29072642722 -5.94434380897 -4.10196926871 -5.15173621237 -0.0924404859897 -3.18288780294 -8.35820715322 -7.11888053386 -3.15406311885 -1.37362715883 -2.81995721714 2.86746782092 6.88329583232 1.80724102468 2.5815476348 12.1665511547 10.9127984726 12.4111544398 8.61867651371 9.71089262578 10.3202836822 7.39610479049 7.17636779634 13.1312784907 12.9460484023 4.21618239122 -1.2220425341 1.67938682331 8.386435022 11.6693034732 10.059150687 9.85925403476 5.20758211243
-0.577552209372 -1.38050792947 -0.0784326997896 3.28616893994 4.02812894304 3.72753688923 -0.537774852249 -0.781787804066 1.59007471333 -1.46153095268 -3.6691290613 -3.76656905901 -2.7506163087 0.136001525048 1.25276465183 0.893242308712 3.13768107454 -1.79605505283 -2.63455989025 3.25811147249 7.19731310706 10.3110116506 5.34459506548 5.10491376596 -1.17280166712 -10.3411253142 -8.8827669711 -6.34126171602 -1.86580783253 1.96597598473 -0.978816709812 -3.31640669157 -0.173801256093 4.35643796921 7.53159690082 4.46865906664 -1.58459510277 -2.06684016107 2.91031940148 3.16117783867 1.46170178801 0.0363640041266
5.47042399651 2.59246383084 1.25532072543 3.77486393513 4.66785218072 1.64176016037 -0.654067179838 -0.711095265284 -0.0657787314051 5.18961260158 7.44795447004 3.72571306526 3.00097023928 3.79306685774 4.94795543575 10.0014781715 13.2143016368 4.02268674639 -0.670614779829 2.77843692828 5.06113917177 4.93248382696 2.71425392606 6.36477034239 10.1447042345 13.1947872297 17.3421265023 17.680534226 12.6560087375 12.6370403715 15.0414008559 15.6533658259 13.5902942586 8.96090553998 8.27184132999 7.63564923908 4.19655408216 2.40686889303 4.71975296943 7.07277704282 4.56322476609 3.23238339117
4.83425722283 2.9853735578 3.32620887157 -1.12648717325 -5.17590517424 -6.7157955177 -6.6550653658 -6.37552269898 -5.15501142921 -5.97105324822 -5.07619324362 -5.96148724193 -6.46697977452 -7.60063867823 -7.5556391434 -2.16625285166 -4.86155154448 -12.2784463044 -14.6858668917 -13.8478541782 -16.3655669437 -16.1601362274 -9.36563660004 -9.00164833408 -11.889827814 -4.86104190365 -7.03219516521 -11.2111012475 -9.97847031145 -13.3958267461 -12.2609497488 -10.7048091447 -8.77028445991 -6.8205282637 -3.88151328917 -4.3974895599 -6.47225983594 -5.59726518464 -1.59846693901 -2.38781332583 -0.873078619408 0.806759811605
