-193.952251323 -188.14341881 -188.961921512 -191.634830184 -194.149230579 -192.380032098 -189.164339246 -165.926722184 -148.079453706 -132.349405915 -88.4240694775 -44.2268838535 -41.950378818 -60.1285367858 -70.8233655244 -78.5124570075 -82.6272419833 -80.1467675844 -67.6955738219 -88.5980630741 -119.007843615 -101.402759138 -80.8932280616 -83.4799225118 -108.998970504 -135.224538677 -142.117316887 -130.790105378 -131.141018224 -140.473523609 -138.501172668 -137.562064087 -144.049237781 -139.706016213 -140.314725091
36.3986521974 39.2220392165 39.4624506454 36.2343448338 33.4920392304 39.6140202699 42.1757933072 68.1612907126 80.6226598724 80.6753261075 69.7840349131 58.0451350936 38.7857317757 23.6954301276 28.0308460202 29.2520976886 22.4437266351 20.0788124128 47.3399814562 67.5651386052 69.5146075101 78.1659851761 81.7968503596 87.2174005491 79.5606252046 65.1823540634 44.132162356 15.0004136726 -1.03185498384 -7.46811438032 -8.49332697398 -13.6602487978 -15.9157171965 -9.69682214854 7.14977503814
3.99578265219 3.58504289033 3.72139322983 3.50609733259 5.94518400959 5.83465321379 3.79738334052 18.9005263002 18.9730270711 11.4761407378 -20.2116705131 -38.3869819269 -31.8306310358 -23.4538990781 -20.0876778262 -22.55795949 -20.460739844 -28.9338348217 -32.6423255785 -25.8647178074 -14.0315979533 -29.1202368987 -42.7590394545 -29.0400893808 -8.1318475499 1.32265744632 8.26485318946 19.0317810916 22.7365412642 23.7468476792 25.2722455088 26.1052438455 19.3724723865 11.1944714525 3.79602931757
13.9599348886 14.0732216023 12.7071273033 13.9475611358 18.8977932682 16.1357411252 15.2007912539 26.9529868187 30.2773255769 28.3044905737 50.9756977501 72.064899231 83.4513382815 86.8342680648 81.5893607065 77.1175718735 81.1699549214 85.5386285906 75.4129065648 54.1545724425 33.6435708514 23.3685678287 17.0673159865 10.1337276431 9.74682347162 22.0050002161 25.7030443002 20.7649064356 21.3115012289 19.9166354127 18.4364098759 22.2053327066 22.9912161954 22.8772222488 28.8657607532
4.65634330853 3.14408434197 1.62585167373 2.01792323061 2.0253250957 1.04554452958 2.345244624 6.22986837708 9.76165214264 6.41422492355 -0.766564790308 -16.5403961668 -29.8521388041 -39.9675696989 -44.5133570361 -42.0613457147 -39.5628938592 -26.0629466713 -14.6595927171 -1.23390632437 8.35577140761 17.3753183516 8.03430606669 -5.67997183084 -11.6256200375 -8.11717486985 -1.1665745224 -4.70798323774 -3.6782036695 -3.36252382638 -5.68882125587 -10.3995007743 -13.9642889134 -18.0830704293 -17.3502329393
12.1820798014 9.12806212027 6.48855932159 8.77835066307 6.4035278669 6.05903548687 11.3471107923 12.736847285 5.16144675043 0.0530425136613 -19.6028118124 -30.9347842801 -30.1619760027 -23.9344333998 -21.9214903944 -19.9260956572 -21.7523732327 -23.9166909091 -32.6587432255 -25.5361304129 -4.71809645537 -7.45962791975 -10.5786055849 0.852702588334 8.62728120934 5.60714372127 14.0536446168 21.2423284972 22.106181078 23.9465806426 29.9235475228 28.9937021127 28.4473254939 27.4947712719 19.8060346041
2.40284332171 0.496619955161 2.55661954056 5.52407758456 1.04551022564 -1.15477387102 3.22462544484 -1.57840281542 -14.7069146864 -21.3296559062 -12.096128557 5.02525205534 15.0269868441 20.6682555797 19.8131962067 20.6784418618 16.9537125234 15.3759704498 0.274597048844 -8.02628295843 -14.4614393152 -19.0168815011 -6.456407987 4.8529872628 7.02359359648 7.56477598815 0.0214066014965 -3.90637919799 -3.07348287312 -4.89837111823 -9.33982498308 -9.49240116917 -5.75739252286 0.248852353597 -0.110574307088
11.2448781201 11.19794788 11.074946531 11.5598157174 9.40646251277 6.21048156954 8.37623822212 4.59563801601 -1.82989852802 -8.95960310934 -5.83151840457 -3.82370829772 -4.02878839482 -8.21379186228 -15.633208975 -17.023872157 -16.4505220625 -7.62677908324 -1.81281705298 -2.0269923716 -11.5699403198 -5.48452902066 -0.313491869356 -2.16616608052 -5.24213993729 -2.28321410743 4.47205424812 9.23310183106 16.4293612374 18.2691621899 16.9078884371 18.6714396433 16.4116385996 16.6742817122 11.3283211651
5.35953916135 2.5681475756 2.47847514921 5.22214830767 4.82768765795 -0.683705023641 -2.7787978674 -2.33259522852 1.41593977181 3.02455016846 -5.02154060905 -6.12880312469 -12.0464519445 -11.4465439021 -8.87639723323 -11.7735881417 -11.5185247662 -13.7260981092 -7.93207010431 -6.30891833841 -9.65582295965 -5.67555398186 -8.41215864089 -9.15899719513 -6.36745964297 -8.00362961616 -2.83023245724 5.56013566796 6.0686183407 5.05386776154 6.85966898826 6.00047903746 2.76731548383 1.52088799416 5.75418327163
9.49265604075 11.1733240471 9.32190365844 7.21099810311 11.9620770234 11.2214403807 7.4224224174 -0.55918912903 2.21553922943 6.60152558665 -2.63667563885 -13.0079789944 -12.7608236878 -7.80472782348 -2.93846758558 -1.13849122013 1.76036043285 -8.51997166664 -11.2941892666 -3.1576658549 0.529091253323 -1.83074684563 0.660351374326 3.30175391841 4.82449207641 3.6844282767 7.88947953498 8.15090166054 5.69630289962 5.96388350396 2.569392714 1.92336956853 5.49470682359 4.30834202044 4.46521765163
-2.60018338955 1.18423826745 2.02974100732 -0.923485306284 -0.418114361849 -0.413478455938 -2.31599298398 -8.73639955648 -11.9144538659 -14.1672754323 -10.7273784369 -10.9150963946 -7.0941019921 -3.77270014838 -0.425252656653 -1.77614480108 2.82186368467 4.73109650828 -0.192545828084 -7.90302428705 -7.25906921979 -6.72382005131 -4.03936101832 -5.49743162929 -10.0319618698 -8.705363524 -3.4641059903 1.84798456327 1.97552348717 0.992691820034 2.12186253794 3.15237727274 11.2725862168 3.7407052258 -0.740868629545
-0.962914374251 5.54557091214 6.54250866396 2.76976326081 4.15008221326 5.62816323623 5.25326821229 -1.81759858622 -3.9947946538 -0.439642010883 5.61747767961 7.8600308993 4.07658972655 3.51119415511 8.84926791994 9.21721201951 5.53800206909 7.47430192431 10.1282292437 5.88100653084 -0.740179071537 3.41860919372 1.82446629334 -5.6211661182 -6.18734728603 -6.98594263193 -10.2286646516 -7.56937841949 -3.69689367429 3.63678729349 4.98520493834 4.13196641751 5.54652558044 2.8429063705 5.21140044959
-2.47396678223 -2.52593004027 -3.33463052295 -3.68180816526 -2.17911727903 -1.73933404617 0.917373514975 -5.63787823206 -6.29396551182 -3.78931470385 -4.78670582167 -8.57251964836 -10.6402295219 -9.81301861846 -3.78644054478 -2.5836179554 -3.51297387542 -6.03334262566 -0.974972363478 1.74083306852 -1.37089863947 -2.76612046308 -0.135731191811 -4.79197097113 -4.67982880094 -1.99348387471 0.308221080448 1.56298815157 -1.26600086554 3.19325249688 3.97842404445 4.94064339994 4.78460548797 5.96297796905 9.96019706623
