-184.867929883 -178.981606215 -177.499692996 -176.531507025 -171.215189977 -173.384493488 -180.100633561 -176.316578592 -173.578484018 -165.811559712 -149.404167102 -133.606909347 -84.4487676174 -53.7593596139 -59.0103051648 -68.4789498385 -68.9215396083 -71.3398780556 -97.8537014458 -92.7832985781 -76.3329873936 -84.1831593974 -95.5662211766 -75.3609382437 -69.7657470435 -102.476132602 -117.497373833 -118.376220707 -118.656461539 -120.270041462 -118.837277858 -116.525081845 -137.555778787 -158.596609406 -164.87028593 -172.936488076 -175.974340876 -175.407339998 -174.909840507 -179.913372591 -183.75935547 -183.674313325
38.2239145915 42.0800077156 41.5304353829 42.4579775813 44.5312496397 41.3420789623 41.1102472834 41.7199472542 41.552470455 54.486645909 73.060194119 75.3376606276 72.2252699406 59.6272123362 43.0609344106 36.8389173902 36.3588696539 54.1449182068 66.7228462477 82.1566404625 90.8333640922 87.2911987059 86.8179357321 66.8252822794 25.7316471639 -5.49929587392 -13.6083511764 -21.8939632398 -28.2111093777 -33.3381104202 -35.1715665564 -9.83690025826 15.4883814508 22.6300185487 36.090001195 38.7079949014 37.8393281913 38.2887840357 41.7278235163 37.1007788239 37.3829398694 37.7506417538
6.35965870267 6.51609524011 4.94678409309 6.21470330335 8.66897895759 4.24848787883 11.0996613836 11.0007633296 9.26435867998 21.3583099522 24.0431642724 13.0027128257 -9.60180452068 -16.8973198443 -14.7322669601 -15.2648047923 -20.2500541078 -18.7156180443 -10.9174163705 -14.1894143374 -23.2174547256 -18.8899301954 -6.15868900668 25.0765824805 47.5878531219 53.9220322695 50.2810638249 50.8732810288 45.9519361577 51.5910654676 52.4589907076 52.5412136588 40.4393842436 18.7686278234 9.97639636184 10.0828084831 6.80871832651 3.30928385412 9.49440624842 8.97660616196 9.74636449503 9.24975101629
19.5529617639 17.8899697153 15.5040532588 14.7863923772 17.3157735215 16.3885609633 21.6966947116 20.5528896141 17.2437517483 26.8245900263 28.720158993 25.930627702 52.2716155812 73.2244213655 74.2714839729 71.0102617031 70.9308249311 60.9152646267 41.0131092725 17.4932220061 6.350165737 4.61930088914 0.00701408205419 2.87414392404 10.8377264178 11.0948640752 -4.94967641204 -5.7764119749 -10.2851391016 -6.20217309499 -7.34468326453 -5.31532397089 5.18782529325 12.4217437653 12.6460295564 14.9004197352 13.5889024486 13.3260618177 16.6240515615 17.7256850422 15.6537204972 12.2288389514
5.14030386555 5.44580355742 4.93936561886 6.43069918626 7.98453271457 3.60028020121 6.20653104582 6.83230920547 2.00344521942 8.16677421426 12.1423269264 15.2846746672 15.2447659221 6.44635318352 -8.83481205702 -12.914104979 0.0485847576255 8.85580562235 18.0000585973 15.8265469747 9.19675896713 -3.34277352909 -14.4196541031 -26.4203287581 -16.6710588834 -1.1231567656 5.4550577504 8.20494257711 4.08529256394 8.25410741343 8.00969300849 2.71575880169 1.92302413144 -4.6819987213 -2.86283151266 1.71820946604 -0.226898584377 -0.129636553928 2.13699891168 4.01571092292 1.8878850053 4.05284132118
10.1684277162 10.7116840005 12.2388518183 14.119628139 15.6733942095 11.0701958919 11.8698093393 10.9114837177 10.3188177547 15.7086350259 12.3443239241 10.0885222762 -17.4718453476 -27.682377766 -30.3138111697 -24.7166884292 -26.6781727347 -30.2380027334 -13.276721967 -2.11927794151 1.72926742475 0.324554725302 2.8318581984 20.4298857699 27.2956312064 30.3968417971 20.6395814071 13.8094168773 14.988429618 18.2046148258 24.8235057033 16.7411220174 12.1538323304 18.9083829971 15.6262694878 12.8201864808 11.8084423599 10.3034389294 7.42711476184 7.66043148964 8.56248801566 10.1238277012
8.47176097681 4.71573505776 3.63492700798 1.82319894279 -0.0237430868726 -1.66710564266 -1.37210715442 0.962367660433 4.58803714353 4.42080491546 -3.70763283448 -10.3037450481 -15.04621374 -11.5515430235 -0.28294441121 8.01981631769 2.29692380203 -10.3891496485 -14.5381653154 -15.3959774044 -5.90833131344 6.81930567 7.75522998342 -3.13097483497 -12.4641236752 -16.6633265451 -13.425716132 -11.0351708782 -7.28982234696 -10.7619524959 -7.742195365 -12.6084293486 -13.3652837657 -7.4841202231 -2.71198414685 5.11265697773 3.97616531143 1.74156250838 0.131051806905 -0.492297349907 4.62849468376 7.04163444447
13.3492096461 11.1998434483 9.91200946448 9.00944381779 6.91990648953 7.72051027279 6.13864979696 11.0872126238 10.6837613189 12.3535053173 5.474435383 4.70851496979 8.3261476827 12.7458867384 18.7291549028 21.6635697668 22.0941879252 18.5156837476 10.9092736654 7.03202992623 13.0095924376 14.1964387346 11.1502958181 8.65910098946 11.5179865869 13.792867246 14.4481988723 15.4112233362 22.573561079 25.4713614879 27.650426049 18.5025877526 16.1302358827 23.0182022471 12.4675540887 9.50746510873 11.2795570432 12.3406213209 10.5133137974 7.96064345212 8.27642607107 11.6697410268
-4.3201778562 -0.061059031546 4.8310690925 6.38556813918 1.28124599901 4.94768518735 0.292773627728 0.170951314091 2.57633375378 2.61108843073 1.5741242649 2.74784891912 -17.2404655092 -21.7472961595 -22.297268069 -28.7098912385 -28.3090730283 -15.3400319399 -6.32214613621 -4.81659044047 -4.51681944094 -2.26321773863 -5.89612648188 -7.69489847727 -3.63317846595 -3.66162329549 -2.29265741917 -2.02650577829 -5.97825341669 -8.84817602597 -11.1652426837 -10.328674447 0.605009693074 7.72266064903 5.69085976136 7.95051072332 8.53098773346 6.023138573 6.05773079777 3.85966437203 -0.0657041762141 6.03443669037
8.03696283093 8.50184211929 9.84848733524 17.0307251361 12.6542278895 10.5158171565 8.71974072502 8.3527389713 7.14269405147 6.90608562252 6.99164053039 5.16912072536 -4.6996865228 -3.62880859362 3.53110062675 8.23356725834 6.95855930834 4.18347685117 0.127515840195 -1.42598265943 -3.94636559459 -4.18350932604 -7.651431225 -12.3375128485 -9.85929707861 -4.60913810955 6.5171694923 17.3240474379 14.1447087251 9.47169924842 10.5030283057 14.9602936022 18.2386817145 19.5204216383 14.6693702816 14.9884681829 10.931414976 8.69115680716 7.60311701478 8.90178587183 11.8452171427 12.3138737219
4.09611336873 1.69045609382 0.18762981462 7.38203425222 7.55970040754 4.32382005456 4.55950548072 2.83741258748 0.413812327102 -2.07730242206 -3.67965161196 -2.78714303368 -3.62764469418 -1.51272515401 3.22361235751 1.66369752051 -6.68379827364 -12.0732456947 -10.4432706355 -9.2905900284 -8.08763283134 -12.706766451 -20.1870421531 -5.8119477584 4.97962682313 6.88220747025 2.68512524095 4.5267124527 4.01623466448 -0.4810153804 -0.747080926459 -0.915421992523 2.26248886122 7.28916215983 7.06347488969 7.08165428733 3.33937588662 -1.17632652826 -4.77969480606 -4.27836110091 -1.52705560821 2.90055886828
11.2586575612 6.80873772124 5.55923284971 8.01182980026 6.30073308825 4.26501175903 7.30850556192 10.1092231761 9.56569454392 3.09018368463 4.41601948022 6.59288836281 0.857602260167 -7.4567976384 -12.0315182196 -10.4594777897 -7.75005293271 -8.16217013345 -5.78285270238 -1.95282956259 1.5456998349 4.01279203102 1.06587611242 -2.51158597591 -2.48505329761 0.307350750943 -1.80325439895 -4.82839686459 -4.41099536019 3.28121100178 4.47742010964 4.52923108309 4.52644535418 8.69939721563 6.37369635047 8.78369469034 11.4814461928 7.26493363331 3.12937841557 4.61138612788 7.27814398548 5.1636501167
1.89171079552 -0.00630416652528 1.33053233969 2.10215356988 -0.855499479046 -3.47847433433 -5.90199797052 -3.27454196011 1.3373522184 -2.94781249444 -6.49371150646 -9.15731003915 -3.85765610972 1.10912024655 0.0668465488911 -3.48740100602 -6.71481823852 -6.02507514739 -8.91667084455 -2.01888082438 0.75647826943 5.08450447869 4.38906047795 2.36542545272 -0.0856472410884 5.46403642267 5.57398934264 1.97330701051 3.08752006411 6.08231252492 2.54055734712 4.90985418967 1.62570876526 3.53509717938 1.57737173598 0.78729906486 5.42639830775 4.13258640473 -2.36654813396 -1.58427615126 4.24803583096 0.0016805250673
