-140.770149798 -132.898833682 -133.013614414 -133.228014976 -133.270126284 -140.793921838 -142.143960207 -139.912780508 -130.631935045 -120.393424102 -108.190321372 -98.3203545061 -75.4008921503 -67.3029779768 -71.3477776337 -71.2329792535 -75.6805417416 -72.9072780536 -70.5173748229 -81.9570982962 -97.1677270392 -96.4577604165 -91.2421239942 -102.166378229 -110.022160913 -82.5481016249 -68.2320246783 -79.6648655425 -92.3728790832 -101.224878382 -108.340804938 -109.884797723 -114.174815234 -125.076040942 -139.180609597 -143.775538837 -136.813516452 -136.134032816
36.1990738056 42.6251975016 43.0027945552 41.0375211585 40.1292216605 35.806918638 32.2858141182 32.6441108728 42.6799133307 59.6420647072 70.4826125997 75.5569707138 75.6529897948 60.4189018763 45.256211247 42.9545670628 41.9575979888 43.022426899 50.6288579931 58.1240066259 57.574801867 59.1196154816 62.026777607 61.6265602313 56.2143582259 28.9179195712 -1.78007207542 -11.9772548904 -6.17684325121 -7.11083087458 -5.13268769656 6.88868538907 20.9253652109 32.2945429485 34.2762331861 32.1663007534 38.7925456306 37.8976612461
2.43585245714 1.73108926159 2.91571489646 4.87779347502 3.95696706398 5.01407149654 5.63038675018 2.77476196357 6.5007545092 21.716498904 24.7502519452 20.8080994854 12.4006860739 4.20842713653 2.79751971058 8.62344952933 10.3603607968 7.78600549225 6.02468627854 5.98781094739 9.49692294829 12.2314423577 12.6293233022 12.4343644985 16.7682259692 32.0897090095 47.2129781406 55.5324852238 46.7155792207 36.8866208024 30.8914260596 23.9078457056 19.2189968421 9.89406592021 5.55596851759 6.8969860269 5.95878766474 4.91395668837
8.8756355838 12.2035504239 15.6041662016 15.9931999091 17.5260381493 18.3148104948 17.6225691457 17.6257623996 21.5268213912 31.9779057665 30.0618931569 27.0228152164 36.4116426155 43.2048325944 46.1146258617 49.1825725089 46.0873249335 49.411611082 47.2078617987 35.5009653002 31.0299371952 29.8600667611 29.2779965667 28.092316115 28.4886807674 35.0018867691 27.902605796 14.8193876972 5.61771573445 4.94559114246 10.2062277435 9.88923107234 11.8084745084 14.5593381216 16.1020618501 18.2564228817 15.2155624096 15.4735620237
5.91208018665 3.92375608775 1.76922842785 1.78373483994 5.56326682157 7.89625081427 6.21595951356 3.75051409181 1.48109039118 10.4753283936 11.8813117322 7.98132036868 10.5256930395 5.24333061807 1.0964136096 -1.02888781442 1.95678977688 8.75448658533 9.88962062393 6.35564395044 6.25000029831 3.59621810606 -3.49069957685 -0.87833738616 3.67881830824 -6.37290087073 -15.4992017592 -13.2944614753 1.19800132033 5.36516322401 0.929595868598 -3.80231889187 -3.87418659004 -3.26757783108 1.43027814055 2.22690297468 7.7260172197 15.4446486979
13.8190216188 11.988486287 9.03451600986 6.83061457456 9.06764125122 11.4719089407 12.4625547492 14.6762632609 11.5933405146 10.8563355426 5.8336458664 4.42016449369 0.634015222577 -9.15792486168 -7.03102993327 -6.06931704087 -4.16814284524 -2.79136339273 -3.64860577712 -0.812343945389 0.471475281729 -2.65498561845 -2.78779179509 -0.552699231709 5.8891350225 31.3504837335 38.9078646311 35.6508928909 28.7125711222 26.0594001568 22.661394311 23.5522141098 21.4831161205 17.1983746208 10.893867067 7.67118426714 12.4324334469 14.6998470142
8.23817619096 5.9052862208 1.3250606726 -1.62399724193 -1.8822794009 -0.39428528321 -0.546165996515 -1.7084255903 1.37808418198 -2.21755298652 -7.0268264951 -9.60437317034 -14.08194157 -6.98085749958 7.03329627267 5.51770499116 2.2962953733 0.5948279635 -6.40194685589 -13.5145133561 -10.473590323 -9.55734728107 -14.0958898401 -12.1009536342 -6.43087960237 -23.2461760601 -26.5993632745 -22.891716298 -19.1988982779 -19.1862361478 -15.3919395883 -12.3091251349 -11.3227417963 -1.23196851745 3.86864509608 2.19275602738 3.28676581397 5.82059712485
9.78438804678 12.2424237472 9.17090129401 6.49767371373 6.60119811892 7.85052491505 3.12080514843 3.52964236554 8.35544809951 7.60535954111 7.28689537273 2.43003318791 -4.57579346491 -2.43963502417 5.52105594947 6.32132724893 5.70942435295 14.892791339 10.9252014765 0.413615615319 3.41631491335 2.95321156408 -5.92511498898 -2.63883394649 3.50034737852 15.5609265528 24.5923539664 29.5958405957 27.111114591 27.3972424602 28.4975605429 29.8933015688 26.7146099612 22.6706020886 16.783309344 12.589075018 9.92585410114 11.3585030545
-0.625088122527 2.18910556456 4.36057725389 1.43974330026 -0.681933791807 1.52984110538 -1.71899475216 -0.670847607327 -2.97301483768 -5.65704633969 -4.32154962747 -8.00042255419 -13.7159691725 -15.1368883619 -21.2463057717 -19.0499468116 -15.793243863 -16.1727953208 -14.6475989781 -10.8839898734 -9.11600669674 -10.2695864439 -14.2704926326 -11.3603287156 -8.58655401515 -6.74751278002 -0.16425269958 -4.08939825116 -7.06529336705 -6.7974945852 -9.47395838054 -9.44781803599 -7.20626984735 0.862575283188 5.30791605454 5.34763031807 3.67122655495 -0.365114290748
1.00737992248 3.29049724271 8.52887438286 7.93901087984 5.07193219068 4.29705568093 8.29450888826 10.3798935113 5.65368858869 1.97425938024 1.89684917471 -5.88872272283 -7.31023610794 0.518623650788 5.59173142434 7.90287812522 11.6351572036 7.01693415689 -2.41993169496 -3.59981775552 -2.14266819996 -4.07381036821 -6.15573124543 -5.55845104107 -2.10985533608 -6.78742065527 -8.76563190931 -3.71604025033 11.6447565975 14.1586945909 14.6897684221 15.1324997853 9.13934617897 8.2771031756 13.0175278861 11.1994475878 13.542282085 9.49683167873
-8.28705294583 -1.84657115098 2.33261932281 1.53574527605 0.953558330343 -0.159309013684 2.33731448146 0.967394792138 0.00385762387821 -1.88496417897 -1.08937954537 -4.19540808146 -7.13381973305 -6.37397088422 -3.07614172879 -5.84856704442 -4.69877944815 -4.49064258909 -6.49647214262 -6.2952702677 -1.49938913358 3.65312317977 3.4532949601 0.444061082961 1.90286980945 10.36608287 6.52126039589 2.10303511156 4.40930242011 7.93767992665 1.91291752877 1.82094766042 4.7772238128 2.00028101236 -0.0504561998431 1.28976333999 6.77335584167 6.48953908656
0.146383677079 7.6930691927 8.78339863468 8.47012111833 6.7056005706 5.15791928335 7.63090076239 7.73887242296 6.39201856864 4.7996312133 5.75969295292 2.68137167258 5.75546651364 7.22610017228 12.5873340752 13.9527690591 12.847875871 13.327412642 12.8695882184 4.26097339172 0.657629767376 5.34475726419 10.3492688601 5.04230354421 1.57597841137 -1.18983482669 -7.42855264879 -12.2237017506 -2.18049123869 7.85287981628 4.73747188743 5.51506741125 6.39247299418 2.01766471693 5.17663963398 10.9173015134 9.05038911308 7.57420547821
2.46589969092 6.56673312625 4.32826493711 1.29493324433 1.08065792785 1.33271143448 -2.45398478076 -0.408305832424 -0.0719489679915 -1.54944685464 -2.2721258918 -3.60881068472 -6.88177376261 -10.7731587089 -13.9086043846 -13.9388066051 -12.9322401962 -11.6307815234 -6.48702887858 -9.66106004047 -14.1962294941 -9.74293828004 -8.70516989476 -9.52408129594 -8.04826562196 -2.14952681726 -3.6020580583 -3.89453538607 -0.364259225057 3.66169321629 1.30124902644 2.27416546498 6.1882937215 1.92560855736 2.3103917503 3.71655318694 -1.16570656334 -3.0879240716
