-230.238268237 -220.832984542 -217.897482607 -219.831518975 -221.155756174 -218.645858193 -219.437003088 -215.694506893 -206.636686831 -194.957023733 -187.829806572 -157.623308396 -90.9469361692 -67.2873722514 -80.3881840432 -92.7797298898 -95.540076511 -94.7730171089 -105.207718277 -130.261389941 -121.991530994 -110.976793977 -121.212166429 -140.626111293 -159.738172342 -164.543425342 -164.713092093 -164.046278592 -162.992602555 -163.173975841 -160.69593059 -167.857628212 -180.187885795 -201.103418243
35.609470394 45.4406385242 48.7783494975 44.2223664746 44.3907958948 44.1411061032 46.4679648922 55.2408313749 62.1810112379 66.3312289482 68.2933008829 77.9238493839 71.9515820111 55.6718583608 33.7463157201 21.8495403169 23.8706081574 39.4150939148 63.2661403061 85.5957236691 98.4682804275 99.4240346539 105.310301275 99.6214404198 84.7104136682 49.7791580979 22.582316541 11.8045207211 3.39725234785 -3.94127506906 -7.7474756101 -2.56045255486 6.67404760754 15.6821315964
9.7597182031 12.8995570524 12.0647409609 8.52965290553 10.9841016996 11.6044868366 13.6634709755 18.2501545756 20.3195409043 17.3715669283 17.6660069203 0.713048255336 -39.7667924504 -42.2534198329 -25.2346103665 -18.893238693 -13.688324624 -13.0784126914 -13.0306273721 -0.236552950151 1.87558251771 5.17407333205 17.7869770837 16.4085831269 22.6071803455 32.013912449 26.1272938193 22.7998839765 28.1175193899 32.1879183543 35.3769692237 38.2656565683 33.6353987242 23.9986243503
17.89911855 18.8369258783 19.0875041305 19.2343574458 19.4790391849 16.5687530495 18.4881785661 20.3027377038 27.1337150045 32.2129183665 32.5684809286 28.7134721235 56.8633049317 80.6238892425 85.066172703 79.5332164049 86.6710747465 86.8813217065 67.4799831055 34.9490325904 27.6390755026 28.5237299021 25.7468467012 23.1398634804 30.6623728683 35.5399561959 30.4265883132 30.5671274834 34.2423018083 38.0477361368 34.3336029991 35.0540149128 34.0474274984 27.6385627023
7.88578700409 6.55501930021 2.95001688469 2.75357023459 7.5604791875 5.66383351272 6.09461376717 8.61282877179 11.8527618575 14.7415984524 13.5400500336 20.2731218807 12.5192546593 4.38463696446 -5.30439388828 -14.8021344254 -12.7465770802 -9.25247686186 -3.02044853921 -3.83542875833 -6.56057002912 -8.85321397071 -14.0512838556 -15.2961107158 -7.45190064654 -4.63560295739 -6.18011596998 -14.5983345979 -23.5157816507 -25.477819353 -18.271603184 -12.9569500902 -11.2802434006 -4.96525998345
14.3309459985 11.0289982216 10.1935412737 9.68312908018 13.1879582211 11.5706520851 13.3500094405 18.6165719342 18.1511075218 17.2743052375 12.9624862198 2.91204136702 -16.6769367405 -22.5891469484 -19.3161283318 -17.5613143709 -20.4006758322 -24.1270068519 -14.9750780409 -4.54167375361 -11.5533211601 -11.1516035457 -7.80616494506 -9.86927446551 -4.27731113767 15.6931361953 26.8580206425 29.6621337332 31.7163513342 31.4400083729 32.4659493247 29.003288684 26.6010411453 28.3870280322
0.135277267041 0.617164947333 3.68590106014 3.3413971955 2.53002469539 0.803497614597 0.259071224841 5.40290339238 6.9884830795 4.90133230856 -1.4568180577 -8.67655988054 -4.30060620009 6.54201052802 18.7420851333 21.9335823258 14.5882966643 -3.03352943917 -7.60878197394 -4.3058595837 -14.7385215759 -16.2083189644 -15.6190780932 -14.6335544255 -15.1820507247 -10.5907664414 -1.8733187676 -3.13126567268 -3.89861460883 -0.303703460074 1.62217005061 -0.153921149661 -1.92336569194 5.8126643947
6.99029782987 7.93505855248 10.1454576158 8.19099655848 11.3825050677 9.05487468618 8.91387492408 11.91819793 9.54139775385 9.66785467019 8.94816159347 11.8699036733 7.21815783224 5.95405985919 11.0560219431 14.2516866509 11.4597918143 7.8575584928 5.69252770507 6.66332488744 -1.6097654189 -10.4372987509 -16.3296246926 -7.16926290569 0.0693266334152 8.40341233133 4.71045269771 4.30512158703 2.55040177397 2.55547900326 6.98219447104 3.8156098939 3.01686110189 8.27725285536
-0.504991894118 1.25006023321 -1.57097363645 -0.684746166455 6.00562380278 3.02871478605 3.52510979421 6.98624347153 -0.0273814973048 0.477329129116 0.43360916437 -5.24402080495 -4.56085800754 -3.45197085071 -6.65370641507 -15.5192233269 -16.9042951112 -10.3481929263 -8.17513291928 -8.94702906561 -13.8319354598 -11.5279985578 -8.80966555554 -8.63170234428 -9.626758374 -4.09572207698 -3.33857008246 -3.51041356673 -2.47731235841 3.78732186589 11.3262379736 9.32860558453 4.99412895406 8.39783997121
2.57828052531 6.29095706052 9.49500625203 8.64669877954 8.86227557091 7.2464315523 11.8362688887 11.5351309923 7.712932246 1.35265173908 -4.10225442053 -12.7624112324 -17.1103822322 -15.7993015672 -12.604021621 -8.30593663476 -4.46931547924 -9.22974977909 -10.6516591072 -7.56290440939 -7.46089930028 -2.35312326353 2.49997185921 4.390118647 6.34224790228 7.43247909553 8.56004666289 6.70155457021 5.13800993539 10.8954123727 12.9098483297 11.2078562501 4.87518632672 1.09027912582
2.44496571408 0.754964389902 0.190405283006 1.42532509257 0.869569187894 0.300002999855 3.85903434842 4.50786063575 -0.560556145144 -7.88572283101 -15.6336900219 -7.07283598243 -1.04121456935 0.17186235019 1.64717346202 2.90547188493 4.40509660966 0.313984477195 -0.592505407951 1.15373783906 9.05664106635 7.31310202142 5.95383629577 13.6571612014 11.256532484 7.08056543115 6.5168707571 4.93036609573 -4.20926311447 -7.60917788124 -7.52591549815 -12.2067717463 -14.7500376403 -12.5097612489
13.89226023 9.41761228186 7.77683178962 10.457680594 5.82499915705 5.95745595911 2.97002729458 3.85150410057 0.352271097006 0.0300626912329 -1.35195498486 5.68503848268 17.9998259913 22.3847498111 16.6802917874 10.4965114345 9.25462148675 5.77882291542 0.736324605704 -3.18493217873 2.26216651667 9.89327213651 7.82801407749 7.09477046161 2.68876703186 2.95672447942 14.0362794003 13.4583911195 14.668955539 21.4390534963 21.5979668251 18.0235871798 15.1609794618 6.69375531385
7.955853023 5.77162533785 3.27350456143 0.397112930699 -0.239034567511 1.1783252009 1.48092568041 -0.660911348098 -6.41211073453 -7.20746026 -8.41353621143 -17.9494307763 -34.0614922254 -34.6747482794 -37.7641812753 -38.0944441453 -37.1449190848 -30.8860124594 -20.836742357 -14.5506516496 -11.5901484921 -12.6186931864 -11.318093531 -7.61588086968 -5.44252087392 1.09479882589 1.78352554353 -3.22080683839 -3.20771782451 -1.8013795134 -2.20293361266 -2.59548318882 -0.168836351384 3.53547033824
