-319.536367071 -309.169082765 -310.404031164 -308.587202802 -309.233208563 -308.454020779 -305.475143724 -306.061005033 -306.174326699 -290.03233221 -273.960064363 -247.352778011 -228.941076408 -211.890958692 -186.823760788 -150.560031118 -138.819627415 -144.634622178 -156.198000651 -161.856889124 -143.577010743 -125.42917881 -112.647654584 -99.5900637071 -83.7926870825 -75.1115644548 -76.4005630955 -78.6969252554 -90.3718724061 -129.15933194 -181.045223904 -234.492089171 -268.974018342 -287.898679336 -302.583504133 -304.340595955 -300.341106493 -303.451273629 -306.401635689 -307.744714079 -311.817359346
27.5402138596 36.6353760308 39.0573146401 41.6262011355 39.6767517576 36.0485396526 38.0532183956 37.9570988281 38.402883405 60.0653951895 81.0125027052 94.9614681301 96.1604107711 99.4080661044 103.636000032 98.5182690431 92.9718079033 84.7621239172 71.7153004878 66.7064282269 70.6144262564 73.2585922437 78.2098446939 88.5829076569 106.602542441 112.035489977 104.955093224 99.5786708594 108.361918577 117.402452306 121.353965562 99.0231388111 73.7526193264 58.1904876892 42.4642724447 41.7393827459 46.3224372165 40.1896775625 36.7276297644 38.3197512037 43.7821246036
2.84370864018 5.13599596237 4.47253383085 10.5773643671 10.9260840233 2.44315885801 -2.94132454434 0.650176569907 5.43180982832 22.9815527183 37.1487751773 31.8038838698 20.7562046888 17.1484522379 15.2915472731 10.0535933728 9.95856168798 8.33146988787 15.3476922753 18.9818413191 15.9679102954 19.2779786899 24.116263679 27.6473364287 18.8736568174 13.7385654233 7.70562224264 -1.00248780439 -6.15058906484 -1.1041694837 11.8001372293 17.343743817 14.2210003668 13.8043709665 8.4717916518 8.70097720914 7.78045314787 3.50512267284 5.55361273004 7.16013129904 3.0561088353
19.8833004744 19.5155093201 19.2195365203 17.8552338962 17.6157903892 14.1362631125 5.69626487597 12.4212937743 18.6643893009 29.9558340721 35.2586496042 27.2598693274 23.8739448043 24.5945897659 24.02099278 23.156835007 16.8581112359 13.0125925886 22.791750805 29.7392819312 32.7688537609 45.2147627593 48.9548231787 46.4619195822 28.5217219478 11.1812025996 5.64385498166 3.23580568649 0.560502217222 -1.62864493375 -2.93316692565 -3.65284214681 1.61982928563 11.277121069 17.179112802 13.687159684 13.5307487437 15.2916346239 20.4144289876 22.5106900737 10.6174311138
3.78588731199 4.71343861269 10.0068947352 9.49239044198 5.1199685615 2.50852190521 -1.56356934247 1.84480068985 3.18353559254 12.8297248771 19.0975337228 15.4676480619 9.67864065352 8.39226017606 4.59313628273 -14.5143776461 -30.449738085 -35.9529817645 -36.0861331509 -39.6559610869 -54.4008782994 -73.0487295128 -87.3119436429 -91.1570967682 -93.0682612947 -85.348094992 -74.7704081193 -65.1896450945 -57.111475305 -48.4927144721 -35.0633276756 -22.2770077153 -15.1388503284 -6.40060126726 -2.58843398752 1.3106875881 4.81435084843 3.25317910137 1.01341626467 4.664594484 5.08961659657
8.40794775676 10.3217752581 11.3741379659 8.59962152117 11.6014573294 11.5840688717 8.42392235354 5.75679070598 10.7618420825 18.8282857336 22.1627212019 21.3328630041 20.6027913692 24.3048272299 21.1298945857 17.2592048274 16.1970701426 11.8668791999 14.3832715148 8.47597965876 -1.28655457615 -3.90019387036 -0.410388660038 -4.19687405725 -17.5572670889 -17.7905909261 -9.12536588818 -4.77100980938 -4.58473399304 -5.2019781135 -4.6001405342 0.469385764029 1.49639390791 7.72597409717 5.24532424874 7.03181309656 13.7700192151 11.7917622988 7.83504292163 4.41987561518 5.97436561084
3.36732868915 1.48524489158 3.36639028422 2.6811849133 4.20953386638 4.46341394048 1.67080985305 0.721026158871 4.49588233705 8.19961414873 3.98021801906 -2.3028287788 -1.10903640234 -3.24843626097 -3.93679696123 2.34600013179 2.26608991094 -7.27596864616 -10.4075763127 -14.2943029954 -17.281840102 -15.0435359831 -15.4050528677 -25.4188021934 -22.0654026545 -16.7995267188 -17.5028859461 -14.1514355561 -7.8673308654 -4.86623294582 0.839617745892 6.19469554668 4.68151441249 3.8457678366 2.43065671454 3.56252446341 4.28550674232 6.08211577507 3.4172290766 3.93059966496 1.28499438485
11.7911402829 8.67519173801 10.4102608811 10.6461865462 12.2376402221 11.898074499 8.811569463 5.91966458928 12.159576479 12.5632930111 5.52443717835 1.53049000379 -1.30675794444 -1.9339672086 -0.816624421799 9.43260001796 14.7203705433 12.6368193183 7.55091824333 2.77394677263 -5.27196907442 -8.0056875371 -11.9609788437 -11.0639262826 -1.45814776618 6.72274133602 10.9312927965 13.7126953954 12.1170360704 5.13222617911 2.57603629581 7.25625299207 9.95389889379 10.6259611078 11.125970041 9.21774976552 6.79937888231 13.0125901349 16.010847804 14.628730101 16.597253822
-0.488976579816 4.59736357171 4.21750353867 3.31444477088 4.34820345099 3.26344330891 0.364439164045 0.710925726355 4.19425946864 0.234058442623 -2.70780918183 -2.22214081853 -3.26376047376 -7.41364179805 -18.5230164918 -29.985680907 -29.1515639885 -21.4652525398 -22.0510222006 -22.9807805737 -21.3341933574 -14.8038208653 -7.48753804957 -2.67410015491 -0.912451151341 -5.73534931352 -13.2511106372 -13.3364701268 -10.0010589542 -8.69345259675 -5.82613746794 -2.23880243935 0.541633245498 1.26413062706 3.06163858327 3.61752090916 0.281208707112 2.55459929184 6.49762926835 5.10132533322 4.38155200326
7.3288439978 9.63942724421 8.75547946166 9.1543080763 10.8515398421 8.47297137455 6.68384669832 9.9276594264 8.49995009615 6.2946198665 5.55362659763 9.34539739324 7.1034100785 11.2588868317 7.39533667808 6.24158868809 9.93195272014 14.172531302 18.3971712244 24.6921947702 25.7770689269 25.7394182018 23.2835651064 17.8933141281 11.7827804654 16.4673276525 15.8728478651 12.806467034 10.8639955559 7.62615689635 6.16738533797 8.29491286231 7.73310898215 6.99738828266 10.5464640179 14.7285531066 7.99670130734 4.65701949743 8.2730609041 11.6169544016 11.0644597032
-1.8368682479 -0.381733929135 2.44294777539 3.75887563258 3.01843375676 1.20160614647 0.123628595275 2.54731820843 0.381396344952 1.95333182512 0.455247528622 -2.57450760156 -7.87091911068 -9.46437587889 -9.39228483891 -12.2466778653 -9.61229915208 -12.5959766004 -14.4361760332 -13.5035773041 -10.5422444673 -11.880550783 -14.4128185479 -17.2402511381 -21.259495491 -21.3244127815 -18.3460289726 -13.5649318676 -11.939553913 -7.14571596845 0.802970429315 6.84838645435 2.00538961984 -2.94264191858 -3.57580254983 0.417973992042 -1.23495925342 -3.473027598 0.508866232751 1.6206172656 -1.10750125182
2.85133333287 5.07118893844 8.11830845483 5.04469956401 1.92038405443 3.91156524611 6.8132728835 4.26212440007 0.577283521182 3.10605260985 3.40862485399 0.00920576459201 -0.904213901263 0.560842911122 1.56099954273 -5.18965796105 -8.70507364051 -11.8031968269 -9.33349933293 -3.33282315326 -0.874152568706 -6.14550776773 -5.52495421589 3.46052711433 8.55126120534 13.8671639151 17.9979277401 25.771180992 29.539329758 27.8226731285 18.6968790065 12.5174432798 11.0299103261 9.32555999276 12.703437236 11.3660030574 11.3636725779 9.58550938985 2.61460294535 1.60790818806 0.873449308243
2.94719489166 4.72348242296 2.46958051528 -1.5275632063 -4.10425418911 -1.48471079936 1.09109210866 -4.5566465108 -8.91700395404 -4.69979708017 -5.34012210839 -9.67555050936 -12.7077642481 -10.6905925138 -6.51130778238 -3.77245127989 -7.34927228464 -6.94230614264 -5.97293070538 -7.18326459833 -10.3022927381 -7.15478445639 -4.72293641879 -0.54978036435 5.84860976718 9.31311690556 7.51589101299 4.87997078148 0.835478071775 -3.06183095286 0.162624597351 4.83014452986 5.80850218712 5.3983059146 8.28138023101 7.42526576026 2.62696350367 1.5626750307 -4.36430724619 -5.55828959628 0.951385865361
