-264.32203226 -254.990216627 -255.237124132 -258.949560206 -259.180595422 -259.514260904 -261.336211509 -249.108320489 -230.75750734 -223.579649005 -207.347552398 -189.906152692 -150.931525448 -81.1346142899 -69.6146851666 -96.6938223273 -131.902188632 -151.091992356 -138.157276527 -113.938857549 -125.113406643 -117.02303792 -76.1531812033 -52.6558329687 -60.9086654171 -103.959808545 -154.525394239 -206.485947292 -230.221879646 -246.078708285 -259.472835935
37.8426523146 43.6354629845 43.871897315 44.5195966252 51.5165057329 49.566185539 45.3267070791 50.2143317631 60.8155566411 66.555454662 78.054425296 75.3225320016 75.174596857 89.8506990818 85.1977651485 80.4539026172 76.3020478023 73.0864919333 76.9130028569 88.6635925093 92.492055305 104.300252993 121.417665418 121.706275291 114.411391189 108.401373057 103.073932536 83.5876126346 67.789238703 54.0205326909 41.6203753028
4.85168936741 1.52200456043 8.19526344274 14.7204869412 14.0980608328 11.8692492169 11.650332901 6.6680794339 10.0236953188 13.5501156367 13.6488136967 3.37467945849 -7.33402832336 -18.020248741 -13.4197411111 -0.868770126443 -0.214440667793 -6.40848336472 -13.2545977759 -18.4411610291 -14.1609126653 -12.7063863482 -26.9619692837 -48.0178413067 -50.8421622551 -42.845858656 -32.2541891305 -9.53106778909 0.304264438646 1.27110514891 6.23900360431
23.3561266419 21.5206657188 21.3843268805 23.8057371953 20.5131933192 17.9206068874 22.0215888714 20.1118280115 26.3980654685 33.2702848945 32.4481287494 33.8463107337 32.6514747631 26.8769676557 19.5449351151 21.6899252842 27.1211563319 26.9251743998 25.3158866603 19.7480648935 14.0340782802 -0.0359547230319 -4.22183051251 0.120447986853 -3.34338852998 -19.6167300358 -35.7243879625 -19.8942601281 -6.15401768989 1.40244488441 11.6226834878
17.2239685903 12.9484098217 11.2260327252 8.67305431387 4.97884829489 6.50470865468 12.8393582129 9.45966417506 14.8544107948 18.9725186987 16.2418316319 11.4154409705 -7.72342842263 -39.1524041288 -46.3530363803 -41.1428623949 -33.4051418142 -32.0790337936 -37.4367861372 -45.3103556245 -44.8547061005 -53.4309038296 -68.5676846007 -67.6657022008 -65.9686553904 -57.8132770138 -39.6786557918 -24.0570564645 -13.7670170045 -5.14175480612 -2.77215044027
28.0456141276 22.9541651632 15.6122347032 14.0147059983 14.9858984277 17.0538787021 15.0539920183 16.3901337533 17.2207327045 16.0918098499 12.4608111606 10.9495337737 9.2011677595 7.01814841352 6.70986507814 4.61861448313 6.12978885568 -4.10098130537 -12.5131783485 -13.4367729827 -12.8451507439 -15.6456461973 -20.7702670267 -12.1308686614 -4.0881290933 8.07658144233 16.0970971923 11.3499518479 8.96596719623 12.6782373782 15.1070576996
13.74093482 10.6567112174 3.57393657894 4.13250466247 6.80499796866 5.29037997584 2.94188963814 7.93281259948 9.06234712789 2.31049872184 -2.8801492256 -7.62630497982 -7.22394422133 6.59795635987 11.900642362 10.8958611523 9.4943234318 10.8021288863 18.7182213002 20.8263161165 15.4541534458 12.1139645813 10.663383351 11.8315441357 16.6653682235 24.583873826 22.2642468205 17.4131234297 13.1973880394 10.2641643153 15.1861564206
15.1285192215 14.7859547305 12.6354047119 16.0530643184 19.685557819 12.9862873441 10.7005869581 14.1771701488 15.222141608 6.92665627958 8.44311553386 13.7706118164 10.3379058898 3.33227023482 1.44282248946 7.5575702276 4.66759919477 2.42314972647 6.31767599237 3.42154260681 4.22829071034 3.87275037892 -8.26422093252 -13.3856805306 -9.26836633683 -6.04730628818 5.94728763381 15.070130363 14.3231143854 14.7018640456 11.2962918958
-1.03002164452 1.06756129479 -2.06884048034 3.63698570989 10.0088143347 6.29632280809 4.19214237938 1.67579910155 -3.04797279184 -9.67229173808 -3.34669367479 -4.39687789786 -15.6577654607 -21.8243185027 -21.2582227425 -15.2456943853 -10.7584076846 -8.24865417381 -12.5564236693 -21.4445239429 -16.8738914136 -13.855644234 -21.4988737715 -19.5284316443 -5.79630491146 0.747670444396 3.16866027192 9.8976474664 8.55754154324 5.8472449284 3.51214555544
4.33843648955 9.47828760912 6.01787331881 5.91499466226 11.2272047279 14.3256771099 13.6679327803 7.2493674364 -0.475498418976 -2.65460172068 5.15153452205 -0.818213770554 -11.6910016358 -5.24759295678 4.02638301156 11.1601439179 8.45360507623 16.209592949 10.5794999523 1.03574271107 0.395865230501 5.2188928371 0.0904970029346 11.2017861066 22.9137282195 26.7375991571 24.2300733941 18.3978117893 16.3157959484 10.3782408303 7.66186784953
0.184372956181 1.84722947275 -0.254440106068 -0.24075636837 5.39248360255 9.0439270515 6.18925807168 2.30152760572 -4.15440012768 0.733046779586 2.84153515151 5.74818310017 -3.4006771623 -15.2713678622 -20.4287066345 -16.8202968445 -12.2413602987 0.577865321631 -4.49403873164 -10.6217027305 -5.31838281961 -0.681009215067 2.3224302321 16.0735280519 25.2411612466 19.0473537896 16.5558214834 11.127642135 5.69497661478 4.34082519834 7.56460286212
5.23671236493 4.4692584231 3.19676295805 8.82251754428 13.7785914047 14.7025134883 18.0585427609 13.9697282097 3.4697727243 1.3400861041 0.592411373688 2.33868641295 3.37940721701 2.96708673716 1.79601534205 -0.0291631767383 1.00312735574 -3.51293385168 -8.54399357578 -5.7092668063 0.270208795408 -0.553872831375 2.71584247316 7.57474307662 7.27972922581 0.674269700583 1.3379418123 3.61011541372 3.42450958835 8.67452527533 11.9131612512
4.4172273581 0.794136359099 -3.4665292246 2.05428760263 7.16439492664 8.91375633777 10.9707779764 6.91087635321 -2.00192104238 -11.8871134198 -11.2492026953 -17.6427251931 -22.126476942 -20.572632592 -18.5408759792 -14.2764190146 -8.76346326173 -6.52518074638 -5.36656654347 1.50981143581 4.66958924391 2.50738602271 0.338276463948 -6.90207411792 -9.65317977498 -14.2940202567 -14.296525252 -13.2035383901 -9.47569740869 -1.69331336659 3.86435084498
