-185.591760543 -180.748729694 -179.312821232 -178.353674539 -181.501883348 -180.412161506 -174.979564539 -170.992840096 -162.747098546 -154.554277131 -152.517308023 -129.113355927 -101.401243237 -101.012632569 -111.956732204 -116.575743126 -110.678723646 -107.197630746 -105.6980139 -113.867309027 -113.626189535 -103.485137025 -91.7368072476 -87.9431892638 -96.6343575133 -89.9483679187 -81.5190786137 -78.9374921111 -72.5439159256 -62.8015481618 -90.8311855074 -142.789822099 -165.875933695 -177.076387414 -175.714601294 -173.734537994 -177.83582777 -181.967716257 -177.133524884 -177.723499367 -183.183865355
46.9969813942 45.3018348078 45.2487728443 45.0637326224 42.8974986487 45.0680529447 47.6800307701 52.4949091597 64.3475812215 69.6814035922 68.6080449516 78.2835205906 89.6232406472 84.7214324778 73.501462225 71.0752224908 75.8925472193 78.820796732 82.385057723 81.9470250659 77.5662483944 89.1449701663 101.259699762 101.355286173 89.4887867557 90.0656999889 86.0986223285 84.3804528075 98.8350182401 119.449240292 110.220088766 77.0329559913 57.256360464 48.7043859911 46.3610248762 45.4476721141 44.5968405178 44.9948621131 47.5163974754 47.4831213639 44.6985462708
15.6279650473 9.95231221021 6.20492355714 7.76049196897 7.50980940995 5.7065184793 8.78187694082 11.007590822 17.2260599774 21.2279718833 13.4442232845 4.76067767423 -4.40373259166 -3.49749932766 2.31608396794 2.42525030635 2.71926905739 -1.78149983398 -7.15910074805 -5.06695069548 0.0827745983419 11.6424369192 11.3577392767 5.57201845014 0.856191836417 -0.666660624249 -10.6905694596 -13.8989350479 -9.49680472896 -3.28247464484 3.17646571201 12.4151754919 5.62727250625 3.68701238822 3.30713391554 4.24472518992 5.9190062261 9.68526664535 8.93392803035 4.82480957558 6.32861965933
23.3415860185 21.3496522007 15.1681924905 15.4144551624 19.3726798234 12.6137275119 14.9135154093 20.0862291426 27.6507714924 27.4975943912 24.3520035278 22.4885993433 19.1727625704 20.2454178 25.6977607741 29.1777198207 31.0266713842 29.6792307529 27.535725321 22.9909763193 28.777429937 24.662274448 6.26321325573 1.39132128502 5.96883517786 5.40344562884 2.69569788365 7.41592004877 2.87340523248 -3.11693180387 -3.85820515233 3.67490695831 5.78094934232 9.23232029608 14.9100703791 20.2499189865 17.7376001286 18.2867438135 20.0088893674 19.9500784999 18.8338521636
8.87921963825 9.2032278124 4.53677246933 0.172755682945 2.46899104599 1.66244467873 4.55480003796 8.66658291505 12.6165328337 8.58542684424 9.34672995613 9.46180807981 2.96466077174 -5.63890431324 -7.35241588035 -5.41494737136 -2.14812121246 -6.66227373994 -3.55360844476 7.21480359845 -2.37257191922 -24.2463396204 -40.532748632 -40.2327574849 -36.014809949 -37.636177895 -34.7889530152 -27.1419843717 -30.5163157173 -31.894494612 -21.3431583801 -9.91763592936 -3.67846361602 1.62433448999 2.19331619233 3.95739599661 4.31273354379 2.54180944821 9.76509001381 10.4259668754 10.7657722416
11.8014348898 13.0373458246 8.75796036895 12.1162971899 13.0332615587 14.3198217368 13.9209609539 12.6041284705 12.6081578174 14.8788347769 20.15848838 18.6353737381 15.7104768673 9.41190719981 6.64415630393 5.77624851272 3.93655397892 -4.17279286646 -10.3216243454 -8.53922322875 -15.3492414173 -24.4937443018 -21.5299636488 -11.8286583605 -2.0752717653 3.44084473025 9.6195948098 13.9559425106 8.80017568554 4.71006090754 4.26962169527 5.57521724558 10.2819855651 13.9601027367 14.1835142597 15.6725775231 17.3425467734 8.55127860024 10.6751283084 13.7957943437 15.7489649848
1.60334180789 0.737931514015 1.0409193319 3.27168014185 3.67375664005 6.3269687325 7.70067493956 4.43234877407 -3.39949201282 3.74086913685 7.02436809918 -2.67153069197 -2.5369908819 0.0365540667443 -0.971657032475 -3.00535281252 -3.40641498284 -0.67316261461 -0.572753619936 0.43428085902 2.89666413684 -4.26107697299 -3.8497943904 3.6278079788 12.4229860511 14.213778381 13.8066381813 13.7222568909 10.7807017661 11.1125139862 9.59351772334 3.49582216291 3.70421281786 4.30401826614 5.25248742569 4.47081742497 4.37939843026 -0.688533700019 -2.42748800755 6.34734636509 4.49602110652
9.27342835549 3.94444881515 4.05245414333 6.77126816838 8.81071097444 11.8857545859 12.3087206211 8.1356541843 0.227875640349 0.214412659207 2.76154560099 -13.2696254346 -24.260976767 -20.9324519124 -20.2887234344 -19.1702252716 -14.9447585476 -3.75778867756 5.43143457019 12.8723104827 8.1494281252 -5.19639513558 -6.53233137169 -0.134262642967 3.61063209481 -0.564505578681 -6.38919940153 -10.2423779353 -9.10598621275 -4.77506301238 1.08758947872 10.8657510862 12.3526402281 10.4354102406 11.0281157884 13.4556501954 13.6424715978 7.15491012401 7.19534691877 12.512256394 9.66797865345
-1.67769049687 -6.14070365244 -2.79389179872 1.45687909549 4.58669969328 6.41191376153 2.42598073512 -0.191595976829 -7.88922561407 -9.00259804551 -5.86216529721 -12.6292726653 -10.3975732178 -3.19126058719 -0.136885762819 -2.62484905809 -3.43842528284 -4.68935311987 -11.3548554533 -19.9874010499 -19.1575349333 -13.2540492585 -5.38784188876 -2.08930290756 1.26907862263 -3.46034983675 -4.77278752788 -2.77690380364 -3.80484747989 -7.90786408176 -4.53189873558 2.06246204221 4.68995525359 4.55091458555 4.56705115922 6.39437684546 3.24819622899 1.49937152827 5.77036738785 2.67916670335 3.67947918906
5.78281382784 3.48242457864 4.34895310022 3.86517515414 7.03287571795 9.55136763856 7.08784131642 9.93595423646 3.60572149362 1.30746495373 4.05203612328 3.26740306939 8.013312081 13.2220439304 16.5572160017 13.2222171102 13.0886904025 9.35754318998 -7.01206494848 -11.7739023625 -3.58672612179 5.31063162916 5.60165760539 1.72367756853 3.29195819044 1.10650957539 -0.883420217263 -0.193623505376 4.96787189815 5.88566642465 7.09614997905 8.04770621319 9.13136296071 8.29893026126 12.3568008017 10.3341981631 2.2107809744 2.9131240795 11.5340279793 12.7665020897 6.12345381661
-1.67452279066 -3.89292878915 -1.67914973604 -4.08545544952 -2.06471023479 2.1007089049 2.86645404437 -0.37340244337 -4.15596658031 -7.41974698313 -4.11177537223 -5.94697799567 -12.3397112446 -11.0774407659 -5.89705689036 -3.58828319274 -7.60355035187 -12.6873226387 -12.2824673212 -7.41363062678 -4.57331657886 -6.02036252474 -6.88299197271 -7.65456847641 -8.04408206646 -3.54273923216 -3.23874508456 -7.33420518034 -5.5001240465 -0.183887811768 -0.552468158749 1.35042731438 -1.91557498498 -0.238134955156 6.48151387954 4.17816915123 -1.85820543297 -3.66779073223 -1.85835307785 0.993440381079 2.56358514628
4.21137491177 4.86002961804 10.3510917653 11.3360982468 6.17016959166 5.40900014305 5.61477828476 3.87814576072 -0.291763589929 -3.59534151374 -4.12002906916 -0.800480265758 -1.61650980711 2.32481236751 4.95018765797 8.14161824665 4.21592973396 -4.69991342697 -2.05697208103 1.79277695973 0.0852854244993 2.38877406172 9.8211734441 8.61631437615 5.46664846458 12.8833689733 8.72162312867 6.10289771537 6.82642607843 6.49328407665 8.28679246531 8.5429004929 -0.143797750993 4.55093926955 9.88684080601 8.76200204369 10.1210241501 8.8712626198 7.69105853328 3.61080213389 7.04938934972
8.05369931388 5.16397113643 3.76534333504 3.53378577632 -1.75148933426 0.418654964686 -0.559249868661 -4.13801117545 -7.82054744558 -10.8026896477 -11.3054192636 -8.22859876401 -4.65630046744 -5.31159984742 -7.16965198323 -4.14679747939 -0.971151270772 -6.83427069044 -8.33416633752 -5.67536069424 -6.54649373548 -0.576658672422 3.60394526728 6.30822257568 -0.137871872733 0.053973381737 -0.335553664302 -1.66731202905 -7.94151670893 -10.2804358326 -8.20769321476 -2.45416644725 -2.47878850309 -2.26625166064 1.60532447513 0.462239222372 4.72972762273 7.8391008403 4.85858970007 -0.864634544513 4.3587790332
