-252.377057464 -246.113981761 -247.947092886 -247.192530657 -247.804776135 -245.939852912 -235.295415788 -207.698632907 -200.157312057 -204.340569908 -205.087283605 -177.923373722 -154.390436424 -155.847806684 -153.623137914 -143.972715283 -140.084285668 -136.975078476 -140.932828746 -149.972229524 -133.235577369 -98.3645632556 -56.5871928704 -37.0358331595 -36.1296077022 -55.9857165152 -78.4241946051 -109.462636133 -153.815803197 -196.842685033 -220.65274546 -235.254992179 -238.2997324 -239.952007168 -243.981402395 -247.687416142 -247.305223031 -243.035315453 -252.654519582
42.6185193094 40.9237907886 34.1069407893 35.1417714609 38.2992678674 37.4076857272 44.9415166081 64.2019216688 65.7309474372 64.9655668656 68.653118612 83.5662614766 87.8836050449 80.6084234286 82.5916240876 89.1989965139 83.9938577708 80.7666719786 83.7050353044 85.1096152523 87.0273601508 81.7327271489 89.7383863148 93.2195826266 91.352796911 76.2452224339 69.4062277134 68.6110735019 63.5996752105 57.076423582 52.7090174465 49.8179555557 47.6338122639 40.9615227719 40.2180866455 38.2755783988 37.2800032869 44.0613040406 38.6418160808
10.6531969452 10.6095332074 5.35569893332 2.41225865596 3.74918019217 2.90357800461 7.65287153565 12.4998862307 9.74874973584 8.60314059041 8.73480520543 5.58402992048 -5.48038779018 -9.80416100089 -9.1284481442 -11.6717045608 -10.0852858161 -12.6907875388 -23.0413977521 -26.414733363 -26.0441693635 -43.9636552278 -69.5224615894 -87.0167179828 -92.885858213 -86.5329953944 -79.5745019066 -64.2173826419 -42.9204423353 -20.392774185 -6.30099172853 5.27577752331 8.20908895237 8.04991349505 8.37846287708 3.1462412298 2.37680543094 6.83518701231 11.3745258786
18.6425610804 20.8581166731 19.3082502273 14.9326113275 15.0772354101 16.1015818235 24.1611709542 35.3248372623 37.6910891103 33.9739076612 27.3716155367 17.9904041608 14.463738307 14.4156224546 16.7854784127 11.1559922015 9.12657054331 8.18796633972 2.11365717104 4.13637918797 8.11701295514 5.83923717232 -7.99180071818 -15.9702682443 -16.7149425787 -13.4713999082 -10.3012191489 -9.22534553417 -12.4102761481 -3.9437203134 6.17023661256 15.1091406367 15.4122832554 14.2029640361 15.9119628788 11.9267878542 9.2632446267 9.57763513759 8.92742598639
-3.63181118493 0.00346915840428 0.496771247568 0.968105075535 2.95522370046 5.14046023379 8.79596650826 12.3354919787 12.6338266284 16.2227620353 16.1526808936 2.64228273686 -10.0123622746 -14.6565133147 -20.439880459 -26.8260146808 -26.7554109882 -22.9663929534 -20.449099101 -23.8588182641 -44.195641704 -56.2069434886 -61.4410804963 -62.7228367948 -55.2419151794 -46.6876989054 -41.1993785714 -36.9474454423 -28.3185527342 -11.5433745798 -0.300516747424 3.19686599932 3.62468218928 6.02750324643 5.95761550301 2.95829358228 2.05906781312 -1.36673749238 -6.30426204878
3.94370714855 6.37766992472 7.12310509288 9.36237740974 13.3986671051 10.3712543071 12.8977236004 6.65826660267 -0.917866018228 2.9537386043 10.0641491612 13.2602625702 6.1015041972 1.10433477875 -4.0319582808 -10.2092119502 -12.7694852465 -13.1080928155 -18.5753927853 -21.7691566775 -25.018234073 -10.70772266 -1.004289802 0.707207997256 6.43508613165 14.0220944195 17.8953901804 21.7068827577 21.9412924047 19.1359121928 17.0471005224 12.3784103238 11.1825499225 14.4771208242 13.4925336877 12.2068662918 14.0750327655 13.6059937361 9.31545394286
1.46661714686 0.517675799471 2.10220947162 0.967982973295 2.53010643273 0.430185135107 1.41554362507 -7.64230497085 -10.5690736994 -14.2948317484 -14.0319749132 -7.02388205277 -4.28505505854 -0.878950237651 0.719333795978 4.58400864948 8.56357340528 11.8805698643 7.82080860548 2.89663979531 3.87522561281 9.99926269795 14.5107260888 14.7827637138 14.4645819513 14.5318321139 17.0982356319 20.399474482 15.680269554 12.8608618407 9.1637631912 5.75751302097 4.03847138652 4.86833656187 1.36691272453 4.24079378668 5.56062456054 6.70921243013 2.20907933144
8.30914759848 8.33898699222 10.3089892892 10.0354295788 7.28045704813 8.16113961411 9.81604562114 -0.178919188587 -4.95872345171 -9.10425302397 -13.7713956252 -15.2569366228 -14.0976292318 -6.27619859969 -4.15037404037 -5.98118425107 -4.3706829727 5.50590838023 17.9104927944 15.4268232416 2.04117909736 -11.2030747006 -5.0640711726 -5.39448133029 -6.33857667391 -6.76479405146 -10.5653445548 -11.9753036092 -5.81847852702 7.28535302483 9.27217732974 8.95021113493 7.23782632798 13.4929734919 13.4518045244 14.2366769799 13.2326188816 10.8007970866 4.98228694105
-2.73859877387 -1.5398356584 1.04374579948 2.01193266892 6.11471798964 6.01671794057 1.29724038838 3.08314016947 0.685973252388 -6.30861094617 -3.99626076146 -9.43162184456 -6.76902231092 -0.0891712958689 3.89499450669 7.81178360729 3.75885537604 -1.8075182739 -1.34523368524 -6.14113172613 -11.1302273807 -4.63505149862 9.61297928537 11.5689507551 11.5717434454 9.02646763599 7.67123217265 3.75129235142 1.18926884835 3.31785158174 3.62007721928 0.831875601738 1.56546588872 4.86262113231 4.24024942334 5.53097481237 6.73064792374 0.440477912815 -6.8719919814
5.08023325367 3.35670486872 6.80326563135 10.5812433878 9.49080948514 6.62302673093 3.86688404178 3.51542614366 5.19056698999 8.23052625134 10.0725702867 4.31894037357 1.86750349244 4.21563905881 13.9724951881 18.9218654073 19.1175798495 12.9747914796 3.47657810652 1.12140179299 2.89160477676 4.34839955107 15.9963859369 19.4088996877 18.0942376434 19.3712120587 17.2043851204 13.1188578353 10.431943713 6.65199607035 10.1496946918 11.0001160496 8.49977950817 7.53191708264 3.9977036789 7.70540672954 12.4530307979 12.2170903566 8.91492112971
0.829288339872 -1.09825628904 -2.28595193719 4.07564804023 2.87955707963 -3.00826678264 -1.94644593805 -7.35146268918 -9.27876368206 -5.75625093628 -1.54994888709 -7.53489004158 -13.7358525734 -18.1880358505 -16.2808338677 -10.4152824774 -11.1037549795 -10.7933943627 -9.12972667723 -6.93072652339 -2.2182612404 3.59321053337 4.59561024202 4.29009894882 2.97945422423 4.55105047839 0.27277724493 -9.92044324221 -16.4003770182 -12.7669269933 -3.42978186845 -0.435425731832 -2.11079733472 -0.556346496931 0.773024476443 1.81018369279 2.37715946489 -0.704522533581 1.15162120134
-1.67635817884 1.81111510564 2.7649051852 8.37421336237 8.68936724514 4.91010755221 9.215040291 3.49526097647 -0.436238160914 -0.764200656682 -0.979790937831 -3.28958763796 -1.67528645165 -5.826581691 -10.3158972842 -4.18423419926 -5.48916346497 -4.2426418989 -1.29221034078 -3.66012530415 -0.176517030136 8.88821558629 5.07181390268 1.47979646001 -4.87558833995 -4.04123493053 -7.39556914905 -13.1328590815 -14.1702765572 -8.29065039378 -0.920105229191 -0.340267356662 2.79508913268 5.65914735735 6.68406461916 10.1111449115 9.51416554888 2.95107972498 -0.540851005718
-5.94510873681 -4.12082729883 -2.85783207217 0.437654732794 -2.60449345731 -6.18457252993 -4.39431999014 -3.6859420988 -2.97032670306 -4.6738137231 -10.5569173697 -10.1781283128 -11.1554461922 -8.19792966406 -6.37716651809 -6.42312648568 -8.20856893083 -2.09152707172 -3.84175257243 -1.99283803136 12.8602283886 13.2989289623 -5.1051902116 -9.86333454668 -10.9164025933 -10.5665214094 -10.3771891818 -7.93060429648 -8.13847453292 -8.25711206917 -2.15340279383 0.113988485007 -4.04310553053 -2.06683905558 0.850491010983 0.532903214055 4.91479637589 3.64847961495 -2.48677539598
