-129.833240858 -122.578119216 -120.617744829 -116.77786232 -116.62041392 -118.52727181 -121.301995615 -122.813020727 -123.197315172 -103.467075325 -88.4206184476 -87.6298258477 -83.0733987974 -72.8638984793 -64.8999377693 -69.4752656799 -65.3525589585 -48.4436156511 -37.6751504065 -36.6863548351 -29.3023570714 -11.767570811 -15.1940974468 -42.7620291274 -71.1990654964 -96.012706073 -113.051780168 -117.612355383 -116.963631478 -124.070793306 -124.9586889 -120.862738591 -122.885573617 -127.415734502
39.4698799766 47.7450267303 50.7248272534 47.967802675 46.0303343348 46.9437849256 44.6343887081 41.8027712408 45.8327028662 67.0973755946 75.3176140234 72.1899139727 80.7265617161 91.6427906632 89.3909309432 79.911357194 76.8351739227 84.7029339656 93.9194416723 97.2219321396 93.770654972 94.6273534776 91.1062686065 90.7329514127 84.2087589638 70.6845745705 58.0451224073 53.9012361549 53.5182493284 48.9530314608 45.2273766242 50.1777253006 47.8475143715 41.0812047853
7.23774501666 9.85815051644 12.6559705968 9.49802459452 9.22037562052 10.2339037067 9.05827907132 9.34052867848 15.1874653048 26.7185713662 28.840760306 24.7756139911 23.5687635352 21.9159219746 14.8155193261 10.049066192 6.43883541464 5.79936213991 10.888523763 12.1223796887 13.6466001952 6.14420046847 -0.399707121555 7.49372702801 16.2331408975 16.13481137 14.7297324411 12.8841437068 13.228382301 12.6075855523 12.6617158568 15.1595366651 15.4430617653 15.1338896945
17.3338588252 19.2014896793 19.4580284583 17.8836810686 20.5628423 19.4086480374 17.120082073 19.0385820326 27.2473885549 32.6418555667 32.8842305124 33.1569852437 28.5281952739 22.9136336814 15.7175259519 10.9087167965 19.6578908453 25.5594172513 27.670473252 23.4847879316 27.6059408135 21.8256770396 12.7273224975 3.88937167936 7.33695887693 15.4781450461 20.9549887482 17.262813108 18.5337877422 18.5831449247 18.1951770061 24.975646276 23.445592404 16.2621759674
3.85413955183 9.35233248038 10.4551297207 7.67973296836 6.61983082464 3.4441552026 4.26353240404 6.89675102723 10.8087129519 11.3524496096 10.3542837458 11.8447120223 9.05405212321 5.02185334572 -2.11658339693 -7.55109205472 -14.0491839817 -23.5394385747 -29.9128388376 -32.9715100108 -44.9199038224 -63.4528197591 -60.2404812629 -45.737758232 -23.296274395 -9.28784617127 -3.49419114072 1.91417653716 6.73716159859 5.8357716713 1.85647137898 9.27250641222 9.43083936004 11.1364229676
12.2966106405 21.4178828919 20.7807584584 16.4007396306 16.6399575762 17.3051001888 12.9429746777 11.5150704239 11.4848515018 11.3767846903 7.20322059069 9.68063093221 11.3288446096 15.3472869783 13.4123816765 5.47586164701 -4.91597492897 -10.687906816 -22.1085631104 -24.5989402584 -22.6946519402 -24.4323260186 -18.372289028 -11.6075722608 -4.81010086057 4.18267504504 7.35388676886 15.5187194044 16.1298894167 18.636227456 16.4505426704 14.3709018515 16.7008559791 17.2376368567
6.09601620423 8.38682840536 5.50593156441 1.77960091911 2.79279690884 7.78916743896 6.8961437401 6.90195401836 5.66434408979 0.314221458896 2.53803222186 -0.957246095782 -5.20383234391 3.35479701502 11.7475115816 10.6445732307 7.73399979206 15.5611228575 14.8438950082 7.13669921404 7.96168146301 13.6485491924 15.4278780303 13.1026203551 7.26437570443 8.10711249919 4.6233354886 8.61757653899 10.9383493856 8.30580881132 6.30200303722 7.19612249189 9.4206532274 16.5306502019
21.1655099113 17.6301758698 13.4534354642 11.1434393851 12.5181390719 15.7527355438 16.6888099194 11.9018008475 8.90422976607 8.46649027149 12.1821950934 8.66214581036 -0.297591756231 -2.52677832165 -0.0619775757083 4.34487424663 -3.72363166979 1.05329217436 5.5137244372 2.28209053282 -3.60786358809 -6.07476551767 -1.18083285566 2.76035116721 9.27522605679 13.2113241336 14.1595874999 13.5401729165 16.6540942963 15.4929425741 14.7000682541 16.1771767571 14.8913045455 14.7629664992
6.90151149989 7.32629458828 7.82712674828 6.27792382286 9.31845520966 11.0666702655 7.81854080468 6.35167291883 4.95204640061 -2.68775927997 -3.18451972346 -1.55848505412 -6.70660950029 -13.5696664873 -15.061531973 -9.44082390162 -7.56665092874 -8.53260473071 -8.46190436852 -3.56162189706 1.9029812131 -1.09184535576 -4.48572120422 -5.56098357203 -0.877248427497 5.1591404615 9.66796220796 6.76000619368 5.95822167326 5.40782156932 4.26364100089 8.01653649182 4.46134689862 -0.0294557792668
6.79687412064 6.8496960776 12.3104570986 11.3156894646 10.923347305 11.2558486216 12.2619989873 12.4551379898 12.6080295062 7.64049411109 8.61585722066 12.8336547402 8.64842335435 6.97245246497 6.03545341089 8.39444296221 15.0373297652 17.8348954254 20.2339673233 21.0696715896 13.1200565383 1.37705194211 -0.175857187857 3.32603063364 4.42174301117 10.9928793956 13.7635565806 9.01777622628 7.43024734704 9.2109110017 7.33581976912 11.7343163445 10.5562971628 2.42994257742
-3.20970967675 -6.18169096059 -0.558663430904 5.7494675335 4.60095487738 0.74994874472 4.27186756748 6.75417726741 3.22400276943 1.78381082736 2.98607103253 6.8167311864 4.95751429185 1.5587184808 -1.81840347105 -1.20032991321 3.05477650808 3.04133705169 0.00928928607314 -3.44709640655 -10.0824839107 -8.38500141581 -2.56405723472 0.562995731997 -1.43439500063 3.71337984835 4.90768354364 -1.11434889772 -1.61795142642 2.50956067199 -0.558878658856 3.45756943099 7.07898925641 4.43748783961
4.01277100611 1.41320672531 0.394681321258 8.2012602615 12.8229401105 8.53423709378 12.0849570894 14.4524819953 9.10794561638 3.01424259567 1.26980981586 6.19522032822 6.60170327453 6.60979639854 6.5356314396 5.83186503485 8.30482063678 -1.24457378195 -11.1012362661 -11.0204115433 1.4133048966 14.4090716667 22.747077665 24.1755580299 16.3771812531 10.9928926619 4.94921345864 1.82665385027 2.26646858886 4.86151186868 5.22220456552 5.56181469284 10.6005892578 9.25486084668
-0.672346400765 -2.33027251266 -0.740615736491 4.5782290482 5.16506934149 0.321785111478 3.20812727292 7.76331049193 5.96442978107 1.94287730494 -1.79496702704 -5.58657999977 -3.96397873487 -0.047546612363 -1.77001300587 -3.55705980636 -1.82335214886 3.16701810996 1.04300804314 -1.63435844447 3.38471936429 6.57419386332 11.4779163343 15.0756904919 9.24748251593 5.06167594845 -0.272209250742 0.819002042637 -1.05793512671 -0.495317464448 3.32308900226 1.9393905916 0.976849565433 -0.741777232184
