-247.870533956 -243.724027958 -245.106233796 -247.227470064 -243.347464743 -242.256517405 -240.576676819 -239.97489905 -243.489500828 -236.283232374 -217.450598424 -206.641210958 -182.447237562 -143.901131255 -126.748097544 -133.322332118 -147.249737531 -159.48240947 -158.132843041 -143.337185853 -131.858886976 -128.031278056 -116.320365354 -99.6756273921 -104.605350036 -111.043219252 -116.458992145 -124.491666666 -136.256867105 -167.884987287 -205.35289493 -226.184354901 -232.688032069 -239.44293379 -245.037788266 -244.015604803 -243.994596877 -248.428125383 -250.896807888 -247.944425625
40.8728145926 43.351093482 42.1042279083 38.2949445545 44.0392160063 42.0639218138 39.9104993458 41.2763926431 42.1684319819 54.9455942684 71.5136762449 76.767697663 92.0127360582 98.5780072233 94.5601994593 88.0511372229 80.9027577798 74.9526225424 71.4459551011 77.7102134054 85.434087191 89.8229321135 108.293683345 115.486749624 98.0560067137 91.4063540054 94.9895235495 96.6589956785 101.623908268 92.9814564714 75.2952485964 60.4952652254 53.2724549418 49.1048569911 41.7450728229 41.7290370232 41.3863609736 36.4117656313 37.1713837944 37.1432754788
-2.29439912454 1.22540380263 4.26386972864 1.94412371026 4.35841013854 6.02262837912 1.81701096786 3.83745435359 9.42948761838 23.1185566041 27.9385293505 22.6712869049 18.8107639252 13.024385279 4.63334277683 -0.337868189189 0.789931716122 5.91503226144 -1.05975928095 -8.9611970171 -11.0880459997 -11.211303796 -5.37171367038 -9.15354146338 -18.8115234068 -30.881826956 -34.3986951144 -27.4718157481 -23.0064891651 -10.0335687659 4.38663254684 4.92895927115 5.37560993842 6.6471724471 6.87615129356 8.64516111385 6.23051317401 4.04402068343 6.83023988546 10.4398726061
3.33863425402 6.06885665753 11.0752024156 12.7080582743 10.5797118083 11.2667191877 10.6498546884 14.4694462786 20.0811289576 27.6130255107 31.2539669692 30.095592906 24.5818143815 22.082487027 15.4945852916 16.3370407775 24.1842782778 31.9607639108 35.6466511015 32.6413669207 30.5751243115 22.9088996432 9.41545342086 1.66163079998 0.591208918105 -1.40796015655 -8.1537026082 -9.76702715696 -14.5119093196 -9.17232777135 2.98369438332 6.68597209017 11.7973478454 12.7480925386 15.165706936 17.0997247497 17.3700883569 19.1409957525 21.1156214238 15.1894435398
-2.26315081656 0.155039083376 4.2596728238 6.51052905289 5.04034066594 1.05349377531 -2.84056654228 4.54610308488 6.23597075595 5.63251255233 5.41836234863 11.1435254544 7.1602020503 -8.62738100493 -22.2656381559 -32.7095890481 -31.4326012336 -30.9803167476 -32.0604053997 -33.936976725 -36.3170953569 -46.5123054169 -63.2974523853 -73.3114574139 -65.36770391 -48.3939207319 -40.5185588811 -36.8715661881 -31.060565074 -16.4466953252 -4.71624019082 0.144408327023 6.17513275644 2.55226342416 1.23314297332 4.68641571077 5.89349277816 1.94107027032 3.67681722644 4.47850112383
5.98050266122 9.48943366415 12.3583686075 13.1223908412 11.7453648262 8.36554178215 6.98339826152 13.1926401342 13.4532353222 13.2158717258 8.14498763225 6.32116361869 5.07793340018 11.029211883 6.662213069 -2.38564550825 -4.89051575423 -3.74586989861 -10.0676294166 -19.9542248801 -23.481912388 -29.3025497146 -29.048221577 -22.2932555863 -14.5337831202 -5.80736077095 -0.943932973504 -1.08771944753 -1.9880549903 7.39884405669 12.3007283502 13.6835104523 9.90701357161 9.83847807733 7.09791802515 12.5297476799 12.9934407065 5.30346920608 8.78420498967 11.1810843734
6.35700477573 5.63714041064 3.64675611989 8.87279863449 6.50577020759 3.97388981423 2.50207050379 4.86720585817 4.59860621856 3.24141335747 -3.47448153122 -7.3355086406 -8.90247489691 -0.0860775128274 3.68800425386 2.00112166345 -5.60024731042 -3.74193381366 -10.3683255768 -5.79851997343 5.29972520935 7.6149232276 6.09321839345 11.1678795821 16.158585393 16.335866754 15.7433211723 8.09069615864 2.80687280798 3.96973241254 3.69346065361 4.64753158055 3.00847472628 0.931586069383 -0.830684809411 2.94627871703 2.96152303253 -0.838453696832 -0.0424841840645 5.84252390351
14.1139727583 11.7346047123 7.62576869226 15.3494704853 17.4488597366 15.3177546618 10.5519844251 12.1398437141 9.62055135499 4.31238601907 2.71954974524 -1.33705974489 -13.7321136065 -19.2377317945 -16.0324782234 -11.7841731327 -12.0361353302 -10.2687395819 -8.41042596515 5.1803411194 13.3318753688 10.0415339118 1.22277152857 1.06900089455 10.5417118188 12.1012452063 14.6166429626 15.7834851988 11.2226542586 6.18317626153 7.55656428891 12.5019683091 9.24780594358 8.49546599778 11.6562706319 13.0094595698 11.3603220022 11.0608475463 5.67618366806 6.22828656869
0.85660103709 3.72568576869 7.14342724326 8.66513301134 8.1199902485 5.00926157565 4.23637164774 7.18417650955 3.20868740674 -5.74436344116 -6.67386509546 -8.39014125124 -23.8148347706 -26.0660823281 -18.6328258436 -6.43002793111 1.00027482912 3.41234744969 -2.09387045327 0.472847183503 -0.363491974461 -7.03013714087 -8.49895823293 -11.2647415819 -11.9485658227 -15.7547381662 -16.6270817323 -9.02220319459 -8.68518178648 -5.59268826399 0.480496511896 7.21263313402 2.38255674918 0.621190160354 3.24221303104 3.6857786935 6.69806633886 6.99300490676 0.159373647494 0.491257618672
3.85195260466 7.22732511841 10.1000499638 8.12815470885 11.1454190128 9.10675090795 10.9829113452 14.3685554486 11.6283956545 5.08413703802 -2.03176064559 -5.35483707113 -13.4174435369 -10.6332305284 -9.0205863074 -13.7814605468 -10.4616770258 -9.92509769572 -6.20850104383 -7.23964968008 -13.5557331802 -15.7086233931 -8.90098002237 -4.36449994082 -4.54386568318 -4.46556199863 -8.32814118207 0.165555771025 6.6877743476 11.4967017215 10.7520854428 9.98431305011 11.5550579153 7.25900012967 7.17987804151 10.1366865686 10.5689215432 11.3499480837 10.841015573 4.66611520363
1.76921427448 1.32375520401 1.93781736759 -0.253516240802 3.39947533648 6.15582971815 5.35498574255 5.88644719592 1.7820995116 -0.546989498371 -6.13291552377 -4.96732229054 1.16216263612 4.09151750787 -1.55570640965 -11.818732775 -8.19271606014 -4.15237086459 0.778398649934 4.60557455628 1.11333784114 -0.207364732092 1.2351160641 3.68532043721 6.5963263113 16.6139438821 24.454432116 26.1369704968 19.0396595064 14.0379494985 13.4610878083 7.50075654545 4.45164602863 -3.35108993421 -5.3721982874 2.33929242541 3.07411270285 3.67225334857 2.50224608756 -0.834913791022
8.2954009514 4.87362256827 7.35681353409 8.12246978115 9.41851950426 11.1083084902 10.3942650089 14.9254369736 8.58042537785 2.93504326897 1.33053982835 5.37988705092 12.0747910163 21.878803935 22.4207147017 16.2242790319 14.5487796715 15.6399611649 19.1354889811 11.0709246772 4.18718684607 6.63177027095 17.9401897994 23.1533713933 19.503574709 12.346401389 9.142842883 9.87191641794 7.5062224169 6.29646041807 11.5155101382 10.1871525144 6.66474234932 3.53214730937 0.0320721001203 6.91224876843 6.65483197175 4.52933426493 5.50587646429 5.16530851537
2.88867646776 -0.825131470487 -2.26454954367 2.71230682855 3.79031731085 4.11608423448 1.3518477289 6.09713002797 3.49362403067 -5.25235745397 -7.74832017242 -8.24079826387 -4.2793123813 -2.01176588522 -0.39624698401 2.56919859049 -7.14474205727 -8.99097924229 -2.92691214385 -9.73230195033 -13.5865769941 -15.6296727824 2.64469197794 17.3884293726 9.19521450623 -6.53659239313 -11.9442407298 -13.2717836076 -13.1957881465 -9.65561396274 -5.33424249208 -0.522076899789 -0.375967516998 1.07640059228 -1.03091354309 -1.51018604054 -1.29773081869 -0.529437285885 -2.60859330694 0.715713847789
