-244.328128448 -238.818949675 -241.592889314 -238.953357604 -238.089284376 -241.473749136 -243.465266565 -240.510466593 -237.808723623 -238.996963005 -198.509181641 -155.86902034 -125.299607948 -82.9114318243 -64.1251950731 -81.4841556176 -107.571431477 -127.306454584 -122.659428405 -113.315973329 -114.753718429 -99.3567865719 -86.229589314 -74.3988948024 -62.7771785087 -53.5937449411 -51.1320191233 -79.6231246991 -137.056985127 -180.63207898 -202.381738742 -220.368906606 -230.167025697 -233.893707928 -239.463543992 -240.917526727 -236.374065163 -234.198930087 -240.125868123
35.4678468896 40.9458394296 39.2597086828 40.1085285835 41.1536354369 40.0102676421 38.0160090318 37.6322721494 40.725203774 41.6953363834 75.1622844318 91.7531061531 94.909439791 84.9382863487 77.1311027152 69.6074861116 66.3339631119 67.5989187942 78.5749653354 88.1641481235 88.6950354465 95.6122215747 89.3876918588 79.2440862442 80.5484347925 92.2211635699 110.520667413 110.468847919 100.930942428 87.2592690258 72.1319313912 56.2449564783 46.2784783026 43.1310250485 40.1368364465 39.3580267451 41.6419229747 41.3568014649 39.2035037486
-4.42537230139 -1.31018338413 2.3355232195 1.00250045697 3.4806295567 7.07973031627 5.84399681825 4.91073298577 8.08360255923 4.47097376607 18.8068768124 9.08547771263 -3.71484782556 -3.125635306 -3.94527605282 -5.59594600461 7.51405799526 9.85504059034 1.25538899151 -6.20573858694 -7.74341769027 -10.0537767877 -25.5717091841 -45.3748153866 -60.5426065934 -59.7149125325 -48.6913461858 -38.3816686034 -18.127077033 -6.11638499551 -0.869454764039 4.81107946629 6.8373973766 9.49897767411 10.3347038768 6.88614984976 4.32528523404 4.34919600951 9.49178827472
17.7533755385 14.4440171395 14.4536639696 12.6154399169 14.835850519 17.015177799 18.3709755376 18.0489143301 16.1299327378 14.8532902877 25.4130708323 30.6946018419 34.0362181597 35.5618258869 27.2273075523 19.7582880037 20.9262663885 19.741313715 12.5145320076 13.1772862678 18.4047827502 9.13120878385 6.1290586745 5.27909745105 -1.49581288026 -15.3390402152 -30.8857794325 -30.3872674146 -26.6859796044 -18.2155977474 -5.27855888395 7.82054937723 9.52390779323 12.738790923 17.1356751409 15.8087019532 13.4922443157 17.108255871 13.4796456012
8.44371438928 6.80717718316 5.72086883235 2.70422344299 3.28755403362 0.327287721262 1.64867529434 1.51148202524 -1.34884828508 2.07933271997 7.50498522134 9.23368062029 6.55593535248 -11.2244184769 -22.6385134742 -20.1217708441 -15.4619540575 -13.1931941117 -21.1382149952 -26.3015904663 -31.4867209459 -50.4106924035 -54.7185705548 -38.5769333695 -24.0939586604 -23.9509133157 -38.4511363525 -39.3805893364 -32.8588335632 -19.8149508042 -9.40712537069 -2.40935742177 -1.70686252594 3.80945588528 7.54277174679 8.6411935764 3.98459722173 3.82968755994 5.82116427852
6.96641528289 7.32185667544 7.11267774646 5.46159203548 5.31352851592 9.29818542096 10.3813843553 7.46133308153 6.4914761075 9.04732170607 7.91648781001 7.46477663394 14.2777830577 10.3479432363 3.0406281525 -1.60677922144 -6.39935646369 -10.4896757543 -15.7735297581 -13.739281781 -8.36424614177 -0.067426603698 9.81534092415 12.4946386214 15.4201164181 16.9397272162 10.1708173379 8.69000455661 7.47322866034 17.8417074751 18.3219645843 14.4097557674 13.1003636439 15.4908116942 17.3108406798 16.7900863312 10.9087871406 9.73518858124 13.4709692913
-1.679770691 -2.90308762573 -1.5203745556 -0.478843961535 1.00550889335 5.62606140867 4.76430992178 0.753700209758 1.74588263395 4.03433027096 -12.943420266 -31.5648561442 -33.9547649912 -24.6026603127 -6.79377581735 11.0516215912 16.1426001455 14.0174882301 9.64976537154 10.9482306073 15.3211746022 24.0213147988 23.3311580257 18.9173167378 15.3234366843 16.2071799023 9.62931455583 10.8109675239 15.043383912 23.0472105792 17.9209568904 7.56559978067 5.29844023019 5.53645320249 5.74379523635 7.43986490858 6.37067285462 5.98417696846 7.72095972611
12.5718675249 11.1215711757 12.4742604964 8.38409033568 6.73226252416 8.25396852424 10.6647653502 12.5570855166 10.5234833117 8.10267325204 -9.07018952965 -18.9796004168 -29.7780383733 -33.1561153641 -26.3517494557 -17.8424781691 -6.25829613283 2.62901106526 2.10178801869 -1.37902593547 -0.588796766149 3.02201544098 -1.83735641105 -4.38772114976 -1.70849544443 4.79235118656 3.35574385011 2.3032254413 11.1606822679 15.1923204727 18.3437573353 17.3268506199 15.097742107 12.5395603598 11.944015583 12.8127014141 13.3864338478 13.28131918 13.1407983746
9.18771872629 8.22459762237 4.88826973111 2.0783790298 0.0132004506239 2.46700395016 2.91018776035 3.73568435876 3.0730102694 1.40949103739 -3.2698793176 1.62834713434 0.591306056367 -8.35798689102 -11.5868060889 -4.616153681 3.18253593491 4.55911492275 1.78709557939 -1.94523328992 0.279273804167 1.98090298504 1.02804980451 3.0232680661 4.36287451199 2.84138559346 7.34520886144 5.09839974902 2.79187541757 3.29973734545 9.24350945902 8.62152568165 4.70431733104 0.637050680998 1.53162234228 1.73088016228 3.77080715161 2.31964940558 6.2468891781
15.3560220181 12.24162649 6.37945442467 2.43229775171 2.71279104343 8.73439602841 9.84126576165 6.8623071794 7.41011889604 5.06657722458 -0.190360687707 -6.4825750462 -3.78604247837 -5.65754100978 -7.90390224538 -3.26235379145 -2.65695108186 -6.41547078457 -8.65318314592 -11.3325936208 -8.29426455346 -7.75569621903 -7.2017153307 -0.456594492477 2.284446499 0.0116224116769 4.32943795619 7.04175675208 11.3455409296 14.6726652143 18.3856442849 13.0838905345 5.89043437154 3.61295955233 4.79483783823 5.97678774445 7.94359069545 5.50276307483 7.2375354382
-0.441244925329 1.12667017695 -2.40450322685 -4.98377862454 -5.47735494005 -3.38807311039 0.722039465878 1.07815709625 -0.0951594269921 0.364592782001 -5.79716955748 -3.83984206524 2.83670390927 -14.5337410742 -27.0996151864 -28.6128333986 -23.6518073151 -11.6351690667 -0.468634346332 0.457611282038 -7.74708943377 -13.7093208819 -7.47857816438 5.5382084792 13.140775091 12.7077063617 12.330390256 12.5655675211 9.21939482664 7.22136066817 9.10701420779 5.06562136816 -1.70296846964 -1.90793158011 -3.76058213853 -4.73282848416 -1.01973364547 -0.985984433081 4.95442302658
-3.22993315876 2.20078062583 6.55207286938 6.77942139614 5.07262201063 0.913258998444 5.7032211989 5.14670197315 5.78970397007 8.52578043412 -1.87812876497 -9.92335300619 -0.461902681122 12.675079207 12.8761779932 8.15097625253 3.13738602434 -0.966116302903 -6.51582544486 -12.0918699457 -12.4743756882 -0.40311280247 6.16714490317 6.70907436742 3.9858740804 -0.452889952605 -3.68920546405 -4.48081546021 -0.388772674598 4.9495448544 4.04186288204 4.47815196405 6.21720140421 7.32509281505 3.45323044054 3.82588694799 7.36477901019 7.62805061782 7.28783849514
-7.43172148352 -3.10361629542 0.363339620395 3.65285671596 1.89319314753 -5.27655938968 -2.06209116118 -3.16213047721 -1.4181299672 0.0790504056291 -9.07276297392 -13.7428052304 -17.8954458598 -15.3986198652 -11.7498631072 -14.4350386294 -18.0617899545 -16.6862073449 -9.66175905974 -4.5730975647 -0.254617143507 9.07891622183 9.01404962503 -1.49109959749 -5.61208069931 -6.26518346545 -12.4101931631 -11.1566791572 -7.18616087014 -6.91217984788 -2.88404357993 -3.13591174497 -2.13082525878 -1.62621810798 -1.46940078148 3.26778468691 7.98143934667 8.29322147237 -1.22707873005
