-241.258228482 -240.611207646 -245.152948684 -242.096960912 -237.36566573 -237.666469865 -241.994699179 -244.894134637 -240.2550048 -226.519490721 -219.215871022 -217.58774903 -212.372668902 -192.439540703 -146.439778839 -129.299855269 -147.040340106 -172.343607773 -191.805278516 -199.908955034 -185.470510143 -173.324754008 -171.162016533 -156.850272899 -129.290294843 -111.552557245 -104.995493031 -104.708900836 -108.465132888 -129.762976465 -157.999388402 -189.551798895 -216.490446814 -227.719434232 -235.055865835 -237.395286382 -237.885289848 -241.976649442 -239.597681973 -240.671100589 -244.705196678
38.7534259092 39.3733702264 34.6383346227 41.7574337645 44.87285528 40.2432099352 37.8289870233 36.2988400919 41.9196622306 60.1850154894 63.0299716049 56.5996440976 53.4094152995 56.4733998459 66.9687028663 73.3992905037 76.6198665486 76.1116870463 77.4775327894 77.7792431931 79.6880489438 85.0811015425 81.739318977 82.9400012623 92.3904591842 85.7149389481 78.8253812912 73.4563503835 78.5712250504 87.4803225798 81.9154174451 68.9280995824 60.9323705801 58.6523522902 49.4193840636 44.175410188 40.5895247071 37.6337025995 41.8503610452 41.9092168878 38.8336506244
5.59328055755 6.26459258255 7.83810564683 11.1428492232 9.05491438618 5.9245792051 3.17972129363 2.10059919359 11.6799870618 21.728570681 20.7740974788 15.711169422 14.6796566953 6.95449092001 -7.04387763193 -19.0058802328 -13.5438227845 -0.0254141351396 12.5915999323 21.7328132467 15.0014768693 4.03207586619 -2.36155594307 -4.91180899551 -21.2248204686 -41.2544321329 -54.1106196674 -59.4792808832 -57.5132483244 -42.9482566284 -25.5775480628 -15.8697368353 -2.59594379198 8.43320730445 8.68377988673 7.73317563795 3.78302848219 2.25020104317 4.61676109376 5.42956683276 5.68239895748
8.92985026067 9.71252947603 18.088608232 18.9892489384 16.4416155939 12.9508384521 10.4330173725 14.266346989 21.3083025896 25.921846648 31.0094789783 32.6085874772 30.1258960493 25.8181574747 18.4606003051 0.855907406261 -1.75702712201 9.14540998494 14.4691790361 18.3113000996 18.4364151338 16.2814403627 21.4576220496 20.8366521656 4.6989470215 -4.56914253776 -4.40346492241 -10.0656146981 -18.5686091607 -18.3055178817 -11.4503211463 -10.4945773543 -0.519634865149 12.2396487772 16.6717171362 14.3284264467 13.6181160406 13.6273317516 15.6722605355 14.3492547854 9.88754122182
-3.45975384228 -1.31968471302 2.66939422729 0.0790815213644 2.47181215538 6.58369521838 -0.262635821928 3.69007220507 5.80946772543 9.64420146356 17.2336666498 24.6230218807 23.802070015 13.6455432013 -1.503862746 -17.2943052531 -26.1681598102 -21.0810475195 -11.7471438899 -11.0492967137 -9.77188819152 -5.48475924726 -3.88306499481 -23.5219345526 -42.3603347379 -38.623605474 -30.5199446872 -26.5309884906 -21.6327446344 -17.7612412487 -11.3295686732 -5.52979192701 -0.547946159833 -0.163386364563 5.02617919339 5.11104911075 1.91716528688 3.5191883129 3.14391823006 5.43440783327 5.26549625091
7.06715645874 10.5378690446 12.0538660345 9.00435050714 15.0038811057 14.0267802828 8.14111800205 11.0303098068 12.8244707921 12.0593692883 13.903332428 14.1722771928 12.5045820719 12.4850069976 20.2151647209 18.6297594237 4.3936547263 -6.37007506413 -2.6120521439 4.85136617312 -1.22571014326 -10.2433058671 -6.40124360339 -8.45471301948 -8.09638884012 -0.567790791752 5.21049474511 9.98026782903 20.8827327574 19.9336791535 19.9031356184 24.3823756708 19.6193823481 10.5920497863 9.00985573346 10.8165445577 13.0297274535 11.7135665627 11.2552562191 13.3914215675 8.2238801252
-2.38271740531 -0.188168111577 1.24111293611 2.08496926356 0.710837415384 0.0708850885819 5.05938600479 5.66555693421 5.11479129277 2.82878019005 -2.91285572424 -6.78219680668 -9.9558693985 -10.9710637764 1.58488337919 16.0947836298 18.7490553065 0.734688486296 -9.31882239795 -8.22219274277 -5.07772637132 -7.23699088427 2.02627363128 12.9811337311 28.8204355188 34.4910403932 30.6279834283 30.7411905077 32.7035893968 29.655041097 27.1140318358 20.3541770831 9.99386708507 5.80800611994 4.51414247102 4.54594887666 6.06541860812 4.68205962953 5.01093212774 5.08044551096 1.919539478
6.63049023589 5.75513214879 7.55332943535 9.11067531847 12.296650077 9.02616988515 9.77494902254 13.7377261593 14.0093633454 11.1851320473 0.600571079983 -2.24199168127 3.80367525122 2.16488206286 -13.1182362758 -12.2541574125 -0.968996307614 2.31520103087 -3.6402341893 -8.72606904552 -5.04880921604 3.17975825752 10.122243038 7.22696244537 5.63542401505 10.0076622174 11.7730396733 11.1374993859 5.8329104366 5.10106435738 15.842900262 11.548266077 7.6258261306 10.211852486 15.0583468397 14.5523966225 18.7013630238 14.9201003548 13.1651952492 12.7609392495 5.98771219632
0.0754241893111 -1.42874434485 -0.442635049945 0.482769025309 5.00803101687 3.77202083916 -0.779368888607 3.78795566139 1.85107367745 -0.72295562837 -5.86676182499 -13.9069811269 -17.0654555359 -21.2463797258 -30.5596288038 -25.6828281266 -8.15309995336 0.877295058439 -8.08996589977 -6.25110250953 0.00497623207319 2.34169830334 -2.27113086018 -10.1816539775 -18.7364665945 -22.8937412174 -21.3250084452 -12.7745927643 -11.6187150359 -10.6495079043 -3.74018294083 -0.199342264746 0.455149485987 2.17678099264 3.08867158228 3.83879805307 8.05784317081 3.39686147221 5.62845724718 7.19934558708 -1.62670856874
6.88945094501 6.39147333001 10.2795073333 12.2151565371 10.3895118787 10.6215648097 9.12971791559 3.68799130317 2.17030501098 3.67008783437 2.39523658713 3.38313942462 6.11349502883 4.82570124845 10.0172040856 12.2358354739 13.1795508821 14.0740015314 4.45556821328 1.04017395635 8.91020666708 7.07231304912 7.61814480342 16.1589294587 14.9214158792 19.5183142219 22.107801819 20.110347205 16.9693937468 17.0587387995 9.44997107884 13.0275092669 11.9965207638 11.6003330352 9.24611944256 5.29578216319 6.04442085165 5.42549332085 8.17778204526 10.7692904903 9.11704305882
5.25351220266 4.1412659278 3.94816769704 4.40153182066 -0.121401404205 -2.52585824599 1.88668583233 -2.20419703344 -4.77021811188 -6.08413421227 -8.36377716118 -6.0636442765 -0.765121677217 3.95978236879 -0.824866460658 -15.4201393693 -19.7933447401 -12.1894560553 -7.81815337928 -11.5375161303 -9.89092814964 -9.52768311246 -10.4173779534 -8.37448680817 -7.61197051431 0.147374596219 0.914654464016 -1.24826834604 -7.23406197924 -2.76932753837 -3.40045442466 1.92077248286 4.96038387151 5.16739539569 2.87560717299 -1.16514530935 -0.0973677242112 1.55673989399 3.0590217256 4.97680120968 3.65116338892
8.88611481846 10.286157882 5.40488079833 4.2381588425 6.15075590292 6.78635870593 4.29242806931 1.4958103708 0.826558741775 -2.29626056214 -6.4060149802 -5.90938062257 -5.79494998208 0.526504465484 5.68692225959 6.83621619878 7.06449449948 9.12238618601 5.42430396416 0.377228369898 -1.59091996629 -0.814308324219 -3.21504218106 -3.67110158978 7.0647445181 7.97112585596 6.32045600002 2.03991719272 -4.61208013971 -6.40793634389 -3.12707396731 -0.499544764337 4.4527309246 7.7608455115 5.48330319668 4.56315829259 7.138367328 6.40205511023 5.29530568859 5.63859586481 3.93303906349
4.85276089611 3.91272269333 -0.0593898889645 -0.932621263533 -0.477320166397 0.678336817448 0.0984348456208 -1.19057900556 -6.06044035567 -4.28136820149 -1.57003877021 -4.17283460477 -7.11835156481 -9.9016182556 -5.33653607585 0.714331017011 0.81621419948 2.94848648924 3.13925352762 0.956076360294 -5.71669281776 -5.97938526908 -1.46495548744 10.9671817676 19.3596573236 12.1844297172 2.72461116853 -6.47842237034 -7.6188097599 -7.15512190407 -4.81381050973 -6.51891761303 -1.89223649041 2.15916969065 -0.0824303866489 -0.0226750759695 1.88388963122 2.39135054748 1.25523957066 1.88039703044 -1.00498673607
