-324.098451858 -318.604918617 -320.146123765 -319.570923995 -319.434773424 -321.461596976 -321.502451205 -323.742099719 -296.379714359 -268.196598222 -244.521855465 -227.367686711 -183.506137521 -149.906886111 -143.100004617 -154.769057829 -172.444484227 -170.035511452 -149.866087724 -141.375296508 -118.571104646 -83.8577658305 -63.4929720789 -53.7682348419 -65.3739814913 -103.782281637 -140.751931655 -191.408649232 -252.653281286 -286.967525705 -304.437867483 -315.666404079 -319.65975 -319.978902414 -319.423714532 -319.391610204 -317.851478181 -319.098749772
35.3991521457 37.4839549883 38.1971686026 40.4501302436 38.5762724648 34.071884664 34.9703177367 33.5290602395 65.5249500184 90.2816261125 95.456270376 95.1855375133 113.925325807 113.748968685 114.038148954 110.658349406 103.553065281 95.8235207833 95.9717289944 93.6353501441 95.310254939 99.4522869275 100.215372733 104.69978666 103.608492598 105.795909845 104.073798236 97.2650741454 84.1561196401 63.5379684668 51.6377191649 40.7463300192 37.146354929 34.6167331759 34.3136211168 39.6243944188 39.7238552894 36.7963683585
7.36151620652 7.04824932697 7.40698613342 3.16219231976 3.80943689177 3.66283514813 -0.376333960864 -0.585085425774 24.9267460826 35.2913278706 21.7335710129 10.7026703218 10.3250605177 3.19853765872 2.70797997613 15.2922179322 18.8676844345 15.8813706049 14.0911316148 15.6201650084 14.7477910279 10.8662752457 3.26605049043 -4.54143123401 -8.8269421684 -5.80382860963 -2.69040736911 3.83476570774 11.9736595728 12.3529960433 11.5469736402 7.12701194198 -0.229113602067 -1.84055272702 1.75592532251 5.80415686066 5.15736762458 2.79211165313
18.1848904569 18.6730149796 16.1464065367 8.87492139109 10.1048379213 14.5036610091 10.5153254866 8.09160316719 27.6845517604 33.6579307939 32.8707925854 29.4495725239 27.8712671857 21.8548574552 15.3583032353 19.7460570576 26.4920733808 37.5580562772 43.5571289254 47.8869808892 40.993786708 29.1554782633 22.4378095194 20.4505817967 18.8120636495 16.1228336471 9.50545782089 7.88911372739 5.43846795093 12.3656970922 16.4595216811 14.0378226509 9.61554402601 9.07527746331 17.0578930545 20.3179557157 20.3406864715 16.4598110279
-0.546667785703 3.47028331916 3.02239771916 -0.762755774473 0.110920377169 5.33245661034 1.40476727288 1.53659821679 12.7951944323 13.0337572843 16.1277973845 17.4575734208 -5.70502328548 -20.9379808503 -29.5556855955 -33.4605372918 -38.676086167 -40.1271313965 -56.0926768128 -64.0761827469 -82.3025579991 -97.9556715468 -104.253769418 -98.1471579561 -87.462000676 -76.1624143738 -65.5023176448 -49.1344654451 -27.4248004085 -9.17333740713 -0.268482412531 3.13190459842 -0.337711749887 -0.152796117605 2.22592589682 7.58404538218 2.20745133105 0.405392225549
10.1229485661 13.2368973732 10.5672829358 10.3064182992 11.5334519591 9.77039871684 9.38197645823 11.4355032538 19.7920166394 15.9336946962 7.87008012909 5.87135011022 -0.793180936308 -0.0751407076297 -1.66799844152 -6.23513007704 -15.6392775944 -19.6488662746 -24.8103371567 -21.2483938245 -20.884311697 -25.4268850048 -27.6550347733 -24.3654727269 -17.2564852673 -11.7288494845 -3.94586531405 8.15600370364 4.02465271653 4.78197839817 7.43002052547 13.1795678426 11.0079643369 10.8409368489 8.83037254225 8.29693790642 5.54637653781 7.7222816761
5.28693713995 2.57066762593 -0.180742811578 0.984612763687 1.18812126924 -4.15362218484 0.925893797961 2.72455648057 4.51761534477 -0.427595075994 -4.98483219315 -6.09029641684 -1.66444779288 10.5283970898 12.8320119053 10.0739717866 -3.38418794467 -11.6754866313 -7.76862513744 -2.11312111281 -2.8104706985 1.56608951959 3.83935726606 5.97217640095 10.6526878621 17.2448564844 14.16296221 17.7910184555 15.3268630335 7.92294106298 4.44588202121 2.3304485256 -2.46838866508 -1.54671355371 2.72009175983 0.103522229494 -2.60935785853 0.282758675051
13.3733802446 11.7905471348 8.83033922146 5.07698154977 7.11211832589 9.58107403529 6.01768913301 7.90984701491 8.18059133967 6.96654009397 9.471867601 12.5072802576 8.51689872511 11.8391382628 19.3208683258 18.9364924957 9.98296002895 2.87445744785 5.48211906972 9.99467188277 5.97063296333 12.3012326277 16.8738400438 14.7873213588 13.7347884609 10.8482630032 10.4156693634 7.91382862271 10.9220115496 12.6248830795 10.3526806615 4.96278241913 7.5995130084 8.87738993917 10.3781984023 8.66233434577 6.22684087087 5.84748440568
8.78313523379 9.85045990964 3.87521729435 -0.289033905697 3.30868080632 2.57834136378 -1.78543310183 -0.429456497709 -2.53388350835 -1.09097831407 -3.82632068842 -5.80897497954 -15.2665017019 -23.1687841246 -22.974079579 -11.9299147276 -4.5795034133 -9.96668057723 -12.5368859115 -5.82432110873 -2.98188612358 -7.61168695378 -10.2848284591 -13.1993410701 -12.9177863246 -7.98418281346 -2.80421159216 -1.81034215731 3.26623295637 5.16367329089 1.74815159657 -3.1722286372 -0.671852548633 -0.334852261303 3.98033174721 5.71500266138 2.46668995126 -1.70098456626
9.76895834178 7.25588252211 7.76126937782 5.89756819446 6.35645823669 4.70430029978 6.5535406889 12.2123627784 6.1541053128 3.5028817947 6.65188118544 6.19215542241 -4.26658768138 -2.36823444195 -1.4326348362 -2.15896925826 3.81875516801 4.69509872195 2.00175738609 6.01665341784 10.3574659006 11.4362459869 11.1996597003 10.2369799636 10.2370079256 8.89550702262 1.54086686782 -2.47082841224 5.74681302045 9.26119564751 9.29613895616 5.95630978707 7.94989389481 9.22946412298 12.0537669372 12.1798168478 11.3731684812 4.56380857203
5.37011394034 2.0798713994 -1.862461392 -5.79751379649 -0.523042888833 0.604529961923 2.06218697941 9.27590007728 0.601211312571 -8.89497753727 -4.46195803795 -4.37475631635 -15.904862291 -15.4063618431 -19.7600189085 -24.3118378057 -18.7600019916 -8.28291652045 -10.6614030239 -15.6209560906 -20.192817081 -23.6565649509 -25.1713512109 -21.4511896846 -14.07236066 -8.49532826319 -4.9631860859 4.11225366677 5.80123212459 4.99432363255 3.53330532508 -0.827328580824 0.163079378984 0.6711264392 0.75980834668 0.158693125533 4.29503829361 0.403355727078
5.28921474043 3.10661640354 1.41177174944 -0.375889129844 8.51204074172 8.71636415368 6.18619081966 9.60094048451 1.2443955685 -9.18852562336 -10.3734022556 -1.87152688821 1.93139275663 1.30324347714 4.12167033987 6.12016020585 -1.53249546594 -1.80619393483 -4.68533759233 -1.93965987612 5.38584267295 19.0729231402 26.0056581733 28.4897301778 26.9201654627 22.7524491627 14.3867623674 16.395528103 20.4500162548 14.139055673 9.92468160007 8.30952966152 2.34582049916 4.9449727981 8.77635062155 3.71137023614 6.3988554781 5.70634911954
-0.246610875009 -1.02388079636 -3.16392840622 -0.780138581156 2.34837859093 3.09257751441 0.810987002881 -2.46377138205 -8.52864094116 -17.0725675627 -24.5212213856 -22.4069285953 -15.6081297172 -14.8203081626 -15.1531587821 -19.1460102993 -25.9809375559 -29.238910141 -25.279818591 -15.9066333311 -8.36703899343 -0.392753325886 2.54570625371 3.28036943103 5.4564250675 5.94678895622 -0.467609196167 -1.60163859417 4.57449547312 2.67848135264 -0.31655517679 0.670245869771 -7.26644580054 -7.35372433602 -2.34764166908 -3.27048477942 -3.82226320399 2.33601452825
