-189.438857365 -189.641875291 -189.643478517 -184.509089004 -179.939750762 -180.62999123 -185.468221055 -188.815611825 -184.511191833 -159.394626331 -134.383903333 -112.653001196 -100.339435873 -105.068189977 -110.438717771 -106.606969803 -103.967970101 -99.0443449278 -96.4272231865 -74.9863103092 -62.7604409071 -46.8495875674 -40.9369509916 -68.6792880629 -75.7256051556 -84.8469339483 -118.737330784 -140.363724532 -162.595410086 -180.918910102 -186.274447128 -193.373955958 -193.124928959 -191.402928747 -193.436538578 -195.917670469 -206.512750373
40.1811131033 38.837776908 37.8734431128 47.7998312853 53.4172113188 53.6203554077 50.4261638854 44.8229579149 49.687237891 67.5804496443 69.8182081732 76.6259981499 85.7071842019 81.5750064356 75.7086614948 74.0546647847 75.7859934562 78.842488487 79.442481828 92.868041608 99.3383873063 105.406810889 105.287003677 97.5966349075 91.8807946094 88.2617704587 76.7454974872 64.8713216176 54.7141883802 45.3025675194 39.2959838417 29.6985926113 32.0079309856 37.5934762988 39.6247840761 36.8301828103 26.8576310245
10.169936411 8.29037383824 6.78275433765 9.75896598698 16.6012408725 18.8523473814 15.8706420923 9.8679285381 13.992331829 24.9349773256 10.4384777561 -2.91087738204 -4.49228704065 -6.08521456356 -7.4558582705 -13.4364316041 -12.4988129861 -13.3205831634 -10.2677563137 -16.3864538663 -20.7786447677 -28.1479627535 -35.2166713058 -28.7937920819 -35.2598615508 -34.4245472056 -10.500430722 4.33775317932 4.55696614141 2.79377171251 2.78579007221 0.987757574674 2.59380046833 4.55452084985 5.39733209144 6.34174363737 4.46554721168
20.887320567 17.4704408646 16.7876209849 18.1727085831 19.9882140744 24.8881751171 27.8399294367 18.8139486457 20.4795252511 32.1369224583 35.2881134631 25.5130505542 13.8702931085 14.1745613161 17.6354888381 22.8258683984 25.8096364522 23.7942233218 21.0777728572 5.62321920493 -6.19223741431 -14.216696237 -13.7251137008 -9.60312454961 -16.050678016 -14.843632965 -0.743331632582 11.0762803979 16.5771440251 18.1384184465 15.9635336633 15.5357645714 18.5966853619 16.2727411999 12.3745464646 14.9849788171 13.4533424873
-1.02479991673 2.96910555102 3.78363183306 3.00694555552 3.61752843397 6.60166760324 11.37465688 7.11548057598 7.05279019749 10.0338320784 7.00843963645 -1.91109170318 -16.0404099524 -20.6952798014 -22.5283095058 -18.2957012974 -15.1472130971 -11.2272431037 -16.9445996166 -30.0784019904 -37.9457996443 -39.7193859524 -36.1600195444 -29.3901089126 -24.2257111832 -19.5010925622 -15.5897597375 -11.313412137 0.414999704218 6.22281933175 8.74956017493 4.93479829493 2.82099627814 2.11476524211 0.187867894403 -1.40667935202 0.221455252402
11.7544899467 12.3605310165 9.32687416514 6.32405287024 13.4719919579 12.8747458236 11.4438684832 12.2092743558 13.0336949652 16.0033938892 13.7456601592 8.01591206002 2.91651152169 0.454725123593 -6.58119326674 -10.4810453991 -14.3198958028 -14.9716398882 -19.6865000176 -16.1780241303 -6.29118042184 1.23722968705 2.30301642016 6.1751389251 9.76447248436 14.8342387317 16.9505581995 10.2395528095 10.6753714928 16.0905721715 14.6004750054 13.4596634194 15.02469373 11.951463512 11.5070117637 10.7594947682 9.97520450242
4.67176643409 3.60239685839 1.56508341926 3.52946520855 7.91240993538 6.30858801126 4.02720904154 4.56103258976 1.31981748876 -3.10593856794 0.0106947855312 -0.779448635638 2.67789728795 3.34897061242 -3.21593489417 -0.340103534652 1.80777689409 2.33182955647 0.117214327707 -3.38774462992 -7.24275613713 -2.7770321763 3.41859929235 7.83216423774 10.1012721091 13.1421785553 15.269495778 9.23352460075 4.43255971677 6.7726985097 5.03596685211 5.63483977148 10.8501577537 4.87869615072 3.93114952789 4.4960733985 4.70159127793
6.56317119707 10.5035032097 16.2011320192 15.4489647206 17.2564284076 14.4788487499 12.2767027631 16.6412062605 17.0309527826 1.10942699635 -7.78911823055 -8.48260537141 -8.69453957562 -5.58267572153 -2.20306594677 -1.97139323874 3.80278670656 9.3299580268 8.13490755322 -1.93508829897 3.07424007819 6.05714304087 6.0482997447 10.3149830054 12.8153129114 15.2571541136 18.1368791622 17.6065733786 14.0456154209 15.0207888366 10.7761283263 12.1020392721 13.6894307303 11.6032137628 11.2987647929 12.4854268906 12.4360018353
4.3065193082 5.9887316864 8.86284480028 4.25681827011 6.76635654245 10.5670452409 6.33856301442 5.80136799012 6.28661484973 -5.68872571501 -12.5260788161 -22.6679100766 -23.5977601052 -11.5147330516 -7.06435488502 -6.71405735874 -5.70347498504 -13.5180087095 -19.7589790913 -19.050433292 -8.24793671272 -4.70857753489 -8.19938476532 -7.55655729486 -7.38117868268 -7.26681226273 -4.68896783222 -0.863883831462 -0.0958650056394 0.47373657268 -1.71435004283 -0.0530650652055 1.35431748843 2.95130130734 2.68510075849 1.43257293537 1.68156378581
16.5934065637 8.82271550568 5.06428088184 7.09057872818 6.54649559327 10.0160608475 11.4385483607 8.65032785975 6.16176711926 -1.9515227114 -4.50407396089 -11.8512931596 -10.7539011191 -2.32808165984 -1.93090440415 -6.42341929659 -4.86201941841 -4.08484923448 -5.42202674409 -4.20890825238 -1.00637362235 1.71865244404 6.03418379761 4.6118417315 1.93750079447 1.79685107149 5.55233620204 7.43379941986 10.8964448232 10.9520931447 10.945303111 8.54931670697 5.06286094407 10.2204760426 10.7854155807 7.05988864892 4.9811406444
5.02562111605 3.00176100832 -0.848889847874 -1.41505337586 -0.702205630139 -0.916156968209 -0.677340502789 -0.0657773241321 -3.86006444399 -5.37031861226 4.325612377 5.83775345763 -0.724251794201 -4.98810151011 -6.98751756821 -10.5094945563 -6.20482538443 -3.36551000849 -5.47069670788 1.00373827364 3.76551046644 1.0741351213 1.40429861852 4.44371933333 1.84865346634 2.67601793481 4.28456366269 3.35539061165 2.55589652595 2.29816530126 2.89275475067 -1.33424640852 -4.44963322125 -1.52131715551 1.839088365 1.74546247986 1.14459379523
8.38637771353 9.91952148685 8.3582010312 5.55613271153 6.59444833165 5.6636425916 3.33875698541 5.91976726349 3.71535792888 -0.106043709241 4.10984329047 4.24356236268 5.00904584633 5.95101629012 2.44275588246 2.24058532579 8.91635903617 7.4121271646 4.63409107372 9.70990019127 12.0442318113 12.2345094676 11.4962220064 8.1967994896 -4.22723745301 -8.8382632669 -5.50194081626 -0.124299517522 -0.971565707307 0.924971640439 4.73871515587 4.01302087906 2.53486102252 -0.315335443458 3.39729461541 6.45737282687 7.72564068845
-2.65806242193 -1.67431880698 1.80385760761 0.184034839895 -3.09849379381 -0.0722147532512 1.2192594111 1.04038078851 0.384547720921 -12.0232713341 -16.2898955229 -9.99164848123 -5.71064071064 -5.09821476303 -10.2281721232 -11.8935066161 -9.91197641681 -9.57377195486 -4.46874534232 2.70428584139 -4.49445929093 -8.87530712422 -8.3974764264 -7.0725415396 -1.9149298336 -1.86560790682 -4.4263544722 1.26124998175 -3.35359697706 -2.10599953881 1.72920032394 0.0605163627254 2.30054948727 -0.462912746424 -1.28038041258 0.575550349185 2.62079171303
