-201.081211847 -194.332386274 -191.954144261 -193.232785506 -192.743509549 -189.652118688 -185.200648013 -185.627690715 -186.744009597 -186.39744758 -158.941741931 -130.690947239 -106.169589221 -89.9714618924 -90.0858107977 -89.5207366056 -96.3087605899 -103.644021856 -109.331548291 -111.111386734 -96.6665660836 -71.4371879401 -58.1241880543 -57.1635979548 -49.6665820506 -40.8641366228 -61.8507920657 -107.023004623 -141.937677515 -165.510540524 -182.235905526 -190.317455854 -187.545369721 -192.47135915 -186.283615458 -188.025380344 -191.114997623
32.6325433387 36.8394620329 38.357197803 35.4612645116 36.2276388632 37.4531130237 39.9236192325 37.2997836663 40.0896119632 44.1803815884 67.9516081962 83.324651808 82.4249323996 74.7329598544 72.5584980111 74.7014818864 76.5855818663 74.0116856725 72.4969997535 77.4639672018 90.5301675909 95.9818319334 86.4569782718 78.1030247593 75.0268935718 80.75623039 86.4947533275 82.8664411926 65.2154054893 50.907513294 42.0525686427 39.5247865088 41.1990250164 36.3564656432 39.5912207974 38.8023285493 37.4382277606
6.90737252828 3.04995607417 2.58357463254 1.05868780663 0.70805051444 3.9233410109 -0.837990946185 -3.88202502992 -3.13425231372 4.75996384001 23.623139511 19.4013922113 7.58260667722 -0.798851565274 -13.5950513678 -14.755514626 -9.32551530948 -8.58001345564 -7.60627233728 1.14885644998 -0.618420484537 -16.4305613192 -37.2146913725 -47.7530396703 -55.493088379 -56.5110238696 -42.3093422499 -21.9865898749 -13.8256680569 -8.72745292116 -3.47848364369 0.0764619293537 2.34966739123 0.793895213371 3.5672096841 6.04330654323 4.27053279061
17.9361886684 17.9376624389 18.7210111861 15.0653595534 13.0345118613 15.3874681023 12.5709852566 7.21271948988 10.9551656737 16.7334786669 32.6594626905 34.728461521 34.7552601443 29.5544090776 14.8773113103 14.3573675783 13.2138966514 11.2953801968 17.1188178036 21.7627588301 1.58680963109 -11.3355540637 -8.64026304005 -5.94673288848 -3.95716574045 -5.5011365749 -6.60093749142 -9.83760880396 -3.71134967641 -0.806120950738 6.72144034343 9.54331629452 13.2945861901 12.6711818656 13.049206162 16.4654169105 16.2180636786
3.67383040398 4.43797254545 4.12091710819 3.57890819235 3.47508969703 8.32100886816 4.94282150902 5.80267614379 1.57819933178 0.349608188903 10.8678477919 11.6429619324 5.8631336263 -1.8448843357 -10.813799769 -11.4588416468 -11.9928577839 -13.6328301089 -16.2356138817 -15.0182869589 -27.1596929716 -35.9255210634 -33.8070736936 -30.6310966856 -29.511043259 -29.197979998 -21.2817005571 -14.7973060886 -6.59455593417 -3.89868590021 1.12015552104 1.20226022567 3.18171666863 3.45184539838 1.45680173116 4.74120278062 5.78276386554
15.5630057428 13.2863218925 9.81285292215 10.2949828832 15.3439214041 15.5181444357 11.1653752749 11.0232015003 8.23424951691 9.5001373576 12.7474119136 12.2468022776 16.6892103542 20.9570981347 14.414097903 4.25180687353 3.60794998283 1.41690992875 -6.31537469083 -7.13570930808 -4.80625746852 -2.70795751882 0.0210693433722 2.22909203838 6.68590222032 0.115417158928 2.62127498911 12.2827590901 15.1118354121 13.353934667 13.9115049143 7.29613698734 12.1361918572 11.7493738973 8.08184296663 10.5920915262 9.78946312558
6.41038113169 6.37636566805 5.64878541751 4.88459940294 6.60148076394 1.25852927907 2.07724233904 0.55380668654 -1.9131277718 0.977761390467 -11.8833474573 -22.2210891864 -21.0763826576 -15.0491873151 -6.49746659592 -3.21967670974 -1.09420642603 -6.80820724454 -10.1223395499 -11.495010365 4.47892928592 14.0617513 14.6590215147 7.93071556287 8.03395968059 7.08373066836 8.07328132884 8.89814910599 9.04487944405 6.52423837921 6.76637010135 4.98622270913 0.0729608516294 -0.362121461586 2.53385062986 7.10197518188 1.43266944523
5.25019487835 7.80229055832 11.1756714021 12.1179253862 10.475084734 10.2554598518 8.79554466288 6.42700179662 9.05724079419 8.52314429881 -10.2500831469 -19.5456737234 -25.7276211588 -26.3952455736 -12.8106313 -6.04112447724 -0.710769916394 0.507637697822 -3.37049654501 -5.2854636545 7.35404294885 8.87180817351 3.62893301788 5.83466692056 7.66255012188 7.0064217642 9.33981962531 5.76588827961 1.64761393442 4.49565422869 6.61336915157 8.77011329574 5.97208428596 6.15728695463 13.0560699765 14.8526946328 11.6519945354
-2.84351398842 -0.448163345082 2.6011435171 2.49666941207 -2.0193976813 2.9116095487 2.46056673602 -1.84681797945 3.14894392864 4.3529877425 -5.08792882724 3.12739824456 3.00292993755 -2.22838631999 2.76421765991 5.74533792744 5.78896597597 10.3630077997 12.2947023861 12.9887185054 3.13598082175 -12.0121911055 -11.7126892246 -8.21586169678 -0.969206484419 -0.543269197467 -7.22594877949 -8.98713953997 -7.13702126929 1.15258583336 0.795092952177 0.826597435659 1.20815086031 -1.73753952667 4.52579260954 5.58689682293 6.99576829548
-1.11611973717 -0.684955470078 4.66152205371 8.09629656402 2.59631770382 5.43723906395 5.39663072287 6.08663262422 6.13093693022 9.42874718623 0.0974984270968 -1.42765674087 -9.32837836009 -18.1373993129 -13.2935888969 -2.94088866222 1.27384717775 -5.35666506109 -2.96293376815 -1.20115358879 -11.6236579127 -10.0038684456 -9.94051226916 -8.51706783769 -4.91773902838 0.714129896359 6.17344734551 8.67999185534 6.95045154715 11.82769342 9.05434206767 4.89375070851 5.31644870006 5.99972410671 4.16952104703 8.12942274552 9.85043219894
-4.42324421242 -5.41748500644 -2.37004591347 6.59783721865 3.94272182418 1.51694289233 2.19796685481 2.92620819623 -0.0225056255086 2.98843945864 -5.45286568817 -6.46140430427 -14.1398190883 -20.5510502609 -25.0363443099 -27.3058002382 -19.0547364628 -13.9324053779 -11.9229227549 -10.6818612695 -19.4800992441 -14.2259784849 -4.89039507714 0.319995938603 3.40353604013 2.20169856108 3.80103308453 3.10125231075 -0.103367991204 -0.140425465158 -1.65108878754 -3.67260604332 -1.70609428847 -0.592798994595 -3.55010608766 3.57426727758 3.27894466095
13.8560386575 10.9995846203 8.52514880745 10.8078636745 4.15040354612 5.46256628943 10.9859586179 9.73201842966 6.43286675657 5.19517862264 0.243139221196 -1.99973591892 -1.83485620902 -0.144939397096 -2.69660988606 0.427243965653 0.56685785849 -0.847414584017 1.21210107308 1.30280236522 1.54819030689 1.19666074676 -0.0711131395828 -3.42851431827 -7.0403910296 -9.39648978185 -8.70284101787 -7.88926357209 -3.05891289727 2.70188376933 3.03487063078 5.83942298299 5.32587146459 5.26575542299 6.61425331998 9.36243331603 7.03374158776
11.1895735387 10.2538517806 1.25807375323 0.875887636871 -2.26432919619 -3.79562352522 5.25510707853 7.45232203198 -0.367106795176 -1.95570821863 -7.59762366885 -11.6814953641 -12.4364178614 -10.6025563191 -8.65380717546 -3.2935299588 -7.1816651912 -13.8585691131 -14.852844755 -14.8680370276 0.863130780974 9.46642773548 1.27503499036 -4.17367235837 -8.76717489372 -8.25280151065 -6.13275872039 -8.62869690827 -5.37947664801 -0.510839470043 -0.394865268215 -3.45115030049 -5.03751145368 -3.40541768928 0.943945923262 2.08363413706 -0.598628372047
