-155.092549689 -144.485585366 -136.265428564 -135.893049427 -141.25531779 -144.086367413 -142.118024435 -138.935367193 -137.8990214 -128.347011069 -105.389281567 -98.2547354778 -99.6183451343 -93.4737405882 -68.4105172954 -48.5921831731 -57.5141905061 -76.8787735727 -81.6807097945 -84.5865895565 -90.3088558704 -92.357317473 -94.0260416001 -86.5027729764 -62.8052622656 -50.1102819922 -45.7406286066 -43.572564615 -52.9367837538 -58.1475846287 -82.2848513179 -110.093173145 -127.42970763 -141.262280972 -145.865381784 -144.408487012 -146.836312923 -147.992682887 -149.154041734 -148.336334069 -153.525344993
44.1658595332 44.5982080354 48.8985716361 54.1265058531 49.7623056976 48.6725933924 49.654150451 49.8057050403 47.7978392618 60.4294910423 75.8697178901 73.813624235 72.1253553458 74.698215965 86.612743655 95.5754283163 96.0017291472 89.2966202182 87.9888382659 88.068524557 82.6661847402 80.2725219432 76.977078803 76.0756227156 78.6549904247 79.1474514409 73.6233292853 74.5089145753 77.2821577816 85.5115455141 81.924341696 70.2083837014 56.0153346177 45.3326091623 42.7741418 44.0106496624 44.8354869315 46.8392253364 44.7654892249 43.5140581825 40.4300112427
17.5108848153 13.9659156903 12.8432829403 15.108836236 11.9782221147 14.3110062094 19.1657431141 17.2070613277 11.5535611838 19.7436138003 21.3179378497 13.6427843666 9.73630611035 7.29413706557 -3.32709919996 -10.6233823287 -8.7620928033 -4.55628151201 5.0785061906 11.4791495207 12.1052079329 8.5191808938 1.93828391747 -7.34257244949 -15.6916618246 -27.0189818483 -43.1554472468 -40.6497649371 -32.8886513649 -26.520195252 -12.3958841702 5.77520218291 5.14943225541 4.18633450617 7.67081091566 5.36786724674 6.53977984515 13.9566481168 11.1654756969 11.8103133861 14.1694068569
29.0701468868 23.1758066361 23.023982171 24.9236225112 18.821325347 17.5300398372 25.1441657195 29.1738696961 24.2312432259 28.8090034824 31.0226441673 32.0443029634 27.292788875 28.6877727455 23.3882080375 13.850804256 6.29055764363 5.95001502047 13.154406338 19.0679413651 20.0070628511 9.7912973047 4.45792914747 0.622957198336 -7.129696311 -16.6250082849 -17.4049837207 -19.5845842367 -20.8936356845 -22.817767403 -11.8204733367 8.67955196055 16.0580175345 17.264414144 20.5877957931 18.4938061394 18.645589448 23.0953384709 22.3131259621 22.3330181414 20.9692278023
8.98037716329 7.56255951496 6.25547049448 8.96056437006 5.81304804827 6.87371888119 10.1739213512 15.5182712436 9.01111879345 12.8283169579 13.7576261667 16.5164018764 15.3365537558 13.9129731346 12.8978270079 10.1225073777 5.58578463703 -2.74274717076 -9.04648685215 -12.8348611406 -11.0448481027 -11.5928195591 -10.5064387724 -13.3503402305 -15.8719697493 -11.1257073203 -2.00994152992 -1.40983264246 -3.75343275957 -7.86283118624 -1.51621865863 4.89985103502 10.3312563169 6.21352525992 7.84319528138 7.33851809885 6.84969894205 6.75874798231 6.11389063397 5.68217322313 4.44153126321
11.4424309319 14.4014142596 11.9045743158 10.0088794134 15.4204952345 16.8933114656 17.938816931 17.636089483 15.8337053002 17.9426175835 11.3051690228 9.73603387583 14.5163089391 14.4732434336 13.9669831913 13.5436876306 15.1165996493 11.9986383056 2.97379876776 -7.04625311881 -6.43595368493 -2.37876259591 -2.27202586852 1.55082116173 8.32672717103 14.4136334472 22.681108722 26.230345907 24.8877706445 24.5708651191 28.3265635396 27.3728222661 23.1311011602 17.8058167889 19.0517057088 17.2062825131 16.6558805439 15.4267922084 18.3658916471 21.3210095104 18.6456921408
8.84460781903 9.84006240201 7.6441149207 1.56664947724 4.8828694282 6.3600358437 4.11565200308 3.47504354799 5.20503559605 7.10759133971 -3.26933009912 -7.2170517618 -8.97707580658 -8.93650203695 -10.1026543537 -8.29875737718 2.15851431425 7.26153124674 5.98797354927 4.274002969 5.63514595831 4.6790686525 1.71669944031 -1.62782387631 1.8036616741 7.48879329708 12.6175702316 11.1434276051 11.4612524817 11.2509388959 16.4386786544 14.521361614 7.155530903 8.35848553244 11.112749676 8.36067134504 6.08586947621 6.14711880143 12.2693205082 11.6012651213 8.8563058267
17.4320186584 18.0951030473 16.0641222424 11.5867063506 8.74301520941 12.1234982806 11.3599836281 8.34048473607 10.7499966499 12.2475947606 6.53084316303 6.75953750016 3.06862489414 -2.71543706416 -7.7614746506 -2.49064663433 4.96164731862 7.73172213222 11.5071431986 12.6620722237 14.3026508957 18.6592958185 16.2681866864 -0.28869013048 1.16924099502 9.79277524119 8.58468186905 5.82800506817 6.28971451285 7.82079604392 11.0873362027 9.18670225401 9.01973080612 17.2261048184 14.4553173757 10.8472653671 10.3220904791 12.1598318173 15.2044753928 10.7409460664 13.119439239
10.7441394151 8.41041850591 4.54940718486 6.30376467415 5.46568713218 7.726961238 6.05952333775 3.81158779364 2.73074153958 1.43615296111 1.57408518233 3.06092849475 1.79939259025 -1.15278563063 -8.11019341521 -11.8302938326 -10.5814948875 -2.03395644491 0.836829896152 -2.3586216431 -4.90221249477 -2.45796270654 -2.35147905437 -12.4697439826 -9.51570047301 -6.51573592384 -1.18316885216 1.02575787153 -2.88498663144 -1.96276879385 -1.1336020659 1.66215759668 2.53780011393 8.45208513182 7.8985608879 3.69621618283 6.42349782657 4.64436906551 3.20787706685 3.20597471262 8.52036921888
15.5454431689 13.8565296339 13.2201322263 16.2637520413 14.1880319867 14.8647873429 17.3515680471 14.77947738 8.99586964253 3.17376172384 1.77258341162 -1.0086199037 -0.0425752508083 6.02368330074 2.01644320435 -6.54060790019 -9.10083110192 -2.07856787975 4.75639701847 6.18284391917 3.7860375877 5.57346139153 5.69638257888 9.49106273842 17.1242523343 18.9618887868 17.7572944274 12.0779476349 10.6760787406 16.97803688 13.7192543521 10.8482699002 10.014472878 5.37732582888 9.02030336731 8.8809386444 13.2625500342 14.1186712074 11.9989461055 7.47582105416 5.37198563552
4.73767617063 6.04147291385 4.84224036224 6.43960133919 5.58860417595 1.2156741156 -1.3758036529 -0.474433279905 -0.545508742993 -4.65620990096 -11.5189862079 -10.2622565503 -7.64092134919 -0.682420110735 0.697548298001 3.4551865658 -2.87676561811 -9.45088677083 -4.04323251279 0.438834875386 -0.146353961708 -0.892460751834 1.99759837563 5.88016039382 3.11265795441 -0.955841695291 -7.84543867983 -10.4518874137 -8.5832158739 -7.28913118337 -0.513471292404 4.94965869214 4.2400390104 -3.02199079868 -3.18325224768 1.41074231377 4.61561411247 3.91758842938 5.24028231705 2.35185361973 -5.87702184581
11.1309983527 12.7242967736 9.00498188032 6.43594718185 7.0802140083 2.28801804512 4.49999859448 7.57267923083 3.77059596813 -2.96882103645 -3.39257162825 -0.832067275694 -6.53580464835 -2.65132768192 4.80610028262 9.78064783191 7.50789948038 2.2111524562 -1.3506920825 -4.63504848591 -0.255235165256 2.42201342442 8.34339208331 12.5174415072 12.4566406022 11.9423942871 13.7461895258 12.2878708778 6.91493248169 2.52842001987 2.29704058443 6.89650362125 7.45603981658 7.0692439656 8.95003891371 7.09564483838 9.05663354725 11.7176111567 8.83183036173 5.60627933117 5.96300127314
4.17649797659 2.9504009856 0.545231205226 -3.86359285681 -2.12209901316 -2.13022710373 1.29940403188 3.32850593479 2.74597660874 -4.60799223126 -5.29673720663 -10.8825680026 -12.4736761172 -14.8007829196 -11.9998851173 -7.3524036044 -3.89999416601 -3.33446417239 -7.34802029861 -5.8713019083 -2.51421655813 1.36739577679 2.91013392021 2.0366490085 -0.301154167742 -4.86902007547 -8.67109118831 -9.17459489639 -10.0186429781 -11.4670992546 -10.7832186668 -7.82327131277 -4.57227464927 -3.57629526368 3.58743878313 4.69094664575 2.32289539752 1.77492258528 0.646425025565 -0.692967763445 -0.658808459911
