-220.24543629 -212.817937334 -212.988909451 -214.344910207 -208.934174395 -209.861856087 -209.989864066 -207.85224464 -204.488066023 -196.913294293 -175.509209016 -128.455832785 -113.383245312 -130.8703924 -147.207502157 -148.73780143 -143.862111547 -141.126377616 -117.247235551 -76.7456490656 -62.1530330886 -64.3759174938 -65.3574870774 -81.3558339857 -101.794592216 -131.388352362 -161.973930872 -187.460035467 -201.852019 -209.079674708 -214.339013019 -213.76572682 -215.846357898 -212.817562174 -209.100378271 -214.733982111
34.3146802861 39.3758759505 37.1369006442 32.7718113297 38.893475329 42.2560717998 41.9640284105 40.9016909415 48.2644041822 54.1197024532 59.419017567 70.8761658012 76.3780369857 80.0049947125 80.7402142061 84.6970339903 82.1569508816 76.9349269126 78.2155183326 90.1808667839 82.7664158266 70.885013943 64.1811451265 59.1268975351 68.5504419396 73.8928029631 67.3628922876 56.9556914518 44.6661144374 37.4779599218 35.6845576466 36.1191708229 34.1350198646 38.3618436115 38.6879031858 38.230845958
-1.11431544413 2.76970498402 3.28705657259 0.634681170155 4.58419558524 9.85402111571 10.9855640909 5.73772763366 11.2127474396 11.5278417785 6.68022527691 -7.03419059106 -10.7240018427 -3.9293819178 5.71486923831 12.0699993812 3.74142979692 -4.34142645707 -13.5329904039 -27.8813898521 -39.2559647424 -50.2905493399 -52.1225218928 -44.4766042782 -35.3124647012 -23.8650441487 -9.57707936807 -2.20153866994 -1.59622654477 1.38067256379 4.27823711011 1.4921547054 0.313302965723 -1.16214646412 -2.92580550221 0.603050733143
19.9808043094 16.4767458018 17.0455760486 17.3851023757 13.5160530887 12.3218836721 17.9522906085 13.6187079016 22.4495441306 29.5377442492 23.0488175988 16.7015466128 12.4659833811 6.39478687789 6.81588770551 9.8985558552 9.13551573072 8.42503242082 15.1026526533 -2.7080353904 -8.22927352265 -8.80964999353 -4.24460624474 0.320531833523 -8.58055943058 -8.29343355526 -0.749126732102 3.32546544484 8.06050203027 12.8760242924 14.1396656707 12.7358311442 12.7428686684 7.45320911635 9.35103328589 8.93813312104
11.7623198817 9.47312705455 8.1480103677 5.98144280408 6.49728347383 1.88342847673 4.17546057828 1.72376938602 11.3631934904 14.1245584206 10.8805889137 -0.596938505773 -5.67100448545 -15.8663676313 -22.4085447722 -21.4761169823 -23.7041025622 -30.3036239417 -39.9443538062 -52.6858309423 -52.5804241995 -41.5900934671 -30.9671306654 -21.0245320118 -15.6045194263 -12.820043954 -9.71346208 -5.71385662654 1.71306999015 1.56974859905 -1.03066322269 -0.787643135047 1.58687251759 0.847831719281 3.48675744889 5.29516838661
14.2719865979 16.3623779211 17.2596921867 12.2139432441 12.4149023035 11.2992096366 5.09528115658 3.71763987339 9.54229599124 5.98724861288 6.83490734058 10.3062822401 10.833929847 -0.384994502693 -13.7018568236 -17.9554171798 -19.0699922829 -29.5764218562 -32.9612072046 -20.8720313373 -13.2717523919 -5.99313213426 4.25493921584 7.56043787931 6.48454444234 7.9329928615 11.1062764686 13.1652581203 14.7787458765 12.2676624366 3.51260235681 6.84670103648 13.0832651331 9.25025544476 7.90123657298 7.0302358896
3.02209589183 1.99111324624 3.73624950017 3.74641648803 2.80651800804 0.549827881851 -4.71383752466 -5.71033872047 -5.60852607517 -4.78423637462 -2.69265389691 -1.01805432356 2.48866140795 6.02912319271 -3.8636777742 -3.43115425696 0.665604533595 1.8011576 18.5661180876 29.3712376359 20.5298241862 12.1927863898 14.1639312011 11.3487958262 4.36222821283 7.25429045317 8.96037327904 7.56204308009 3.75999260527 4.51259649085 0.31509269562 0.633097933419 5.04499140212 0.351845409577 -3.01109961158 -8.48870198097
10.9820657711 8.27814195842 8.11151477757 10.9957289192 6.74685682662 3.39963895152 6.81291016383 6.60620936484 3.24368848938 6.7613261702 10.9762095608 0.602783142782 3.21094088583 13.4331440282 12.7989213319 9.42468358259 22.8550924371 28.3573591081 22.1163432346 15.4038960174 17.1365392833 23.9440725388 25.8486579806 18.2781198758 14.7051673516 10.1643188839 4.8267581809 9.04600906442 8.72303457257 5.59969265109 4.32656374144 7.47719528487 6.63187608967 7.4466202882 6.34363163785 2.37360954963
1.92984916093 -2.96295887172 -1.83609843723 1.24712136806 -0.332358885805 -0.58994529142 3.23379062184 1.40069829094 -3.30513674631 -1.5110659767 -4.73356489949 -13.0443068843 -16.8034704538 -8.35878668252 2.65190659523 -1.97170923076 -4.70100180905 -0.997075534487 -10.4462338815 -22.5716230963 -30.2589761886 -29.0231936301 -26.9421276194 -26.6408832954 -17.2500294509 -4.97213876516 -0.307583091353 1.40708806915 -1.84945320292 -0.562138649633 -4.22332659821 2.01454701955 -1.73368770672 -5.27665743966 -4.27322194666 -4.00614628922
7.1112476889 0.526863294174 1.83907481521 7.82007524743 8.3057314784 8.34986954313 7.48185487979 7.81703699721 4.08137164688 -5.01586832225 -6.56815298085 2.79444108742 7.76565108361 7.89310095778 10.6293102572 13.4882111681 7.54253920017 6.62555433059 11.7347828171 18.0316555402 21.9340184586 20.8793631007 17.6777988351 15.7754421518 16.0437725741 19.6789598427 18.3546157437 12.8195219527 1.64668845517 3.34369771275 7.08376302759 5.94660444956 8.44540668577 6.70874458857 0.938215948048 -5.20893249185
3.174660166 -0.5314839688 -3.25631096474 -5.23431373279 -0.693679096982 1.33703442512 0.29357141909 5.143979525 2.76552101483 -7.1917702084 -5.32530504011 -5.70080443833 -10.6117153481 -13.0011602172 -8.24176208009 -5.89236757412 -5.48442489175 -2.29380019882 -2.61647731471 -0.161031482077 5.21724164146 9.66497072792 7.27798968045 3.994487215 3.69387204367 1.54076581 -1.32696648168 -1.65727024228 -2.66077587172 0.402629949241 3.1240940241 -0.0301283570574 2.77732126162 3.98376516854 2.56789386682 -4.40794750203
-0.96663735846 3.77440206741 4.68004110661 -1.07538324503 2.6451316473 8.14586067287 9.04501115257 8.80266573706 1.58930012389 -4.35800916983 0.679852327845 0.390489216146 1.52094764194 0.275948128518 0.967549545268 -2.78314647732 -12.2454554873 -9.71301782157 -6.47161771033 -2.72220406601 -2.92889889445 -9.25678950726 -13.91002553 -14.3143022179 -10.2121998707 -6.4141272599 -5.71374516342 -0.760953511546 6.0651979857 6.1699582004 7.03912026243 3.30413623014 2.9804703491 4.02793676408 6.60392855727 6.00365088316
2.0948897437 1.41647846834 -0.5023233927 -3.54093140483 -3.87912084407 -2.24435162656 -2.30068063399 -1.25910831493 -8.80410378993 -16.5933226815 -20.0844501984 -13.5109446313 -1.05279589175 4.53174576246 1.60431270501 -2.34609926112 -8.37149340488 -4.66662067665 5.65274348026 8.05863876867 3.90957807235 -4.2985453605 -9.01939162297 -9.09190288567 -10.5517236493 -13.088501482 -9.20764476312 -8.11053530088 -4.45137032455 -3.83155838689 -0.480339060659 -0.743930455142 1.16656776541 5.58757178081 5.11919857899 2.83591419208
