-158.035305234 -154.53797793 -156.262561128 -153.411037512 -154.194776105 -155.355820386 -151.333148454 -143.905928529 -126.116800026 -121.26667918 -117.950790486 -97.1932314388 -102.867975325 -109.130840857 -104.659067053 -108.438918458 -105.070160757 -103.842575304 -103.556350118 -94.7411223325 -66.2755804209 -41.0023172221 -23.4022417511 -23.0807824261 -25.9478895076 -37.5422361179 -57.2789243227 -84.4530871054 -113.071710774 -133.317751472 -143.109480787 -148.497497187 -144.919901583 -149.807778948 -150.088707731 -147.881401845 -153.543943299
37.3197887855 41.322270295 41.0974396028 38.1874832086 39.1265993835 43.4071862917 47.8092746333 55.0540447435 69.1758369405 71.6764868436 69.621959864 71.0965812521 69.6722640584 80.2784244512 86.8357711531 82.1326005417 78.4333116367 76.4623516301 79.009942071 88.7784534853 96.1688103384 94.2957136724 97.2975441808 97.2557461275 93.4157132215 86.6055074205 91.176995929 88.5582396028 79.6253853774 64.8321608319 52.9597134031 47.451946868 50.9409033455 46.6582626971 41.326004744 46.2040008022 46.1505165463
3.52470805978 6.54486024362 13.1633192924 16.3230523062 13.2565595339 14.1497544636 14.6354436583 18.1995847041 19.937279558 16.3510903908 11.7848880229 8.25247918417 8.32371504574 12.9292568849 17.776578346 15.8002539176 16.8436955257 18.1452615943 17.260011813 14.4610591127 -2.23163832073 -24.6448748136 -32.011617072 -37.863493791 -45.2889969451 -42.5849377729 -25.7955394739 -6.32390675558 6.75324278264 8.58171592728 7.26911387206 10.7580279687 7.19049466139 3.40727609087 8.12355577844 11.1797277685 10.5574752368
18.0122518626 16.4645488969 20.4823881898 17.3575901434 22.599286546 25.0330204709 15.7014757536 21.0268137154 29.2237311125 31.146931473 31.0547564288 23.0555018576 12.036141141 6.11272526188 5.69314185535 6.36168308568 13.6744891687 16.9454780347 14.6865104543 10.0155140453 -2.00806486899 -9.23207370546 -9.40194324728 -11.1332366969 -8.44434051868 -5.14738318386 -5.45831322372 -0.825066737065 5.52055308823 10.8381264717 14.3795178192 15.7633531875 13.2951730463 13.4621602906 14.5229110889 12.4928608944 13.529123696
10.6988741276 7.11722826205 8.43013078203 8.7088352877 9.93530355707 9.80915203988 1.34388053564 3.51176442335 9.900559134 11.358595063 13.5270301977 3.47052201251 -1.3937472493 -1.38322061772 -11.8035027077 -16.1543720406 -16.4603420344 -16.002467458 -16.7464049674 -20.7144020455 -29.2493784556 -33.68939628 -31.5013564138 -26.3207692421 -23.5347877357 -16.6830660563 -13.1393051279 -8.7102571964 -4.32879375286 -1.04325720275 0.568702448357 2.13944450808 3.54040497284 4.08489055864 0.363588532056 0.802502515215 2.65757625893
7.19022242188 9.68250760589 14.2521402048 7.83819129591 6.49119833182 13.0857457078 13.9067104175 10.2972483345 7.48431856676 4.65574140393 10.9959022107 16.5308286647 17.2434775037 11.5174726863 1.46524299727 -1.36622168679 -1.17255289257 5.75842340847 5.56358857593 -3.44628025304 -4.07571262267 -5.92199443553 -7.2229857025 -5.58238127579 -8.90281730008 -8.56252462829 -5.66617144453 0.38584488848 9.14185056924 7.4731246002 9.9707396481 8.45296135916 8.58614385334 10.6004892323 7.85494324083 10.350410892 13.6788494077
3.25963233836 4.85467517831 8.71870532661 3.56391105473 -0.226128129508 9.71825625386 9.52331323812 4.85608342988 -2.24894969026 -4.19828705051 -1.68500141885 -3.24060461395 -3.22036739501 0.728187487357 1.54696085368 -2.09104975127 -2.68065793991 1.01510861377 1.7533833674 -0.257793657419 3.8204885136 10.3511279182 14.7137476477 15.5187953299 13.0972242699 9.31909184121 6.40185938413 6.22654311699 7.77357055836 3.84436502339 4.73483674653 4.90641636982 3.39790006085 0.686479849707 0.819451486721 -0.96874952294 9.49733281142
10.0143859552 13.2327033682 14.8267700292 12.5761490384 10.561630772 14.3160128957 15.6050882324 11.2996524952 3.49231457987 3.64161298398 1.25750884035 -8.57532041368 -7.43120786232 2.68873949517 5.49208537584 2.91225886633 3.29549739438 2.8380464627 1.50759236049 8.14661200327 6.57728738226 4.28558141217 5.57336572447 5.99324767463 4.32815536964 7.24758311594 6.39771838041 5.03169983643 5.37867908027 3.43375165044 5.25218244908 9.49485582894 8.31398545888 6.94273001657 7.7641202264 4.01773889422 9.43837076256
7.86469458362 5.67754607985 1.6934197214 3.47258045576 8.50485752779 2.18810936333 2.86401744613 -1.47337520002 -12.1463790822 -9.82305949979 -3.57005618003 -11.8606666034 -13.0986068059 -9.80521451063 -10.352760111 -9.70179038187 -5.80906559926 -1.67607932614 -3.81657005079 -8.07901848537 -11.4729138035 -19.3921486476 -21.6819516802 -22.5855276337 -20.9208945551 -15.046590438 -11.7799460038 -6.54958048209 -0.0649173959829 0.72410722775 0.602159573969 3.82955657668 2.90315594108 5.11622726487 3.54351635348 1.74890809694 3.27048671357
9.52247569767 12.4644543811 12.2814700762 12.4155985469 17.0123098146 12.3148586287 4.13707948504 -3.0506293628 -4.98267133002 1.08892295129 6.7119318041 2.63901781847 -0.206502806956 -4.33896450453 -1.163365197 -1.99640836659 -4.9569788576 -3.08833641341 -4.45409930099 -8.57736708259 -5.03217905979 -0.0940971275193 4.35974262008 4.76851681843 6.8776995971 13.3524696783 13.5599810183 13.0967105346 11.0136703004 11.5008993074 9.56431010667 13.1128320444 8.33713370531 5.04463228336 7.48855526211 11.2401378442 6.25690382697
0.186630060214 1.70204993132 0.80356428365 -0.779617504832 3.64429155399 4.0372055005 -0.271692366117 -6.77415774573 -4.82887432366 -0.0897888671343 -0.549707318536 -4.27174858256 -9.58070396484 -14.1461094093 -11.2476073801 -15.0063515731 -12.6011387755 -10.130182369 -9.97837234527 -10.2232587615 -1.39174328936 -0.187892469577 0.109908527855 -0.278621114893 3.31980362946 6.80677710646 8.98806023428 7.25019704413 3.62541669874 5.07357256561 2.81120945847 6.3897306463 4.59276006373 2.42581076927 4.56411119955 6.19374641294 0.00091829319897
4.75460717905 5.86700266894 0.99738180442 0.832192635914 8.41867559711 8.25486489922 6.50515560634 -0.796642885872 -3.62463026659 -4.70842750716 -3.99528911819 -0.0506447211567 2.06118120503 -1.81971498554 -7.40874574365 -5.96358911876 -2.89666919281 -3.06286624169 0.0917709461249 2.20535690825 6.48227388352 9.4235493303 9.46542162986 5.79738313943 7.67028981828 6.79138093867 9.66864423793 6.75316076053 1.93985570188 2.18700329268 6.39406421555 8.65055552714 10.0350218345 12.4662864083 16.1017876017 14.683204324 5.16535906144
-8.47481549188 -1.38453906089 1.20926251619 -0.0743758460243 1.85151813093 -0.457471272167 -3.98956466696 -7.9554984202 -12.7266317912 -16.5157064592 -17.8624199085 -10.0484352357 -8.39172459509 -7.3616460217 -11.0095161078 -9.51739985878 -8.27310967337 -10.1798910729 -9.2507480643 -4.39583989857 -0.985939368123 -8.39107177865 -9.78623478214 -9.56032236728 -8.57459230484 -12.5574996171 -11.53890364 -6.6672601237 -2.20068329084 -1.41104711971 -1.97110752369 -1.39408845878 -0.422608173647 2.91981277203 6.12267272389 4.1651526365 -0.75725997525
