-231.52496276 -226.594001362 -230.197575273 -230.665998884 -232.798041386 -232.267470321 -230.953373552 -229.691012255 -228.305898 -218.535768958 -198.093258385 -187.926148442 -185.378360391 -168.148508709 -133.869219292 -130.255179713 -150.489792887 -165.996917406 -174.414661851 -182.812091924 -173.673817995 -160.56052917 -158.122673786 -140.535510942 -100.998057343 -90.6650004359 -95.270440136 -94.1165450165 -102.473116436 -131.557113762 -169.614120159 -198.110224326 -216.508761096 -224.341107061 -237.602673437 -236.29490219 -234.126792888 -233.647678705 -227.861097823 -230.14552859
38.4070742842 43.142035555 42.3784503383 38.0813493579 37.7371076338 39.3660536886 42.7066917512 43.6634744004 43.7071195308 55.275929192 75.1553690593 74.6945726794 63.7392723934 75.2576262241 95.2068286977 97.3965696015 89.5599690669 80.2563271911 77.338063039 78.1766122436 80.5218144605 84.2083730803 74.9629601932 84.1833110304 91.0235369235 80.9918069762 70.8525145852 71.4712164574 81.3897972557 85.185249081 73.6315298147 63.0863720839 51.3927403294 45.2882284363 42.0533543186 38.174987579 38.9104346193 39.4127897179 45.9507357376 39.9333503638
8.9623572954 7.26163570932 6.56540116164 2.95015542778 4.90359809868 7.92761135102 5.78982096016 4.139730313 -0.225880676919 12.6013461092 22.938532043 17.8663059681 7.54104075329 8.4989182066 7.00035511196 5.88648284953 6.78412697441 9.63558137473 16.7463615745 16.7510313148 6.25134922379 -2.22073632058 -9.83208491431 -4.58046986277 -12.5429773496 -22.1034115584 -33.7773067845 -42.787110062 -39.5197911737 -29.6341790387 -17.8449991112 -11.5636395926 -4.97329759458 -0.259463379804 8.05155122156 7.84437058772 6.11238459545 2.42062839506 9.08104181874 5.53797901821
14.893042831 11.6495024825 15.2983814507 16.0564388962 17.6186437779 16.7188634362 16.0141515268 13.8665202137 10.7823334896 17.5515713356 21.096155233 22.5456447612 24.4721908386 23.8336712318 14.03542133 5.05208438227 -2.00393498442 6.74876515637 13.6905023651 13.8106780281 6.75699101449 2.47632469443 12.9104544569 14.7605751301 0.548770849619 -2.5800945296 -5.90839634371 -14.4244861689 -19.803279786 -20.7605121585 -7.3901272689 0.16828887867 2.8343416445 9.8812393932 16.1484135997 13.1211111615 14.4636982679 18.3679564785 21.9278588918 21.045387028
7.20099907315 2.89874192536 1.01311075362 4.10138840607 8.71647137082 4.87011922763 4.38641552225 5.5630503949 2.37650926473 5.21686738665 5.83903081461 10.1267304015 16.7594620301 11.9625131878 -9.94407701075 -15.7400218318 -17.9374555454 -14.7890226355 -7.74462267289 -9.46245905032 -22.0934724368 -23.2854269062 -19.352110422 -39.7838441441 -61.6986533096 -56.0033003073 -40.3343703799 -33.5231981108 -29.8390486441 -21.4822328845 -9.42885249568 -1.39438446145 -0.623968741564 2.297069662 0.636547036723 3.37834986706 4.87902222229 5.31390755974 3.90216746611 6.04553535553
5.94456031346 6.1430271353 7.30742022464 8.10059761806 11.0570941506 11.0138932771 9.80072852535 12.6427295317 12.4169123299 15.4562251419 9.81528025091 5.8530252249 9.99197984366 10.5287472715 4.4175103681 -0.552070277856 -1.14442747393 -7.14243617124 -2.97534999786 -4.91320996174 -12.9943277601 -12.0924597005 -8.6119034879 -26.094278694 -23.198297438 -10.2123214526 -0.684083477946 3.16046930815 13.347210331 17.5683566668 18.7326813352 13.1819863139 9.54246825696 14.6597258123 10.364550602 10.6653349396 13.405069352 11.7459555052 9.59181578534 11.3613798998
0.240677215968 -2.0977859551 -3.25044433938 1.19788290871 2.05756593304 2.45830266378 -0.515817505243 2.56528938675 2.48767131673 4.74560725793 -0.0790804437531 -9.91859491626 -11.0352665353 -15.2582297528 -3.931972389 0.164741023134 -2.47581813589 -9.7911472825 -15.6188658294 -17.820053478 -8.5338367939 3.2018920515 18.673750508 22.9071926622 20.2201752088 18.7443657711 24.1853952607 23.8088428709 22.4079562259 23.3520102493 17.6967319508 9.6000784157 4.27625029158 6.37342667784 6.89731329961 7.28250266553 7.9251973853 3.62470767967 -1.33126364122 5.46997827424
12.2023515623 8.61333041832 5.52180751025 6.67211027874 8.37513920429 2.65269418996 6.17381004304 7.95271375133 9.65431178509 10.058228035 7.91053417985 4.72902796516 2.44097300612 -1.86050473192 -2.19481254109 2.2989041365 7.55910101568 1.68612052912 0.632675329886 -0.897153061413 8.77172362477 19.93346135 27.4523941675 21.0231538381 19.0870620025 28.0599210184 28.5802209996 17.9529191972 12.8508674075 11.4777141995 8.65187103408 9.33319592429 9.35218266105 9.56779780073 12.3645709219 14.1027686627 14.2869562321 7.83376849237 2.84089446354 9.78261133362
4.92254713768 2.44134059763 1.25402744727 3.57734965955 7.88298416399 4.24720971962 5.34031762828 0.570420848908 0.2317183637 -2.23090489645 0.545731175655 2.63467676028 -2.47154814343 -9.67775672892 -15.145017072 -11.1890132294 -2.03912449798 -2.20051173162 -1.89669019301 0.958520547254 3.65049929706 3.01680532629 -6.64946675636 -13.4581262941 -13.1494539453 -17.8864221703 -22.8816970202 -24.0450583696 -22.534829116 -10.8305382878 3.96932646753 3.89249705156 -0.605251732005 1.084651989 3.53492286849 0.255457123597 0.0912282292505 -0.386077644079 -4.92615313049 2.10805461893
3.97525156 3.59602919816 5.56255435855 10.9408670264 11.7701052609 10.8046730281 9.34963290283 5.88510318673 6.66408752812 7.20657486255 6.67977172764 10.4901861992 15.5100522631 10.838090075 2.59613062157 4.57472858676 13.7700562398 14.5706350022 11.8607146404 11.6908526977 8.46792734168 -1.53413799775 -2.09676988482 11.8280032099 23.5850266208 28.3360647708 28.1351769486 27.411275074 26.7873198818 25.5202929883 23.6397145519 20.4244372676 13.925463217 7.47661052185 6.53294622781 6.34308619568 6.12806245926 4.5417251796 3.4354478737 7.06098922092
1.86856058197 -1.92503536329 1.84449167351 2.97863781209 -0.19986674075 1.1985768006 -2.18109249399 1.92787695879 3.13795974545 -0.868935769655 -6.70258958741 -7.72409606179 -2.0171243888 -1.81817707882 -14.3867574745 -19.327497778 -16.7849356195 -14.9533861953 -10.2580327403 -11.5230938559 -9.90138964294 -12.8207515077 -13.3307722209 -7.45497628196 -4.35597276945 0.856913271381 -0.375769064981 -1.28886961183 5.50376681658 6.07761774944 7.42219950825 10.6522628533 9.74849165737 0.81370373414 -5.71266332882 -2.96963486031 -0.0240994871934 -0.667666046796 2.07700371891 3.93757906617
10.8482790895 10.1211082729 8.6848069987 8.8346827946 5.30248622791 9.58474971116 8.74589493316 8.46765751688 6.70326800867 2.35058035372 0.282185247903 -3.56183101448 -3.01434039517 -6.05696279765 -8.26060771729 -9.86114937406 -12.223239771 -2.8286046861 -0.522906114065 -4.23375013605 -6.65090758397 -10.2440987986 -19.1604463154 -12.5921228643 -8.37498363793 -8.81884223332 -13.921752997 -18.578047575 -13.2217863121 -7.08922245191 -1.63953796172 3.48342132195 5.14868625613 3.07595734544 -0.897531403907 -0.0964467211056 3.64706039367 5.60433728599 11.5012398824 10.230736233
2.62250656295 1.34667110857 3.35835490164 4.87867979491 -2.10880056078 -0.460104963521 4.19154398608 1.23245090479 -4.60005761245 -9.60141695586 -10.54288169 -10.1937004851 -8.4077437134 -11.9871465366 -11.9476555437 -10.0019188776 -8.8993212671 -5.85402159724 -5.05715419675 -6.38007784845 -9.15211397515 -7.13596020142 -7.68873657728 5.52379714881 11.0658415998 7.70633717576 5.03573348549 1.58530021053 -0.0713339831925 -4.6377012855 -7.24569413078 -7.19442373308 -10.5097532699 -4.79096890647 2.33425330372 0.0454373198129 -0.215421043649 1.39233468812 2.77075458263 1.25411410896
