-192.336440237 -184.045235077 -182.833096177 -185.359906657 -183.103557257 -184.61069858 -186.249209062 -181.199264057 -168.346194052 -151.45231468 -140.747625791 -126.73563192 -103.660606223 -98.7350312716 -111.512477304 -124.200685507 -131.86918226 -132.139311867 -129.1507921 -106.572209281 -89.3879490792 -89.7425277962 -93.7927047312 -111.793841218 -132.732545461 -146.830402713 -155.599946017 -163.787797999 -172.961277279 -179.142540638 -183.016087767 -184.232996848 -188.225168804 -189.614138885 -188.328300416
36.9493050677 42.2753923562 42.3608124112 39.0319489256 40.5904378206 39.4211594208 40.2228762656 47.4160326357 58.0188412944 68.5695277016 63.6855858564 64.0007863944 72.6326772362 70.5983649506 66.4740575142 67.3248742463 74.8335197928 79.6326569721 80.1613962812 89.643808627 86.880336805 80.8172932986 80.4696219404 73.6593621116 69.7005702681 66.9701922071 59.4110547175 52.2950451765 50.2555273477 48.9158384012 43.1332371247 39.8825687725 35.4276251762 35.5838979875 38.7571866714
11.9547243214 11.6029914217 7.83523644736 7.73835439572 7.19218789208 3.75750858644 6.51595996629 11.3698259913 18.7596053149 16.5967027306 11.1349200468 13.2208812358 12.4314219773 11.0164868147 14.59594182 13.8238265547 14.664360326 18.475605342 16.2526261657 9.8549741088 0.624072523548 -6.4849278582 -3.29353517679 1.30198599379 3.91189417932 9.22354681718 13.7443156015 13.7049597995 8.81809203085 9.36764680567 7.70174136116 2.95174918171 2.83251669517 6.35367455041 12.7798107585
16.7139266943 17.0350223991 18.1566923029 17.8105190474 13.3860255324 16.781845255 18.033871433 20.106595258 29.5155810237 34.0088238101 33.2969332069 32.1793839304 39.769888558 45.1315084763 42.2170345175 38.3463450336 36.4384148544 33.3309281141 35.8116483592 27.9833439502 20.7846983394 18.3502657214 21.0419087384 22.3497822375 19.0186174904 10.4755872723 12.4761695208 18.7734469741 17.4222777813 18.3437461133 17.7484238511 17.836500197 18.3067262061 17.9478857465 18.2615561476
1.10096701727 0.458331792533 -0.0702452514611 4.95166029087 5.04024557656 4.50894685318 -0.716378296155 1.84329472108 10.601354026 12.4551191748 10.0999388551 5.02046849396 -0.157616913267 -1.74287367126 -4.38597942045 -7.06250014515 -6.11012391053 -3.41329890571 -5.11538324209 -19.7216354392 -27.8547759198 -24.5447117462 -16.1760674978 -9.67978380989 -2.66391145219 0.626528603463 5.96186127969 11.6501714011 12.7691932078 4.48207980601 1.86120827762 5.84050642531 8.42923106456 4.08728610949 8.25444211606
6.62015221086 10.6072385175 10.9046650845 12.6328882014 13.5419457824 12.8165490063 8.39078442765 11.0235667127 14.0833670521 6.46928734125 4.74688463117 7.24736769509 -0.982404242349 1.09108369758 0.261048605994 -5.76192361958 -11.5224508295 -17.2679882787 -20.9093216952 -11.9235687958 -3.44055439194 1.20237600036 4.26309795689 9.08066443046 10.7448307835 13.2362898161 18.6128519063 22.9709278553 21.9254955566 14.278334891 13.0571157093 15.0949413238 16.9490762997 14.259066615 12.6237493642
13.188875342 13.0547168346 9.25597186879 6.92397592217 4.07931308333 5.38942211305 -0.243739513314 2.70738917418 1.09970255676 -4.06623675611 -5.13302412282 -10.5265274958 -11.3377841325 -7.39909810955 -5.68153011409 -3.56545010751 -3.78855610292 -7.92708402648 -5.87253952806 4.08347924424 10.7785583968 11.9880473761 7.85220518445 7.49418291075 6.03254202009 5.39299483907 2.46061290081 2.64333340275 5.09283457924 6.29943452805 7.32842000105 10.1954794522 8.52291168356 3.27386250116 0.0242229339385
21.9920865163 18.9136146108 15.9775086506 14.2091452007 8.99322218022 10.4176265608 10.7354119305 14.3474242991 10.5959130222 5.15120296203 12.2619423409 15.1923015722 7.24902243174 8.98623920103 8.16738089426 8.63481905795 10.7280392779 8.10099852962 2.56660022642 -4.83245192722 -4.89184862145 0.235105810429 -1.956538581 -1.18876717546 -4.88409319764 3.0757889319 10.8283153057 10.6183735768 10.6251873675 12.278324282 13.3474215086 14.5431980079 15.4894936319 13.7926473187 4.0262222791
10.4268971369 3.18404332883 4.31779535135 4.79547236026 5.12719743894 4.55090763544 1.68315145938 -0.311953495544 -3.15001442843 -8.10741179723 -10.1710865556 -15.3698375945 -24.5962761555 -20.9793303003 -8.81714268868 -7.23240006305 -9.76731972332 -14.3137457072 -14.8904479663 -19.3154826538 -27.5688841113 -24.3674001306 -20.8302488051 -22.5693760298 -19.1790009797 -4.71624326852 -4.68757395156 -1.50036701737 1.91768069114 3.50007891949 4.47149110212 5.7078549895 7.78504370466 9.01308001074 5.25006414748
6.02125561159 1.7165229182 1.50672064517 5.22815455508 10.2022057662 7.18401773254 5.25382478539 5.74837633043 1.74500398519 0.586697132995 -4.06079197804 -3.1003298864 -7.89092477105 -7.14680427377 -6.49188633368 -5.93978921208 -3.40568203248 -5.29419692739 1.53594193651 -2.05842222831 -6.10099752909 -5.68150386051 -0.687652587994 5.73885897848 8.13043821691 14.0439410167 11.2811917816 12.8781391077 9.33008281926 4.79852997677 6.0115107848 6.58558844631 7.7561810508 12.2908315602 11.6286002726
5.49359646532 1.05309312473 -0.394844538292 4.94490263016 5.07574950975 2.0956808702 -0.0873898550094 1.35114807717 -0.875565635989 1.83240087534 5.44837182527 16.1432866388 13.4983089515 7.62365443877 4.05840802526 8.35177002153 6.01643257137 1.90880091791 -1.48039241992 -3.75195243435 -2.13741465912 -2.1312245372 5.95703084276 12.1689091647 10.0915876255 10.6200646379 6.29522606764 5.03085764465 -1.08193227871 -0.593541599737 -0.199794478043 1.18815868065 2.98270294179 1.98187889413 2.26065480991
5.14223850949 6.02437658725 6.11145027454 10.8146708885 8.1985873488 5.42095991461 3.13933924234 3.13939851176 -1.03261446532 -3.95370813796 -7.77438265722 -4.99099196507 0.108923343464 3.07034390873 -0.458276301219 -1.30686283798 -3.91459225117 -4.67882264356 -0.362401681916 11.9726099703 20.5294711713 16.7129836235 14.4463273084 15.7796800584 14.0378590166 11.2498452798 6.31067661387 8.76685236307 4.93039219164 4.42291082529 6.04654687799 3.12124344372 6.04537849026 6.24645232652 5.20791856021
-5.05486052839 -1.97264675423 0.320346140667 0.0436539215585 -1.88579674134 -2.38784949211 0.86153712457 1.41977937443 -7.86742583497 -13.4229180797 -18.0847984047 -16.3846827264 -8.37283950339 0.688764068979 -3.26050270893 -8.10228449189 -12.4085092331 -11.4819545456 -3.38458641727 9.95598117209 16.1996355785 15.2405221341 6.91499269929 5.7240475707 1.3503301587 -6.69303140693 -8.53595866323 -2.68278782694 -2.58562364426 -0.537177108032 -1.34735808159 -4.97676760309 -0.863905077999 1.27772481471 5.38903595941
