-200.858113955 -195.361329518 -198.569805388 -199.612106719 -196.834464515 -196.635818681 -201.339951753 -203.406524591 -203.57402913 -198.505474419 -155.856060717 -129.166815003 -126.316411743 -117.159190577 -85.7174757369 -75.9027533638 -82.7386249976 -77.0562249069 -92.0432427187 -113.225787913 -118.122903326 -115.595231571 -115.135733776 -115.0969494 -66.5770851056 -49.9515828426 -64.0674556441 -85.0000376126 -118.183884937 -136.406267923 -150.552922165 -174.27114731 -186.625488507 -195.889506473 -200.502645411 -199.497253302 -196.59144634 -194.174714974 -188.982165649 -195.889112674
39.3527050478 40.8863770291 37.6001341768 40.3455323731 42.230805789 39.6096338739 36.4221411791 34.4303624175 30.2492918198 40.1424185046 82.0354496068 90.8800800536 85.5767223994 79.9308630512 88.9823011445 93.5581379475 87.9508872743 50.9418969953 7.89408350872 -22.3930541143 -36.5872722458 -41.8996474123 -27.9953307188 11.640014081 73.5024124066 90.9214912599 91.1448178606 92.729658429 83.0465035212 77.0901286952 73.553598071 55.9875524425 47.2409324855 44.6597006167 41.0884834672 35.6989770819 36.5358348086 40.984544786 43.730303123 39.681309465
4.78055967617 8.44950465112 8.31252193082 6.21396648928 5.3700552989 6.00725438908 8.58905570048 6.479020169 2.25691336283 2.21651141603 21.9086139302 22.4478708523 15.5274906729 6.12022002052 -8.06114051515 -9.25546627798 -3.65318443408 16.7533640906 41.2124606665 60.0656967304 65.3715830591 65.0562994689 48.7439209213 30.5809093994 -5.44098271967 -32.6965300556 -42.9419510472 -32.0851352591 -14.1693560251 -6.19615947235 3.27626844437 7.79367977837 6.32376651675 8.15529985115 7.07755680653 3.18449756238 3.67807266101 3.93324527151 5.17332394432 6.52452527034
12.1841070206 17.0629836388 18.5871522727 15.0558798444 12.2991848798 16.4962827773 21.6180850807 20.3096816894 19.3293745877 11.9321228186 20.7635036129 26.0221744742 30.7948840853 26.7500683714 9.41127354296 1.44399955034 0.0498627771018 -1.48150717623 -3.46747021691 -16.1754748745 -18.3030321141 -13.1325974736 -13.8794100998 -9.42659140205 -11.3607903007 -6.82478258529 -2.67669166429 -0.874661729336 1.98180260985 -0.392685902894 5.46900565906 9.58447265018 12.3031446801 16.7254115534 14.8681779139 14.1601047626 15.850871972 17.0638750014 16.7779904967 13.5743189602
6.38707075937 3.3506362508 0.390101630546 0.747954395935 5.06179054325 10.9005234066 9.66993048681 5.50549574578 8.46096272739 3.29531545187 -13.6237563382 -24.376140665 -24.0028990077 -31.9274869204 -46.5133610113 -48.6346989941 -42.5767487233 -27.1080338375 -3.94777449217 6.99546192231 9.42192665527 8.07610271854 5.04777500758 -3.65974118802 -13.3542677027 -8.62433824938 -12.1057152016 -14.082263074 -3.77952141837 0.737663901189 2.71904184838 1.6449079361 6.91514190334 9.86328827583 7.54621497264 7.52417148526 7.38925547652 1.64274495016 0.873485823956 -1.1220612792
10.9515338901 10.1777857933 9.11830163283 8.48061517716 14.1106583955 17.2247683032 15.1373203572 13.8512998559 14.5391008121 9.85659039933 -16.3667037667 -26.7988071603 -31.8065965032 -38.2345462956 -34.9592621957 -17.7808744664 3.75776863802 24.0448113413 22.0514459816 12.4763339225 13.6818043105 16.7036502256 17.5232931301 12.8297596054 9.61698715557 2.51519433982 -2.08598518541 -1.36692399001 10.665978234 14.5677761918 11.2938248787 12.6694155427 15.9815260332 11.7354434883 13.7412161148 15.4402230282 13.6160195017 9.80367358239 10.1714201144 6.04671633837
2.98946537671 4.24058467831 4.63472840028 2.66762694514 2.40316763052 3.43007078452 1.75401650737 1.04958578729 5.37422689908 2.76669322265 -11.3585529745 -6.80697712574 2.53071411364 5.61885112813 14.9680504346 24.4311394101 22.0947112374 1.32258569844 -6.59424223528 -9.22869807952 -6.49194951041 -2.4766654106 -5.36216410811 -7.80983190912 -4.88549133851 4.83330322413 11.8425196376 9.02954155759 6.92477145558 4.24833259802 2.33807378825 3.05093518885 6.15152841262 -1.93165144421 1.04702919271 9.96844666109 10.6158796888 2.14915847851 -2.00152552701 3.01184791695
8.97988068872 8.93623721013 10.1844699536 8.61943289177 5.15423729504 3.30406278714 3.77097677316 2.48435115111 5.91064269122 7.54630241821 -0.135173019031 2.83772533264 3.66842511401 7.47126227338 16.1154087666 16.6631065938 10.8722717559 10.9667006678 7.92254582978 14.3201377911 20.8823509155 18.0872736963 12.0813865276 5.99328652028 0.018268653756 -2.71126076279 -2.65422026594 1.41618755927 4.92746533456 6.22380357705 8.31835087845 10.014208383 10.2235691745 5.62406470312 7.91613398587 11.9348596973 12.9227716541 9.54238843061 6.10759528283 5.28228428091
0.0571694897255 4.32297410932 5.74697261385 0.394009777449 -5.67552841 -1.97081917783 2.55023171424 3.97816357796 4.41626259549 0.586441027721 -8.394139551 -15.1691820973 -17.3184944118 -13.4584072703 -16.8709044012 -19.5834160596 -18.1524430287 -6.16193423511 -8.94517972183 -9.59516897499 -4.9053504789 -6.2752173732 -2.80476299812 -1.67116879793 -10.1058600754 -13.6544679623 -20.0343268015 -14.7663819645 -5.0020439764 0.565124087277 3.61829356969 5.33637710698 2.77493360239 3.34900562883 1.85265704325 -0.554076669351 -1.47938243068 1.57237808733 1.75148726204 -1.48007215607
5.09604771235 5.25465144924 7.3105105506 6.73160168125 -2.09658884725 0.0498243279731 7.61856811559 7.69521532268 5.43695849056 8.84306256257 15.296328852 18.9996457708 23.9035544955 31.1138091093 27.197306025 19.4514679678 12.8881800156 20.0634851561 13.0315025354 6.42541982439 9.30303322556 5.0395247882 5.1203728347 14.2203738303 22.1336686222 24.8457185961 18.5269349839 12.9122914306 8.45182123008 9.2671584481 12.8577228651 12.7130600024 4.10702217747 6.74754309563 9.59657614345 7.73662697046 4.87481457121 9.42520944678 9.21992183463 6.8232181572
2.47738439376 -0.438098724334 0.909546067663 1.44132433255 -0.208585058987 -0.400465164218 2.85940677067 3.44626461394 0.296082750444 1.07700403335 9.41497380861 10.5886382925 7.64435467483 1.39067707261 -5.34931113716 -4.94609854684 -2.9086847297 -2.53670492132 -3.48774499583 -5.07437883922 -1.78880446753 -3.3577155551 -7.51170624377 -3.78015779984 -3.32493814884 -7.25927561722 -9.01896347691 -11.5402438217 -13.1668944344 -7.84701271931 -4.88488517774 0.0399759071622 -0.256955309183 0.072002928707 2.1002994853 -0.00850110156456 0.325888387334 4.93019933602 7.19106334177 6.17282306589
10.7777544984 9.43287394114 5.21448101875 8.54583504634 9.0766101647 6.51948827154 5.16051408661 6.53000676384 4.42359691026 2.00203262351 -1.58719750689 -2.34845847392 -6.40953968484 -12.7037880846 -13.2837577445 -3.24084164683 1.20500888376 6.02384553738 5.04015140002 8.70086350382 9.24805513287 3.95099329169 2.34292415306 -1.78582303366 -15.2469754272 -18.5663467926 -14.5476543748 -19.5226231253 -16.2086632749 -10.1705310446 -5.87425749275 0.286908833493 2.0638531135 2.73014983723 6.66961836028 9.02275549102 10.1913236852 13.3032963505 9.61923537835 5.85014855113
-2.21084732249 0.20539892737 0.944583393051 2.29039151676 1.43742974969 1.19919794064 0.184378762666 -0.892989215861 2.28797965599 2.6397998812 2.79389436944 6.11654477334 6.97319707996 8.11305782196 6.84385605371 5.3397679313 1.3334963652 -7.48080027242 -2.35261728735 0.762256485652 3.34786853699 0.101542268898 -0.799466919506 -11.2876386066 -16.4684020965 -8.309191353 3.55454472308 4.06421688069 -3.25071554488 -7.35401697485 -3.64697861228 -4.37222560805 -4.94394792457 -1.62968609603 -2.57106049534 -2.60419449146 -2.01311799146 0.736040680388 -2.49613589436 -2.10015469635
