-124.5064186 -119.070362536 -121.015282316 -119.565207165 -118.390124171 -121.48510684 -120.34402981 -119.657303882 -123.045612323 -106.530736767 -78.6054604153 -72.9223379913 -70.8747722844 -60.9740262676 -48.679284566 -31.823486418 -32.0472061421 -48.9029570105 -56.0314209601 -60.6644428376 -66.521831372 -63.5081480391 -66.8398006511 -67.4298902324 -68.8013186494 -67.6223921824 -69.4726546405 -78.248258959 -82.5800156842 -89.5004576335 -98.7217321392 -106.203525483 -109.196461509 -113.359256415 -113.077933306 -115.094420068 -120.742108987
41.9564261417 35.9173616933 34.3008563748 40.5717400732 42.6991495167 40.4418863188 39.662307395 41.9558385223 40.1989877285 57.4840928189 88.8473936552 93.0709248597 93.7513377838 92.0366092006 94.0774145457 102.942886983 74.1175757614 20.4616259843 -8.52498626019 -24.0888585278 -30.4347889328 -25.6186014948 -17.6920767315 16.561739072 67.5518509771 79.3254210901 77.7628383332 76.5842244559 72.8012515006 72.8023212149 67.6060980454 60.0454481891 56.8256177582 55.9807220222 53.4326110801 48.3010327719 41.3765671843
12.2692883344 12.763189567 10.1120723236 9.49705391298 5.68081448134 4.32793563965 3.11408580116 2.76024380917 2.99883324498 11.0302045138 22.879310713 23.5173753682 22.041950055 17.5924752154 12.1336622426 4.77785179977 14.8053788399 29.6162083021 38.2585707289 40.4372138285 38.581659815 39.851089885 36.5616136042 32.4216954262 18.4028713505 5.87802160088 0.603345152114 -0.689224112718 2.90110172094 9.68649485606 15.8064397014 17.6679011623 17.6222803152 19.7976291437 17.3268572379 11.7037421557 8.58425350038
18.3994517319 13.6051060597 17.5964670538 21.5867204248 18.6429804488 19.2669992089 17.6737757367 14.7012846362 13.0021487512 11.9691418229 7.85022674769 9.13549598192 12.4717051026 5.09429114328 -0.836526175248 -3.67635558736 3.50950537725 20.6235626572 29.742278614 29.3937988949 29.4159939688 23.7761145536 20.5048616865 23.6951081209 11.2034630671 5.52198116666 2.03059061514 1.36045834923 7.37262783147 9.78945736575 17.0543315496 23.1273247592 26.9660739462 29.1895089265 27.9864406173 26.9203993988 20.7908031688
4.05233384729 3.87948299473 2.87645185138 3.11643055421 0.553525856307 4.42094666864 3.27735584034 0.907564794817 1.719230395 -6.21048242361 -24.0669274061 -27.4538178417 -19.4712746227 -22.2735435913 -24.8966355152 -20.1353712608 -22.5326519214 -25.6609506437 -26.7249566143 -23.4675291363 -19.3701024897 -20.3696808361 -23.260325292 -19.9418629407 -14.474603988 -11.3169812492 -9.80177507558 -7.08733516523 -3.63705776007 -2.56552291106 3.79585057213 7.18990322194 10.1303705648 13.1226975755 15.3031509303 16.8610156252 10.9122739892
4.95948417242 6.50638474873 8.58562166092 10.4361664934 13.6562664996 16.9895189575 16.3287979563 8.63368700771 4.14918251256 -2.52959741123 -14.7379126513 -17.7808815257 -9.18833911082 -3.57945767386 2.46286990529 10.7222798412 29.3598524712 32.13438804 32.2655342774 40.8805181331 46.6096594947 44.2932639567 42.8808269929 31.4991352334 14.6648185393 7.67015308157 11.4720356222 10.4123224332 7.18893348184 4.57889350508 8.32253055709 7.00068141456 10.9432145453 17.0789057622 18.0132910832 14.8964307348 15.5836346758
-2.74520283389 1.13362402917 7.05830568398 7.18073938706 6.37027575773 4.68614913241 7.74119131539 4.63785271737 0.25864836795 -5.04149900758 -13.8092063367 -15.256041404 -9.31313098942 -8.63177814655 -3.48433916356 -4.65845934458 -13.5161564601 -13.7290731054 -13.7635012894 -9.80014735808 -8.20368006788 -13.4648001944 -11.5940088478 -19.2522729483 -18.0749175348 -9.73434907621 -0.0499419789693 -1.13564525946 -0.261697994973 -3.58051746526 -4.15921477202 -2.35195031398 4.26970196335 5.85035003018 10.2471586601 7.69719791535 7.83497379872
13.8074756759 10.2973955085 7.81445503628 10.3309300447 8.24973792874 10.5243553855 14.0000876999 11.9300994481 8.95083210129 5.09751309364 4.89432222015 6.0892251872 9.08797229914 3.90358518938 -4.76813393034 -16.1144539593 -13.097271609 1.758753786 9.29458090168 12.9908185155 12.9538732016 15.0157112148 18.6760532252 9.89120302097 -0.302931899551 -3.47951607497 3.88274090055 7.78290049016 8.00999406879 8.24543622113 7.87016486989 7.76365487328 8.38094230365 10.2583437128 15.9313078356 15.9524495405 12.9748171407
7.72633577345 2.7265658225 0.0413765615863 1.5127729368 -0.646386256557 0.641782526414 2.05345278016 1.03817968034 0.553574570389 0.800109454558 4.57666739181 4.65364607531 5.17944943002 6.73619235191 -0.0824910713991 -10.175567315 -13.6735265242 -3.11946264836 3.33364767843 8.47223625615 11.2309910495 11.4215894495 4.0297252077 -6.28663753955 -2.14571073201 -5.65465630352 -4.7680332515 -2.47589650246 0.624622272015 -2.67726252286 -0.849707298961 1.91455844971 0.935158736516 4.60350330867 5.49891868498 5.20179425737 6.40191735798
11.6015717121 10.3263455151 9.46887677458 7.25025393986 9.82772851713 8.18847258848 4.20200049614 2.86749162645 2.01357531655 9.00921581145 10.3470486703 5.25319186995 2.04976624286 -2.89151364193 -9.92454889494 1.64985759886 8.99734184214 6.87124700873 3.89318217052 2.18107836336 5.75404061705 3.5487353103 2.26054544586 -0.019924279699 6.28109622125 7.8174620126 4.39380233975 6.73780382347 9.34793281607 7.7976960222 8.90552323957 5.23137204377 2.51795758753 6.23095885572 6.52691532001 8.67989713971 11.3959199429
-1.10489761328 1.81192914615 4.28576402107 4.58891982382 7.4559830482 3.484974814 4.00555518408 1.72357623381 -3.85288982702 0.715459508788 -0.0756119316514 -1.51870688093 -4.8213888672 -5.8284073325 -5.13345820769 7.02648989314 13.3177422946 9.33954873506 5.21092863017 1.82524527875 4.25124434636 0.795584589162 0.0302360135871 1.68386852763 6.25022750452 3.16334185123 2.99601957476 3.93805639285 2.82373445962 3.29795872595 2.70366516749 -2.18995787472 -4.57264190117 -4.95667502465 -4.73036847533 -4.35940555497 -2.62714223868
6.71880428888 9.3835501899 10.2223470752 8.27943367621 7.61044367526 6.74542063037 11.1826842718 8.36155053267 4.93642754361 6.89535591918 5.04164526721 2.38341990156 5.457474441 10.915589505 16.1302585937 15.3518856558 10.7374216444 17.6161453258 17.3312117833 12.3189631281 10.964511975 9.01675212555 5.10148890999 -1.12248268984 -2.21033387965 2.80413025 5.95365370246 9.19171319438 8.02958460255 5.91154225375 4.75336832968 0.77913801782 1.59107759411 0.56454889928 -0.42232258677 -4.37452087091 -4.34331074236
-2.23442150759 -1.12072287473 -0.542870089733 3.21106121626 -0.596525396417 -4.06205623668 -2.93119044444 0.970165134561 0.350551207041 4.89165976041 2.92831774291 0.165733268428 3.23962110562 3.79165644586 2.63435152229 -3.42989126497 -7.20336473034 -4.04567386576 -0.627149599757 -4.22679701611 -10.3373794972 -11.4614916053 -6.46096028141 -2.44222459033 -4.55672586498 -3.6065291479 -2.56333957766 1.09748580096 0.599330022695 -1.89436158896 -4.98284980661 -6.00249540373 -2.62789666541 -4.17506614482 -5.74800629666 -9.08567514677 -5.30944771574
