-285.077500469 -280.513318979 -282.342160861 -286.211304119 -286.135562569 -287.232399126 -284.74640417 -280.118405284 -278.503733658 -280.516249844 -206.175563291 -144.560933865 -134.745889761 -146.39896206 -121.922123703 -69.0095227866 -46.9078163916 -56.9570222822 -68.4645621757 -91.7869134813 -117.807287473 -170.156085138 -219.255209636 -244.096485335 -217.592998035 -151.470386677 -136.017950409 -153.519380146 -154.924117112 -159.314701468 -183.945189526 -211.169670404 -232.062929726 -246.061354862 -259.092558003 -262.309921782 -265.907083699 -274.518435113 -276.839742533 -280.633655168 -286.260722353
38.557007122 44.1888516297 44.3856345273 43.0548835445 41.9869535648 39.0804957307 41.3718349988 46.6680148749 47.2895783889 44.7602562967 104.059537286 120.027284338 109.163669913 99.2264114693 120.423291023 122.30398169 101.486915079 83.0618030046 42.9623681438 6.27404002189 -11.8616109587 -17.0662380691 -4.3688483646 16.5480772627 44.5114830448 87.7168795317 104.764465728 102.436034684 103.321775594 100.145855474 102.346752577 98.1762632078 84.4211872504 72.0985065707 65.5558951693 64.5539461912 60.0152041437 51.6755849925 51.9126244985 48.743275157 35.4655083545
5.63272595787 9.05561910764 11.2299699912 8.3198421017 9.46456208005 6.71142202518 7.34510942041 6.29700195707 7.07532389208 9.72911249522 26.6686223446 14.1854732688 11.2358882344 9.83184469461 -11.0081159571 -31.4199932326 -46.8651442331 -42.9766093736 1.97764789813 28.9808280912 31.4332328086 41.1321649705 43.7102638633 32.4307481573 26.8982255223 -1.19761524554 -27.1599349596 -39.412931528 -37.2536031932 -29.8303974921 -11.3733876906 2.59076090565 6.72884951177 9.32886549652 11.6415959793 10.238257425 12.589779859 12.2136002818 7.97281767815 8.08689733899 5.96483960193
18.8410649877 22.7513312428 26.3638210223 20.5883858152 14.8250765619 13.9330256593 18.4081373407 19.316458998 19.6919155177 21.330798649 9.87951455159 8.79775008151 11.6592624174 13.4874619821 -1.25622700435 -10.4257985919 -11.7538533843 -6.00820252942 -17.8482170434 -18.3999753044 -21.9739661462 -17.4091567136 -7.94129450873 2.92479953636 2.2228089565 -5.30590216872 -8.71048040411 -15.3139909008 -15.076510732 -8.97764861441 -4.15934055091 0.438929973951 5.60265339406 11.2326507412 16.602680898 19.3596959581 20.8382525558 19.2335914597 17.6636387005 16.7641619585 17.5760246933
21.3555754208 19.0837638568 13.8229552374 7.04762778037 0.739110314821 1.49460329632 1.67297834585 8.42844972356 12.7836676868 12.0269742661 -37.25480557 -51.9051793237 -50.9122067468 -44.2608272244 -54.0202051199 -69.612367377 -67.074531166 -51.6576863176 -33.2085800344 -13.9670557387 -3.15832584259 7.05710094209 11.6588751954 9.73110158199 1.69672895069 -14.7212818531 -19.35067528 -14.5232764776 -18.7577860751 -21.4978841107 -20.7346823248 -8.40255981338 0.257872706293 1.73313190984 7.60016522866 11.9118385712 13.9736162674 9.95767840032 7.67867644226 5.59808406137 11.394605629
24.9691391964 20.6869112623 14.1245695284 14.2167924745 11.8191239475 12.92514644 15.7995895665 15.0446102537 16.8171919451 14.5003996285 -18.1761792182 -27.1683189716 -29.9918804167 -26.5147458238 -27.688272481 -25.1601169476 -14.3966818662 -1.08446439902 13.9033291547 18.2046831452 7.85735044731 3.95091208405 6.2438575209 8.67115165335 3.4406345357 -0.716872709328 -2.21689719557 2.33017155768 4.2989284359 4.25425547849 4.98131314346 9.87906231226 9.93035434345 10.969387603 11.536205417 12.640534057 15.5476223676 11.8150968819 9.99587052616 10.2219889777 13.0266361487
7.97625496392 7.5416821601 5.6277278532 7.12366651144 4.86564860963 5.60704204914 12.0955086178 9.83819113449 9.58771350154 4.32537846673 -12.8519159583 -7.4738093676 -2.93104282208 -0.630150586614 6.83787685572 8.22339097308 5.38410020059 -4.24668248746 -23.2140185645 -28.1268686057 -24.5424955948 -14.3168883339 -10.8402078982 -10.5830831546 -17.9395343046 -21.4133665011 -10.911638532 2.84758907054 7.1611358246 6.42979330684 2.02457164377 -0.791898919201 -1.94770263203 -0.319579681402 4.77735147757 5.10126767735 3.64266137845 0.477620749861 -1.48768796842 -0.459971014709 1.35885870053
9.21905912281 10.0627126919 12.9540861831 13.6635899831 10.205754781 11.8759686471 11.3858825745 14.8801436022 17.2601729233 9.08460862758 -10.1631555905 -16.7640958126 -11.4245185438 -5.87765815188 1.26829676021 -8.25215022277 -15.372613277 -16.6867112985 3.69688787938 14.4856130532 16.0484500362 14.272440294 11.8163721445 7.88260257181 -2.61472637551 -10.503546756 -10.6231846735 -3.92724600083 -4.64455462436 -6.42742794752 -8.33360923186 -4.81379567546 0.48485948982 -0.383983883493 6.09107088308 8.27587330245 8.61791075257 8.03169751477 8.15123990686 5.98441651109 3.46502009966
5.95199565659 3.9549218146 8.62669909239 4.42996572359 0.994523527408 2.39059563368 2.92693765243 6.98336327283 12.2046280915 6.68670571637 -1.49687594006 -4.40864998052 -0.788967663243 -0.352487418283 -1.81124797145 -7.43381762348 -9.34221258234 -18.0621469883 -22.6758143945 -8.2795057714 -1.91946335703 -6.63220088512 -8.93680700398 -4.98066956458 -4.84000217764 -0.985610907765 5.53287322191 4.49937100978 0.213690550652 -3.84497871351 -7.44673890304 -8.52159484632 -7.70666019337 -13.0479080527 -8.13318127217 -1.8703553229 2.12529834167 4.49772795174 4.15374853576 0.135907441604 4.11684357842
13.281997642 10.039070202 9.73535939089 5.27407528781 4.79563828543 6.42424460326 6.41380010979 10.7791076704 13.0049927115 13.3225620038 9.07244205713 3.45763691373 6.33218485586 11.1501845036 10.5174153214 8.67828478174 10.7904068853 12.059139825 22.8878060996 28.8578017823 27.7211420585 18.3186347285 13.2107711748 12.5322546442 22.3468761084 32.5995392742 31.6639591197 26.8477783982 26.6676235594 24.4793504427 18.2946769982 4.98115461364 1.1285041077 -6.08009921973 -4.42653956656 6.01748812634 9.18194705752 9.1543058002 11.6750196209 10.3156501633 12.5643568483
-0.18880211386 -1.20011106801 -4.08117185194 -4.19068704868 -0.0354431780459 0.951594061237 -1.31455164541 -1.1997046979 0.0912947868965 2.25353916245 0.575374585188 -3.80600027896 -1.05660989717 1.17416123666 -4.02786267836 0.634038515088 8.91044706249 14.0851723798 4.40368642484 3.56562185894 0.204350507899 -0.101747558677 -0.617730896221 4.17806094673 8.5928673992 6.60615503003 6.06737000043 3.53871033141 2.76652508384 1.33591146628 2.42715467463 4.2860423223 6.28135981579 2.96246295772 -1.8182084769 -2.64529954685 -2.99657153209 -2.07939348401 2.49922958897 4.41172934343 6.46054378866
5.47173591596 3.48485809905 2.11538616072 4.53222323408 5.9248692509 5.60123899939 6.18984836852 7.22576112934 4.41957224402 6.46540999319 -0.542975814407 0.526339279487 3.90703172907 2.93389305959 4.25393780878 22.236722972 27.6886981171 20.3942923996 9.69298280727 10.9064761988 8.39888113809 11.0835894409 12.8875292521 12.0966940409 6.37135721551 0.292409985732 -1.47248241882 -4.29970444591 -1.48154864801 2.76268463785 6.05656540187 5.77249003771 4.5933964315 7.60047270224 7.02489339847 2.86757940324 4.86529685268 5.17075667104 4.04414665831 9.40824181723 12.5297453135
1.21531527637 1.2164735885 4.12329542072 4.83915784004 1.90810317154 -1.39865042274 2.51732525201 6.63490478425 0.714807299948 0.254002432855 -1.32507465452 -3.91023808389 -2.11392715449 1.95219760715 6.18485872815 5.11136103754 -4.26670467878 -8.83351868467 -6.99670720134 -2.46505600966 3.624141283 9.92287067338 12.1571848311 7.96558399909 2.20770109678 -9.41774521786 -12.8723294241 -12.6694298994 -6.76195538011 -1.02152938963 1.08715454345 -4.23623808467 -10.2368888581 -6.61881315969 -2.8152179084 -8.73822797306 -3.64182034796 -0.0985039782131 -1.77008639264 3.90980192014 7.64348884967
