-221.126517307 -212.975977273 -205.709750296 -205.64205721 -200.739403957 -201.531635169 -208.659435144 -206.095601575 -197.960330474 -193.44616567 -147.271828575 -115.061690014 -113.542051341 -118.47427602 -100.129308971 -74.8783669193 -61.3128371127 -71.5010887217 -82.0466367485 -107.940224859 -128.760498703 -133.502655175 -138.255333394 -106.796321999 -48.6578351408 -18.1060017048 -32.8999224329 -71.6124399863 -108.548003715 -135.767156874 -146.132034856 -163.240976277 -184.269878207 -190.549013162 -197.372530395 -203.966516953 -206.225384746 -204.045379968 -202.682886916 -205.172272888 -210.766987974
27.2929102658 33.4101456634 41.5310578831 39.6602685803 41.3461543472 39.4863066243 34.8005037959 33.0838044072 35.3666972005 37.0263272705 86.4741132406 103.656923049 98.5838839752 87.8832753391 87.3564656626 81.9581545157 96.7585554144 77.2305258847 16.2379261099 -6.88647540592 -9.60315785748 -9.21140390228 -15.8882805429 31.1612869985 98.8158209699 106.8198433 97.1209215449 95.3693452163 91.9826546433 78.6762916497 78.8265625473 76.9104666384 63.9366871715 55.9941494945 49.6106199574 45.4710326214 40.9832972642 38.0023141292 38.5618141801 39.2327534594 34.3141539012
2.98459019271 6.18307675464 9.14966330426 5.31417887069 1.97895468287 -0.515260017307 -0.646198844507 3.19371656541 4.66521189895 -0.611145437874 19.3196696475 23.9236707244 19.5270950236 4.15997891856 -9.19261232243 -18.7375964887 -9.97816457601 12.8636328721 35.5501504901 39.7486687153 43.4932445576 42.9474130905 34.838039129 26.0183988286 -18.7036240052 -53.0652236024 -63.8265598788 -35.3858441987 -6.43753652059 0.0452168027206 5.88699402334 13.2276864289 18.7721669916 13.1360258373 6.38371586791 6.4163000338 5.20953563017 2.24476842193 1.96467323887 4.22711748647 11.1413502496
17.1376664796 18.8115797631 17.0894907545 14.0172256048 13.471138288 13.0007892417 11.7616039071 18.766892719 28.1387645129 24.6888488104 21.2268034658 29.6734907248 31.288385518 28.4284565855 21.7706132581 8.00080316313 -0.809220097074 -3.65469094345 3.94273387299 3.70915153079 -0.841317223149 -3.73974094198 -2.2878016068 -6.49761184772 -19.5275581544 -18.9218006092 -16.3886696989 -9.41621412299 -6.49517691663 -2.97249993848 2.31430300739 13.4637871118 18.6217168528 19.2290587449 17.4290838688 15.3492384394 13.4929727495 13.549851839 15.151800362 17.3804014064 14.2019618143
0.433937756938 -0.082898287106 -1.51993159413 -1.52968505832 1.85717723289 4.59273264352 4.17712347251 8.96126858514 10.9566055959 3.20398782405 -25.5954134862 -34.7158841839 -30.4602801592 -27.2027955252 -38.7679494158 -55.5026445239 -60.6355453674 -50.6259370839 -23.4893955935 -12.078483631 -11.3145389613 -3.20173284531 1.07649546576 -12.6325654316 -29.1757403639 -35.7660386211 -34.2311795249 -28.076992193 -21.6238186741 -11.8295710089 -6.40293925545 -0.486553767224 3.83357931807 5.74230111686 5.64786331715 3.15475646216 1.50426261371 -4.24767417892 -1.40792852541 3.86107699389 3.60647786477
6.72249863525 7.18738470775 9.80118639433 13.1409489989 12.4771613384 11.2311681864 9.45456624966 12.7268446968 10.5273093383 5.35812462689 -26.1844743349 -41.5498580846 -41.6451598424 -33.1003538119 -34.2761305524 -25.7411633976 -16.216260078 1.86617568597 19.4055597925 22.0950693103 21.0064588423 19.2996859456 18.385731335 13.7182200448 5.64388188015 -7.27177337183 -10.9479789072 -8.9753770132 0.917506182705 9.14024810525 10.0659023676 12.4997435721 15.735358123 12.5485067225 13.794883818 14.62745066 12.1964022395 10.7992741561 13.8863073403 13.1219860621 13.405062369
-0.178476329859 -5.28516312627 0.861597726225 1.41955900466 2.69093301944 5.25941563667 4.92487605908 3.6274315664 0.281075466411 3.34195916203 -14.5776632234 -18.8993827363 -17.2828633635 -8.90128193545 1.56317389062 12.9886471935 13.0999217075 5.60641025733 -1.8225594545 -6.28474649161 -13.0760506279 -9.74688542868 -4.69482338327 -5.43567661735 -7.97643129697 7.61271270703 16.2287709248 10.0677837585 3.58408927983 -1.5108903741 -5.80696672468 -1.45745072342 3.56247242378 2.42200939899 2.73804697118 2.852533715 4.4183731166 7.28051790824 11.239618683 9.98495861063 8.35576012936
8.94751077317 4.36627714559 9.43347823402 8.81946750715 9.46008002586 12.2771820559 15.7406525891 15.9629367459 11.3381576798 13.7100393129 4.72168466268 3.85913954756 5.30712317637 5.7823265253 15.6097761875 26.6378967761 21.9600516724 20.9465413439 18.4120345635 17.6800941258 23.7464656809 22.3298879713 14.5753750167 16.2463517431 7.78470024509 10.6761467885 20.0557077587 20.4338834783 18.0276147217 14.2042164925 6.05604618976 7.04613360721 11.3558408529 16.0846043506 14.8939441748 9.00879864066 13.5541203499 13.8163510616 13.8680912806 13.4413576174 11.5307568796
3.94307209818 1.19438912396 2.57033888368 4.66572664044 5.471073865 3.43389575829 2.65814599893 5.21289770041 4.41778504046 -1.28887924466 -2.37421341862 -2.92155328489 -7.40595037868 -8.00988072312 -0.642088952493 1.99044524598 -0.939974205807 3.10944686076 1.97677267431 -2.76440174906 -6.33843988834 -2.0737712024 2.28177390601 3.81489889791 -9.12412281224 -15.2072565108 -15.1464242993 -17.3758008916 -10.755649115 -5.64261924022 -3.94808928225 0.638289181708 4.00265169942 7.13014448694 6.15337687025 3.64546791121 6.81602311335 6.34712440968 2.99602962831 1.05316572531 2.90848254725
11.7248570896 9.4204403226 8.05561123298 6.64924221871 6.93325009045 7.58158474332 10.3199903408 11.1565361534 7.17976559585 5.44803527974 11.8625377245 17.9842269866 21.9381221973 27.7440896303 31.3485677943 21.0610982834 14.7835439901 5.74634853072 8.46324848897 7.89754499395 10.6177018617 9.75295299943 12.948737673 15.1298836443 19.1470498846 23.0742844073 25.9114998994 22.7236301791 14.4703544582 12.0314231784 11.3050646118 9.36059819312 11.3183894255 10.3272549258 6.03508184458 6.95307496449 8.14022547232 5.75252511324 6.23743577576 8.47447989674 7.94576882712
4.9941440619 0.679968950877 -1.36045084713 -2.13425814782 1.83262936444 0.103592159516 1.72610973769 1.88777672802 -0.284032121878 0.636943915766 4.38442854205 7.1964848599 9.84347145537 7.76971863045 2.19485661434 -12.7036452996 -18.1719888304 -6.15470817017 2.17383201787 4.53228425098 6.94121806751 5.62528665883 9.44640212029 7.62536908026 9.75318965767 11.4811996542 5.56462579683 0.208812539745 -4.96231029922 -7.07097406528 -6.42257030092 -5.80462780806 -2.26769904708 3.62783595323 0.89774488855 -3.27064501558 -0.635887185124 3.14253426156 3.18384075041 3.78701440122 5.78869293544
14.0400218551 8.59926650865 2.20774175739 5.20405744853 10.4305058786 7.92855886507 8.3395589865 5.36314984076 1.01258893349 7.44392386627 1.34334501247 -5.32150649258 -1.12906394381 -3.99725455422 -8.12120672363 -6.69156576408 -0.641447697001 -3.52717689181 -6.14872875104 0.665600103379 0.568736963546 2.49110200745 4.71813473439 -6.12800612789 -11.4717066486 -15.5197161858 -17.0896413495 -14.8120150109 -5.4162028959 -0.278054053815 -0.0118236715256 -2.7546117341 -1.58587145446 2.16384319922 4.60775125491 3.22955534578 9.35393926419 10.5618692342 7.152835882 6.07902679206 7.80451882692
12.845415129 4.0142591204 -2.09312321892 1.05770594713 2.36989634348 -0.0589324453449 1.45727539648 2.2296753369 3.39237193627 3.43776117177 -4.25042185096 -2.13260936884 -0.924793449149 -6.48776771123 -5.57279656083 1.52659573997 -0.924650412793 -4.33451654571 -0.244255173277 12.0989871916 2.93256303399 4.67072468883 9.28712435091 -6.62679009751 -10.8245432904 -2.32135113327 2.79781158404 1.76991061222 3.843722528 2.54993016141 -1.97333883862 -5.3062951831 -5.07414998027 -4.90314900321 -3.35121945917 -1.11669544669 1.35442952379 -1.25667329595 -4.18307358714 -5.13735545272 -0.407728574905
