-172.491159633 -166.127931907 -165.142893918 -168.290073414 -167.093379169 -167.788708318 -169.025881626 -163.895544536 -165.302205924 -146.328013435 -116.074276455 -105.07727017 -99.7799204469 -94.0573177925 -72.6774288565 -66.7178994009 -77.7527736802 -84.6468795966 -83.6858130886 -86.1222258621 -96.9352517207 -102.930826404 -105.773336427 -111.831153509 -124.375514 -138.042993874 -147.688892669 -151.048204413 -155.651036122 -159.072161608 -164.110926198 -164.765477912 -165.725980818 -165.791077157 -171.697097791
39.6190147155 41.4620447848 38.7559825837 37.465752446 38.1404721538 36.849797998 38.9750315613 45.0467420756 45.9505947776 61.971353296 85.1714679778 84.5430749552 72.051521447 64.4793567107 43.2968804449 11.8617382713 -6.28713530755 -22.3580274659 -39.6657558896 -37.7650698553 -21.1955316724 28.0406366913 67.0788677203 76.7960888191 77.0019062822 69.1306880766 59.9077679151 58.0055487864 51.1110344179 46.5897597415 41.1506063351 45.2718441931 44.1299184766 41.3936920489 39.4590839777
8.98799020351 7.88286674367 1.74114583538 -2.19953442824 1.43288254475 1.59758586639 0.200502407197 7.11484355835 12.9613383335 18.817491556 19.9991930947 12.6584134633 5.39198794408 4.49197583283 33.0172019737 59.0371513617 63.4226950936 60.5327812511 54.6077007567 51.4530412954 43.3703772866 29.1649134755 15.7123095722 12.0751705688 12.282051197 15.3648903321 14.7600350341 15.8848166646 12.5097921551 9.60574697549 12.0838500877 10.9119438972 7.62148173358 11.4147598442 15.3644483497
18.8059014182 17.1702945914 12.825087302 11.9930673616 17.5213011402 15.3538847339 12.4547738332 16.895438457 19.9748609044 21.7576803681 13.4721330953 12.3325829498 18.3688578954 23.3538065289 14.359511778 8.45722647297 1.44434896339 -2.61881473751 1.87230986057 8.49212941253 17.752583755 16.1499087807 5.89633032294 4.23107106183 7.55274795156 15.907863352 20.4152825093 24.6018146085 20.3895511896 16.1763883401 16.6474483299 23.3098318375 19.945800727 19.423036913 15.1044993103
9.34436862284 4.31572231311 4.30019765443 7.85667678426 6.9362652217 5.24733476522 4.62871334941 7.22652321409 10.239864395 3.82563445907 -8.40780935458 -7.57575871802 -6.58095182534 -7.46503845682 -16.5936899159 -8.83534483546 -1.50447617592 -1.73508206968 -0.259129500578 1.42934394351 -4.23948103817 -6.91797286806 -7.19829700547 -6.15328254595 -2.45298989099 -0.14007127392 0.970389387861 7.35147839397 7.7235658286 6.90123471554 3.61190580644 8.96415838253 9.9966926963 7.86954829258 6.46131933433
14.8100043567 11.8657154531 13.0181331867 14.7841308475 14.3040199872 13.7306467049 12.7156009183 14.2611397639 12.6977402085 4.21510426882 -6.55569505405 -7.09694540983 -0.25729980672 8.25076447186 20.8031963599 26.8845832188 29.9764050693 35.5327031211 34.9423651451 32.4740971597 32.7859169551 27.5236228942 16.8274811713 16.6861013898 12.7254891 11.0929000598 13.1555690273 18.3204232131 19.1654217159 20.4596116542 12.7581978359 12.0140444764 17.5463553337 16.307070174 15.3792213423
13.5566638177 9.6335907266 7.90327980549 5.02248972494 2.19436603755 4.75478817094 3.81226354796 5.4082675706 0.270027752585 -5.71411457181 -6.22978172521 -0.791759885811 2.18638202766 -3.67506724083 -18.8398486945 -21.6632245216 -21.848725433 -20.2400064454 -25.4535360345 -28.4352732899 -21.6067154847 -11.6095571452 -4.64549710131 4.30389751624 5.5594836155 4.0177405985 1.15095781231 5.87923499264 9.30699914631 9.69372283647 3.40760122414 5.35137981588 10.2643893649 7.82293889824 3.32688758071
16.2515591253 15.7497733884 12.951492938 11.6810917337 13.483201056 13.9848715562 11.7035923827 10.0708434601 12.2854686129 0.221179656154 -2.9552132596 1.45291665935 4.00054103578 5.24597740781 13.6847774813 15.6143074017 22.0860076868 23.2868746645 26.6917516641 24.6890342411 20.2464619318 14.8594976032 6.37542025614 0.958860545964 4.2494764241 7.24444188005 6.23124473682 7.67576874776 10.3490876321 13.4112768622 12.7576755333 7.87306064921 12.1240938845 12.2143225402 2.66362415197
-0.282260047733 1.08203848761 3.89915160774 6.01897805973 5.24928594868 1.41505717911 1.60927995495 2.00020778797 7.65633892814 -5.73643669837 -17.6882017648 -17.2224145347 -13.5761465242 -15.3368390881 -27.3481742453 -23.294116417 -16.5389064358 -12.1260007908 -9.89852519039 -10.9402987142 -11.5660809201 -17.2982484172 -18.5325203779 -17.2329622664 -9.77523054399 -4.77223905554 -2.33524294313 -2.00474986574 -4.62801361125 2.15448430272 4.85792509196 0.523706953697 5.70511495371 2.39532311876 -1.89181026352
1.28813138839 4.25357080265 11.509718236 12.339381268 9.31663672644 4.10267273649 5.06346259216 5.78336053169 7.37633487102 1.87992035127 -6.26641556991 -5.44145421331 -1.93173743372 -0.476065898366 -4.23290854473 -3.29334874538 0.749302578395 6.67700026333 14.2322931566 15.9501467092 13.2867881251 4.85224138614 5.00511351547 6.46062237613 3.0128865598 3.5092788327 6.30008769682 4.67515564407 4.71235281479 4.41671767167 3.33272629102 5.20775968811 6.45454405792 2.5352664383 4.07884448125
2.51314799427 -1.17103521557 -2.70419692873 0.872342503391 6.46797923309 5.62689322159 3.39901272614 0.739272048838 1.55372876944 -1.15559722598 1.91299897161 3.93576895325 6.80749054197 9.44855028156 6.04755484824 2.38407692044 2.23522585157 -1.74525224006 0.101345512387 -0.74366020228 -1.60669915899 2.62753833061 7.35835468119 10.3189787346 3.90296935598 -1.12805230393 2.25799232291 0.800870164082 1.21971117297 -1.49361587886 -2.93547301461 0.729541629362 0.692589347568 -1.99456900201 1.67581120121
6.20435464034 5.34763627603 4.32336283981 7.9398499528 11.1573053745 11.8214313827 10.5112805175 13.2571923288 10.8936119831 11.1186170921 14.7861579306 16.4120244954 21.8984257496 20.1342186536 11.4051930407 9.2409592105 4.22431285622 -2.31593151769 1.78057452114 7.78753848838 11.7113737787 13.0475380525 7.90464102941 9.22631341941 7.83409446149 5.30649601811 6.66147158734 5.34086975122 4.92943954684 6.65981266672 7.8331827332 9.09611791306 2.5140242962 2.94156636685 3.32963137035
-2.34357599431 -0.112503325208 6.8438127343 9.4032161071 6.32745651884 4.16753631465 2.60408878876 5.20237830055 2.22643616971 3.71462004378 1.64442397669 -3.47630464482 -7.34123951041 -3.47378037767 4.80254800387 6.38529878349 2.64751592135 1.35176162977 -2.65517435357 -1.60624603329 2.37174826482 1.41899354483 -6.70797596205 -9.51293666004 -7.08978665181 -4.25464349878 -2.1869914755 -3.63234283434 -3.77216559191 -1.12558137575 -0.497939803244 -1.38671140334 -2.06449509306 3.71730819469 3.1997779386
