-160.988419774 -153.115493823 -149.781019255 -148.924417725 -149.811185899 -153.83132023 -156.095640206 -152.642836195 -149.708116413 -117.407673551 -91.074704747 -82.382909111 -70.683764 -53.9625435602 -42.9448847588 -31.1512995703 -47.085471723 -56.1782371894 -68.7646625994 -75.3128971987 -75.9598642469 -66.7008283744 -61.7254995143 -58.034835424 -51.0516177234 -59.9548785302 -67.6482634049 -71.4852290221 -83.4933149055 -103.240603045 -120.304930931 -131.93834738 -138.937612209 -138.102166614 -140.244941767 -143.244333506 -144.929458471 -149.78209803 -149.384924878
37.3316018154 41.6245603785 43.5304802244 41.7651810714 40.8097387932 37.9603694591 36.9727405197 42.7058478489 44.9666266654 75.4605107346 100.733212471 107.417503951 103.945774136 104.162441017 93.7981864235 39.7042401121 -10.8561212613 -29.26201008 -35.0561666969 -33.9436258189 -25.7576096443 3.78162446794 55.7284036558 81.1960649357 86.4542947593 86.7012631194 89.4550551108 93.0636426084 85.3624911426 73.2827734009 64.6925029981 55.3501207999 51.6112484932 51.6200598089 50.6478176971 52.5256457513 50.9109429917 46.2111294839 47.4742563499
13.6785409085 10.9204702847 10.1325333577 4.13912329259 6.36835836306 7.24792095361 4.37718490069 5.86860222243 11.5509662686 19.1819442781 24.1273509535 13.7810920795 -2.62639956059 -15.3658219941 -22.4073023611 13.1234322114 51.952510676 60.1343134493 53.5503343415 52.6727842711 52.5932596256 48.9182759733 22.2926938929 -9.3965335616 -27.9825809664 -26.3103915113 -19.9848731321 -13.2033472099 -6.51069636325 0.668731896254 10.2448801521 13.4355887358 14.0795487069 13.3164170243 10.7574992744 14.3823277816 12.4408940432 5.20565465321 8.25721489206
23.708087166 24.3713494498 21.0731193383 10.4246660449 14.5431227043 19.3542705201 18.6253731627 15.5375581985 15.8011109306 8.13852034552 8.11602637423 2.03809960943 -4.59076540908 -8.18338734247 -6.11226399521 -6.66292837622 0.758644006491 1.02632988533 -1.89933712188 -1.16332529988 3.48140215637 7.54709614644 -1.27642386413 -8.16113952847 -12.4517890185 -9.61540824164 -6.67587993104 0.90757124626 7.02191061673 12.556982863 19.4091690846 27.1444557874 28.8647259338 28.8973374719 22.7923774277 19.9188470536 17.2037098454 12.8193566328 17.080472035
13.1863651858 9.61462743923 4.73317200886 -0.817913773708 -0.120723053719 5.06348066114 5.32842895815 0.499633567374 3.43314905955 -10.1521535537 -20.321018832 -21.0192839798 -17.7626764238 -15.411927311 -7.44591624461 -5.81530161956 -2.10206019143 5.56045095226 9.52419540241 16.0083505235 15.6406049941 4.80820399524 -2.59947223592 2.05055448506 1.7684355184 1.66169690987 2.47397474668 3.7218467341 10.0635553643 11.8043846244 14.8189120525 13.0008376649 13.2408704946 12.5356323087 7.19418424634 5.38324160339 4.00208735705 5.30082910813 10.2169844207
21.0932431622 16.2649767976 10.9079724743 9.6082924675 11.4322028703 14.8438534435 13.732661047 10.970871561 11.7060706297 -3.23674845602 -10.6662296542 -8.14006811608 2.25761309492 6.05396033635 15.6966474174 30.2801113189 37.9650948256 34.344106912 30.6475736963 30.5872520548 29.4481446279 24.4068325782 26.695876978 27.4349805791 25.3293859573 26.8458277286 22.8566539408 22.1916583441 21.1772963818 19.973560325 20.0436256369 19.5305499897 20.1383500216 16.868321868 15.7910914631 17.7175870741 16.0759948264 17.0582443841 21.4499467799
11.950074479 9.67555112633 2.96319216165 3.2211677796 6.82959243806 2.06623299316 -0.928231953108 2.14941715837 2.46656912725 -1.44890637636 -8.30804754673 -7.69321771981 -0.248859348745 0.276739039606 -9.70238423448 -25.9416300138 -18.1468664091 -15.0876593891 -8.67938102298 -9.25874900024 -8.8465656957 -12.1496942733 -12.6439109103 -3.26140084996 3.92685772273 8.96974772305 5.62258833102 6.23481140942 8.63077986293 7.77820052092 7.13741902943 5.72820204424 7.10752732511 7.03752850606 10.8690135908 11.338821507 8.97860563802 10.4571149164 12.6954171851
16.1723582962 14.5880548143 9.15424576585 8.69081385876 11.3384867524 5.00863919039 8.63647176229 9.26984411985 8.36567347505 10.6225364939 9.5908477822 3.68248336637 3.52140966635 -0.639320123181 1.76046448553 21.5320632462 33.4450844041 31.0776207854 28.6954760968 30.0206936642 25.9441472206 22.7661531635 17.9557894428 9.93711790817 11.1771763476 9.26143129461 6.45796033293 5.47714033393 7.54099767432 8.80338157219 10.0300690875 12.5183664873 11.514507177 11.5746415298 13.6202646771 12.1715085818 14.4645879291 15.5821021905 12.8294697058
10.7253541308 7.87509291495 2.77448454022 -0.884099098165 1.6302060641 -0.343230274347 4.0931184883 1.18569769623 -3.79224504105 -3.39476388834 -4.11454464262 -14.0249943723 -12.6430144309 -10.8760697801 -11.0130591326 -14.133153574 -7.47613346736 -9.46821153773 -13.6744115722 -13.6544591709 -13.0786290205 -11.9211125331 -6.86588778876 1.22343908687 3.21036377216 1.76937808382 1.72516717332 -0.488184203741 0.474507516973 -0.406499330193 0.395000956009 7.01695066677 7.41498518275 7.89763386898 10.9901051656 6.01928127452 1.5192091498 2.22447647876 5.28130269749
11.9477873676 7.46448295002 6.64198640865 6.34850759117 5.89047217311 8.82430323186 8.78297465523 6.40682961272 4.1028424401 -0.166576832327 -4.00592038265 -7.71757013379 -5.70624288443 -0.473895835102 5.8537617573 15.6389488409 18.7475385762 19.7828102406 21.1671094016 15.4780261274 19.9649621775 22.0698143697 20.2373385975 15.0455259022 11.6243227647 10.1372888995 11.9435605525 8.31897475018 3.59635448199 5.68854035159 5.25892964107 8.28286037179 12.6615113428 11.7119275111 12.4768126328 6.53770090936 6.69343803391 10.1242395127 10.623326584
-4.13414265751 -3.09356432094 2.77840370972 -0.0549853569514 -2.19828501054 4.01469429928 0.0773486076044 -0.351841214317 4.14069081979 -3.33432617651 -10.3770305663 -1.81076547375 8.16221278566 11.3221779533 12.4518893746 15.2261826796 10.6323091934 6.52156926143 6.52764506634 -2.12528874985 -1.07650883064 -0.194015342658 -3.48324404816 -9.1675673061 -4.98512340976 -0.475140793065 -2.2056665686 0.510408318898 1.8017856183 1.0595464277 -0.853439509206 -8.312671992 -2.14590081812 1.38516136491 3.33048110402 5.39792330573 3.07088708163 4.18811391757 5.97575101541
3.43144219889 5.19822960601 8.83232129277 8.32844685919 5.11752832745 9.63988037036 9.61569701261 5.9174846812 6.58597368459 3.96674576807 4.92159804603 10.7930005291 17.3825001038 19.0301802625 9.96299559075 -0.853761048934 -6.44438429663 -3.03015859727 2.16513400041 6.1034376995 5.32999783964 -2.35525145797 -8.93159914434 -7.12710401254 -6.34057132257 -9.12894211767 -5.21546123631 3.11758163619 7.63819332373 2.81035669933 0.372099367316 -1.68372636466 1.89442755828 3.83217032485 10.2008595505 11.8380130907 11.6008544277 9.16523808905 7.64859335116
-0.243900191694 2.47976691193 0.957638456711 1.48920471533 -1.30620715771 -2.24654586724 -0.281668804045 -0.234880338391 -1.74128353409 3.69433062351 5.84738189209 7.95101611652 4.71195550736 0.619952775132 -0.16318142492 3.11233023553 3.48630733207 3.9044143113 5.4174488098 9.83677186587 11.6725038909 5.52501451137 -0.856540960331 -6.26918702846 -10.7807886042 -11.7492589984 -8.4594414129 -6.05091668927 -8.24990401079 -9.81514100598 -5.31343939148 -7.01269431262 -3.62185256583 -1.10430858397 4.7470809833 5.13789447882 5.90451368681 2.4841085643 2.06159836862
