-204.625725412 -197.610809298 -198.293132547 -201.251221394 -205.752034101 -203.106214831 -196.774117884 -196.644916601 -199.602698703 -201.845732545 -114.396182839 -49.5368308562 -35.8665064071 -39.4477380543 -46.1337861546 -41.2451533709 -40.1778451878 -46.8483778768 -80.8079332408 -113.923613151 -134.076651321 -136.321736173 -108.060713389 -56.0135426071 -40.0182124459 -55.7986298324 -91.31759853 -131.54103191 -158.150028238 -177.675740948 -189.061684813 -188.980938382 -188.115982845 -190.99969081 -192.464021169 -197.113231302 -197.60366648
48.0151416221 44.8292514073 37.5908852835 36.0721790488 35.3276691371 34.6631950362 37.930747093 41.4021045184 39.691845518 38.0445090622 84.5394080229 102.861225687 104.034921095 96.5343662465 94.3921211654 95.3186128665 84.5612976545 32.8654421404 -6.92129662508 -16.697444505 -9.72833562083 -13.8644210492 26.2360705541 80.8988861323 90.9793085749 90.6601494886 89.5315500137 82.2200429179 72.8199088712 61.1246408981 51.3456042794 47.5599857827 40.6085841246 42.1519381478 41.5878535504 39.9799873653 41.1374915228
9.421769333 7.43435645209 4.73846585963 5.42976053218 7.46585724572 8.1248293972 6.63829143711 6.2309315532 5.52695050495 2.35587922428 -16.3353506936 -32.2640548698 -37.4815197647 -44.9884497967 -50.4758646202 -50.8481519481 -30.9233287781 17.1287104243 41.3219868842 42.7181016201 36.5950534446 28.4489364044 21.7093535944 -28.0817815777 -55.1523453394 -51.2761753592 -29.2858723758 -9.52429437025 6.86602431964 17.3216850443 14.3765216404 9.66234059592 3.41556323997 5.25105970986 2.64646327892 3.01399869374 2.90129811545
13.2890428261 14.3370514926 16.1862541779 18.4391780989 16.5544453399 15.6603880379 16.4387760098 16.9601340146 18.3138363666 12.9920521568 -4.34698113783 2.0585800716 5.42709906523 3.9194946823 2.08957201985 -0.103245806542 -0.693856936196 -8.77174337096 -1.24110248809 2.31646040135 1.16813799363 5.22974674637 -0.891589223503 -10.270622513 -8.72964046204 -2.61035864744 2.7434105473 3.00857963208 12.1437016651 19.9806968684 20.9497150452 19.033891752 15.6578397135 15.1601252992 17.345351875 16.4849930487 9.47129588439
0.732635478416 1.87003687098 1.08524377644 3.00599612434 3.64533649968 4.99093608837 7.63955883766 10.8469920157 10.7392124962 5.72761008662 -42.8113791374 -61.9398867958 -73.8536192343 -74.7963127021 -67.3279225272 -59.0228236768 -54.2718023819 -45.9667693643 -29.5343850407 -6.97440873939 1.64910497235 -1.13967584333 -6.40888329976 -28.5235395669 -36.7365788451 -28.118316813 -15.8980883928 -5.72743900378 1.96092213418 4.81454212757 2.54088178663 6.42935191384 4.41707764035 -1.10967200441 -0.641865131305 1.28136267921 2.03685405432
8.88322534809 7.42585497966 6.19278506438 11.6222445546 16.0868845285 18.5798389811 12.2366861056 12.8684311238 13.3757244073 10.3342807251 -17.0422555617 -30.4261117825 -32.7635342227 -33.4029032041 -30.9513866947 -18.0914635042 1.54069986348 17.8164610841 28.0880936205 28.3964241296 25.1361036446 19.2600097312 15.8963981254 18.5382039005 15.6188350562 14.9040179391 9.67256859894 9.24046578122 10.7401972004 11.0115173513 11.5760448723 15.9927469034 18.2621614668 15.3898407626 12.3081322305 14.2784922559 9.13058003535
-3.34818727256 -3.42665675624 -2.81814123472 3.34445027806 5.59311811304 1.22964854297 3.0353423623 4.67164528044 5.6381730586 3.48841581837 18.5636062092 24.6294453071 30.3643727336 31.1830291936 25.1771568894 15.1723038781 3.57807018704 -12.6353934577 -13.2365345774 -9.50058827076 -6.79598701815 -8.13826559765 -5.29860199798 7.71738729246 14.8753798229 18.2178647309 12.4809920051 4.18821387195 1.53008095689 0.796285779084 0.921027436237 0.796008976001 3.87584304768 3.49797688074 1.5922427298 7.5318584208 6.48519288079
6.7021536559 4.24389007815 4.14869375694 6.67662158454 8.32833984688 9.77334367944 12.0100608198 11.8551676722 5.91232164331 7.54268198545 13.8570409202 11.6729102075 16.576307416 15.2644499552 2.43250521799 -1.70502986463 3.07323320532 15.9228513843 25.1365702818 27.7776020689 22.2804412414 25.4678898061 20.7234024525 0.2601031459 -6.24187329029 -8.0516925684 -8.34206483191 -4.91522281602 -2.37592240858 3.33900942163 9.92753249705 10.8185911783 10.0411956268 7.3148995701 6.91993369048 10.7310198625 13.7386045829
2.06804814164 0.0785435276594 -0.807571571624 0.50387890448 4.46596806779 5.30858595625 5.9172362195 2.78062992344 -2.0084300155 -3.6715366575 -8.63374864048 -4.57391982691 2.99754695331 3.52965334165 -2.65948220578 -1.65355408199 -3.60342708666 -0.658691965425 1.31488713726 -4.20871012085 -5.53907208652 -5.04845397485 -10.0290912109 -3.4226540331 -0.377667824182 0.509903634916 -1.02974858274 -2.14798469847 -5.72510905965 -5.17095901963 0.0139775284475 3.9435318884 3.93863746749 3.73578569218 8.22265817651 4.3165253342 4.9723330273
4.14108275798 6.87317122941 7.23910182037 4.94004700784 9.63454227822 11.130443794 13.5454163678 10.6329943321 6.99825288493 7.3809900216 1.17977630194 4.45275178488 6.98695987954 6.84375848029 0.65522220792 -0.154904876018 6.30477366003 13.0405884705 8.59981429656 8.68782262553 10.9609770365 7.06839046824 6.14114716178 10.901050306 10.497754527 11.940266993 16.1343350046 6.45348200677 -1.40011795087 -1.15097189278 5.06259952541 7.4445961516 7.38570218374 8.57852086695 13.0828019541 8.21178946507 5.76233731494
-5.37056066951 1.29911934479 5.26128588946 0.0297072173837 1.70047621976 1.76328043748 0.427210715783 0.527187039779 6.13017201816 4.27328661272 -7.57850106202 -7.4475511874 -6.49014615952 -5.93414516995 -7.93090906383 -0.34911468295 5.95410596848 6.09159636856 0.183315305937 -4.75892537021 -5.65565645202 -5.0511373883 -14.0140333311 -18.8880580974 -19.1867501085 -21.2205322495 -15.766487961 -12.8350400261 -14.0631957851 -9.71196949436 -7.47495259409 -1.12796871486 -0.25076595313 -0.0494602850637 0.696736566624 -1.94808353351 2.41205874936
13.1210821877 11.8431947764 8.01751364633 6.57092876706 7.12223857511 4.11302251854 4.07786674793 6.551860544 10.4051284743 6.22888635092 6.18838830428 7.36338509852 9.05684182896 14.054004682 14.3324555955 11.9805047874 6.23563066697 2.19405392086 -0.243221853615 -1.53005452681 -0.889374180243 -2.87098676785 -10.4138244444 -15.6980705422 -14.1887633722 -12.4487122025 -6.66564194823 -1.88247940082 -1.14465612468 0.456733349231 -4.32691770927 1.82296635975 3.96305069327 4.05203981805 4.75235831308 0.268005360834 0.706837305012
5.23067275585 2.50963927426 1.08235207044 2.11487642129 1.63515464601 0.104796817542 3.31199468716 1.85118397513 0.235961633798 0.261420807416 10.3860066808 7.97569995302 8.05323910467 10.7821343332 6.85990696085 -2.17001820315 -5.69944355611 -7.29699758246 -4.61754151553 1.51659544135 4.23030612027 7.5005781422 2.49081907343 -1.77067995452 0.0832983663561 4.73820178842 2.46929232147 -1.4140354294 -0.284885234304 0.31137889793 -3.34218337821 -1.40183630742 5.05283688533 6.88763529532 5.09335823007 -2.69130853542 1.02427586862
