-96.4621583331 -92.5138806921 -90.5403359775 -94.7003864014 -101.680310854 -100.130658935 -98.2486385416 -99.1168885526 -101.13998045 -97.2946566052 -56.6269864729 -30.1104845122 -31.2412612314 -39.21843282 -39.0814593859 -38.7386480106 -38.4335062223 -32.4242373336 -42.4723436446 -51.6212051334 -47.3082301031 -45.1458261312 -51.8107670491 -54.5815984853 -56.7681383142 -37.2005750349 -25.964889753 -34.2204601188 -36.1247890379 -41.394514704 -48.189671543 -63.8628073235 -74.7088296918 -78.2600373017 -80.4969689503 -85.1971547526 -83.1197375309 -81.5173308813 -91.8087345015 -95.7715627023
39.3421051643 43.867547627 49.7821978902 46.6073014048 40.6205798171 37.1654194288 41.1377572795 44.7405089561 39.0607786548 39.4892106351 81.7422699965 101.700756162 98.5947101443 94.627084579 88.9253014073 84.0548799916 81.9845891891 56.2720802837 16.2755629677 2.036934958 0.624816515244 -8.2477373522 -10.0414406943 0.685930948712 26.9846124811 83.61220756 96.7750093216 90.1105494419 92.3020072978 86.4565123045 83.4241516814 80.3456911277 71.4359017459 66.748986598 65.281858247 56.0030922917 57.5854339915 58.5581045793 51.7686842559 48.6510802931
8.70203193794 10.6700323094 12.064684727 11.4180242018 7.04420360607 5.18408557578 11.1426734297 13.6069243501 11.1229668456 9.00948964684 25.676579549 27.1928274547 28.3403436947 26.227142002 19.2412659452 13.1675262942 22.1069690585 40.1665147948 45.8911480269 48.8493955779 44.4866553448 46.8721184198 49.8658092861 45.1139339146 37.3746558369 29.5109648072 16.2163750024 10.4231938374 15.1245282677 16.4891742538 19.2428725121 28.1697357003 27.674966895 24.7160348778 23.3571207258 18.7524271899 20.9904237418 16.9817832915 14.5823368811 15.6886287665
19.9459272607 23.6822747707 20.2518868015 19.2918820944 17.1988030712 19.1910951033 21.2063065075 20.3142515374 23.5028851259 22.2805703169 14.7284154906 12.7848428561 15.2768633485 15.3599250487 13.0217441313 13.3633062691 16.4901514202 19.1294582526 16.0853628724 17.4249116356 12.0805359016 6.59382550628 10.0395136364 14.0739903133 18.9626390632 9.57097410726 7.27991772712 3.44380833312 5.45022065911 10.3960927355 13.3990462074 18.2183325027 22.8679688156 28.4661766935 30.8320364469 32.0330273722 31.0807410956 24.4544985424 23.8463981247 25.8113489131
5.44534964377 8.90002819653 7.6826369845 5.4083468103 2.68769596825 6.396572495 4.61581135794 6.82997847942 11.3808732565 8.27135407756 -19.6413989352 -34.3455957468 -31.0078484865 -19.4016383887 -14.1775526171 -10.5642893577 -7.36764112827 -5.86765373007 0.00915568321439 6.28811402893 11.080663255 7.83283568831 11.039681237 7.63433872992 4.61063763237 -5.37737660659 -16.1625949659 -16.9040841936 -14.8829221731 -8.46828480347 -5.30485556857 -1.53116531756 3.54678652606 13.0701254023 16.1249191663 18.3653017919 15.807868787 11.69876169 12.3765967043 10.9739308042
17.5861955594 14.8926186368 12.4021816294 9.26821235654 5.60866263314 12.5738519272 12.1293511163 11.0742275162 15.2751211719 11.8663016949 -13.0942257723 -23.7565601227 -20.538126713 -8.13308831107 3.00390376677 9.9824876407 16.074233921 28.9548241014 35.0768294039 27.5722061271 28.9301058547 28.2876051239 27.9913645505 30.0542285064 31.4023961987 16.486883834 9.63412476823 14.4267380281 16.8535633267 12.7478412507 13.7915265783 19.0660239933 17.7206924148 18.0731759352 19.3153137526 22.2164090594 20.3074302548 27.3907897695 25.1616004267 20.5830300563
4.93210003793 3.2553108236 1.83813779642 2.94517228021 -0.799580304994 5.15380047267 3.90927529726 5.2624234063 9.05969534373 4.80122579834 -19.9468096454 -22.8959293842 -11.6063291235 -0.229827376379 0.684757341674 -6.88473731337 -10.6001021063 -19.1088335874 -12.7192025453 -8.83702140663 -7.72885064658 -15.7394087582 -7.7656665962 -5.28259898253 -8.86809438208 -14.1489776446 -6.31975503157 8.07873465217 15.150981025 13.7785208749 14.3360175552 13.4591511019 8.03438670867 5.70799508437 5.2140026499 11.4764218634 8.07636064881 8.95498588016 13.1098867409 12.7827829094
5.12305561508 8.98485867758 12.2994300469 13.6670419353 14.9290186128 19.7446688927 14.6772326975 14.356121752 14.3706571574 10.4972946249 -8.28910437364 -8.41845020263 2.41851103545 3.31839387691 -1.89749618973 -10.7254587341 -13.0529155896 3.61485652615 22.2957303383 22.4015068679 24.2313119636 26.3081189818 28.5152621055 27.1415520592 23.8296387047 3.71735584624 -5.27924187997 4.34886994926 9.6654383693 10.7879789034 13.0833608987 10.2323511456 11.6984326312 12.7698338835 12.6370069392 17.2415389616 15.9485710504 14.375608434 19.0029230855 20.1725199351
6.04084710157 3.28780855234 6.61891383502 7.53429118536 6.76989205379 11.5726673353 7.26798037285 4.35703495198 0.417828405633 -2.15796896002 -6.52786962366 -2.35678612331 1.30874339917 -3.09594666911 -8.15186299663 -10.0840730211 -15.9603713587 -21.155436173 -5.43572315116 2.63028814193 2.63282866006 -4.67262526717 -5.793679472 0.370232854443 -3.75198010075 -13.8865537401 -12.1223090729 0.182501449863 5.71664070795 2.85853117081 4.51673891062 5.534649298 6.69465199511 5.1291322053 3.58011788787 4.21145787538 7.20072876502 9.1244588871 11.9363713009 9.72823536583
16.8839159924 12.8430920837 9.68216527216 10.7616072274 10.5460969829 13.9655997025 11.5202848166 10.3536171382 5.62452695418 7.1384972448 3.34408061288 1.87613342846 5.82704448594 4.55981318601 -0.885296970621 -0.820189311819 3.45217991568 10.7083606276 16.4332703404 15.6440071288 14.0137534595 10.745233106 12.7646302683 17.4472823723 11.8865400536 7.12218531305 4.03171660294 6.38746287288 8.8984015361 8.76122149944 7.23453068421 6.10654588888 6.40232430986 9.30579030587 11.3550601957 9.64230774095 9.18285843699 10.8858464851 17.8250984834 12.7499846264
0.32935072948 3.4248138516 4.61550911646 3.96024086744 4.3610057893 3.95038135362 3.7152934435 7.05443356039 4.57112042753 3.82298908475 8.46069820111 2.92916303906 3.80299628969 4.17076713215 4.99750433767 10.4065849784 14.8741043667 16.0790920416 7.27048168566 1.60116104063 2.18950490216 0.761023915237 2.08305337267 4.00335200629 2.88592292173 9.42560207093 10.7644954209 8.5325952073 8.67561481547 6.43668903623 2.09633196051 3.16742567996 1.36416687713 2.97481181666 7.17282116475 4.81411675503 -0.151358104827 5.27173923513 11.9051948058 6.1360181858
6.27141804046 4.44240024714 6.29088547038 8.61913910709 10.7744770049 6.66435684856 2.62661863909 7.46589658725 7.68904806583 10.5535949625 21.7321520905 16.4486422361 11.1804087543 8.7800207675 14.0440266289 18.2894175536 15.5166705114 9.12550205704 3.262670507 2.5647311238 3.97004699476 7.84724020457 11.8077267465 13.816642962 18.381265034 20.4147472966 20.7528853345 15.8990846684 14.0795241373 16.0675826463 15.6418259884 11.9038682812 12.4727994191 5.5214301181 4.55011257402 4.95453594739 7.62270136603 13.3483752938 10.1299170161 10.550658951
6.03790103574 2.6941927679 1.78742583505 3.75363185952 0.955086902967 -1.80146278665 -3.60179914044 -2.07518210037 0.651488975376 0.390549334748 8.81833729032 6.83697924931 3.7929301851 4.58784708623 5.40532581531 -0.0446401229142 -0.428490761825 -0.993771990437 -5.689633888 -1.97959428141 -0.741200849626 1.32095698192 4.20824688902 4.19189747306 9.28410097499 10.0152401623 5.32535627724 0.606809877472 0.175485779474 2.80714275073 8.04326937875 6.90030694342 -1.48030231927 -6.8807920197 -8.96271427394 -8.31442153288 -2.08721610083 0.174490761481 0.988209645603 3.81328356106
