-292.181261867 -285.937234985 -284.330786042 -286.542603291 -284.732227043 -285.52905559 -290.253026937 -289.430315902 -281.353493573 -262.091890617 -237.98916674 -191.456508789 -145.80224719 -123.14390753 -114.333044044 -98.3197274111 -77.471760218 -49.8112267746 -34.5138901917 -42.1477018204 -66.2055398591 -97.295031437 -122.767236602 -129.028441523 -86.3383476407 -51.1074473355 -47.5065796105 -73.2322533074 -115.138539166 -158.506059483 -191.370811658 -215.986685715 -240.047970922 -257.229327835 -278.140750052 -285.710837906 -290.048172072 -285.162912201 -288.503365803 -286.828899019 -282.973484206 -287.881564393
38.9676874737 40.2465293386 40.3346911604 39.4002497744 40.1248788602 39.9513989881 37.6175047524 38.619040372 43.1830929012 60.109872141 89.6422806823 122.387664246 128.776009344 116.38471735 109.170713598 112.953079004 109.083969159 93.2040532407 84.5072243549 60.7147315054 15.1722497127 -16.5871548988 -34.0781357852 -41.5074691984 21.1193076157 85.8591172506 116.129400561 116.72915744 118.921653994 121.629983429 112.493986164 100.828192868 83.3781724936 71.2530236772 55.1954320751 45.8798584033 42.6572402445 42.5105680071 37.3294466845 36.553883262 40.9952054017 40.2445562963
7.08622191143 3.93215376902 3.71546146371 7.39197448174 7.85269963986 9.07503172169 7.78087361741 5.56412248365 4.17712398722 12.433871514 26.9449064122 47.0267449087 49.1823624909 37.2196943343 28.960430546 16.1533224646 -2.40592230426 -19.2146097186 -10.6783240362 23.6942508041 48.436320092 47.7175945711 34.4009293661 23.5074775311 41.1146550699 8.11851738022 -13.8193095639 -11.5101902865 -1.99261371959 10.2881148517 14.6674216203 17.4754286035 15.6433204858 16.7397552194 16.0357327562 12.4394880972 11.5697968188 8.01317790129 7.28369099507 3.68833348195 2.28075958828 3.3806792614
20.2398301742 20.2270951898 19.7216515767 20.3505269322 19.7967033013 20.2454046757 19.263135949 18.9794784609 14.6379082443 12.9714687871 11.4907666348 13.8632587973 14.6027253469 17.7167713343 23.989886286 18.1676367583 15.8785582521 13.8856440803 15.4987662769 10.2682378043 9.34617076358 15.7084626535 20.5479115449 16.9547559289 21.1902232075 21.3298356128 22.1547024967 13.3810798579 7.16791676787 3.97245258822 2.68736533779 6.58147350917 12.1722726311 16.0638800435 24.6607581853 24.0526198976 24.2202316001 17.4894792565 18.8150765768 14.6210967966 12.1584191325 17.4030282541
9.4926014603 10.1209187346 9.71341080113 6.18815538269 5.35964228715 4.29788154841 4.44604956455 9.25511792644 8.17671019518 -3.00905456147 -20.8592515441 -34.3880440464 -43.2089593055 -48.1139602196 -47.5826352459 -49.7453581555 -48.9996121058 -47.4037901814 -40.8277138098 -35.6207036733 -27.0088287986 -15.2712130121 -16.119253814 -19.8781286627 -27.7298633242 -41.9886434949 -50.7059248432 -51.0386429105 -44.1172668656 -34.1808790103 -21.7881256845 -10.1664054788 -1.12505528997 5.03133852928 9.41629604034 9.70654035385 11.1888910796 5.61175403118 3.38358181142 2.45753784506 2.81128805304 7.19208881464
11.3398123238 11.7835645097 16.1209119936 17.5823669065 14.3138138176 12.9929688584 11.8785107482 13.6655789096 11.9146209228 0.0676777409546 -18.9707283657 -29.6686464657 -36.8147539798 -38.2086564646 -37.5207883874 -35.5549989523 -25.2436318952 -11.6426907213 3.86044029579 15.1899041286 29.6941103605 35.3087486971 36.3073227487 34.8949712544 21.3135706266 4.71858271214 -1.70465690735 -3.78431238447 -6.64736150827 3.1817003759 12.2987196975 16.8697162844 19.4762722732 18.653883168 18.7241362135 17.5044166748 10.4898218466 10.4731524737 7.27921458505 10.0475476874 13.4324949388 11.3545681485
5.05811736505 5.46856352402 6.0382615977 8.42577407159 8.51958996516 7.16608916465 6.14305540091 4.25940525337 2.29047096586 -4.80906128265 -21.9441622175 -36.0633386535 -42.3358423767 -39.7050013167 -33.37022662 -20.3738440598 -11.0698482343 -11.7224780776 -10.5332816624 -8.49297998456 -10.3713450158 -17.2922093286 -21.2280777296 -25.1022433438 -30.9900552762 -18.8431535577 -6.1464026784 5.85603319972 8.19017159956 10.3314540989 12.3975692746 13.8906863401 14.1399248984 10.9946729437 6.03558903736 5.50340316982 3.19723807417 0.893596014072 -0.39290334759 5.27045722214 7.94445777459 2.62301382054
15.0282097836 11.3799423396 9.89502685379 9.63160084433 13.1364488709 12.6310171287 12.8812297329 10.13278002 10.0625893052 5.29104932254 -2.41144285466 10.8336952435 21.8724540212 23.2853522971 24.8047713763 30.6137786353 36.2863243347 35.1732882643 27.4625234123 15.1825956519 8.05055752089 7.8894314459 15.3115593483 25.5348387764 8.005553102 -0.506055755046 0.701847237122 5.74458077535 8.43350519621 1.56541367032 4.10989782371 12.2581457026 17.6696927998 17.4470652307 8.23620866181 11.2248890001 10.8268541775 9.32385847353 8.86066010318 10.7858738734 12.576928014 10.3972205409
4.49675950608 2.94766396436 0.941523060347 -0.0502240157112 2.14676252875 3.09633127139 6.01767144279 7.14498266356 5.29809221709 3.59908864593 1.70958794995 -3.85996861389 -9.54459455684 -11.2296608551 -7.61774706568 -6.03485337231 -9.72330406649 -25.0881035693 -34.9948145846 -24.3953091459 -16.8437720066 -11.9231205123 -8.2634550248 1.16542323261 -17.2721391439 -23.9517134953 -25.1119769107 -25.5834673917 -16.4971749849 -8.63227348089 2.11551463312 9.90568601176 10.7763568198 8.87839454468 2.01986381484 1.98492724199 2.00379357159 3.88825374079 6.02072025834 0.303766551822 -0.521549129789 2.61206262773
10.2702623044 9.88697189684 6.95342758939 5.74041976531 8.00002463857 6.0644022764 2.63557472693 5.54459258388 5.7492482724 7.65221386936 11.9090234043 12.3445802758 7.92786234311 3.61781686507 2.68599938444 2.00238866829 -3.77427503979 -6.03592355431 -9.56231058719 -12.2004943392 -7.79341631969 -1.35574864982 3.73741367993 3.62111885902 -14.5261734875 -13.1765396677 -6.76181624486 2.74412962179 8.42783718891 9.12378697055 8.18210247754 7.72710501609 8.58310521657 7.72736573448 7.50498456603 7.01501914137 8.35657464042 11.8038932874 14.843283207 4.26565794337 4.17608255844 8.59352760011
5.45849821853 0.461746013961 -2.08665314691 2.01916038556 5.85369044657 -0.5074916655 -4.37210677431 -3.79796938218 0.926745862443 1.11773590752 3.07501511129 5.4300220085 9.35683999217 11.0221527076 10.9157100079 0.607079464202 -10.3112467775 -13.2624018297 -17.944578224 -15.6496741332 -13.9494669833 -8.75886721683 -1.89965241723 1.44084487238 -4.29743253531 -3.54198243669 -2.30575824078 -3.46772710108 -7.66682892849 -7.02028446349 -8.43273699059 -10.0648290029 -3.72523994176 -1.57646322697 0.768854773504 -0.0202033339175 2.56575234584 -0.586690898315 0.960359523515 1.71353292782 -3.08882270745 -1.07898841108
6.06427802809 4.33957636696 5.10174342966 4.03780481276 9.00849568331 8.77455298908 3.71044855655 0.784802175708 8.07572971951 7.65640074569 2.59366328684 -0.892264344285 -3.7537952011 -4.95302806924 -7.67765678381 -5.16281391267 0.575152816879 10.5261944132 17.8618124064 19.8600752963 17.487751671 15.3821475481 14.6153309769 9.93348637835 9.18205252226 21.5459589357 19.3254969485 12.9788226316 2.02899347738 0.0710945724887 -0.401981669854 -2.59403278459 -2.81467115351 -0.419036018253 6.20254244334 5.15582298428 6.87392949422 4.10661646259 5.42260045411 8.8246006184 9.78422776617 6.85345092843
-5.33095116227 -2.8767725105 3.31742763335 2.63004523986 1.8152563767 -3.07311674338 -3.58056075185 1.65558757873 3.00715973614 2.6748476263 2.78322405857 -3.20373545508 -5.82824007771 -7.28474350852 -4.79598135874 -6.46249612667 -2.45740864288 0.95042999202 -5.94323728403 -10.4299790125 -5.41413795544 -4.79926374237 -3.15215650702 -2.58720930583 -8.06742186031 -10.0877504846 -0.430343008106 4.74556192867 9.03448873926 5.08451822268 -2.85458946999 -4.51511290836 -4.58683492802 -3.21016840967 -0.699428061114 -0.222995394881 2.05997939476 6.35145317093 5.21883088833 2.94826399282 0.334404907752 -0.913112475878
