-199.63111835 -192.965064005 -197.377419732 -196.790505555 -195.281554026 -194.019936808 -189.448486159 -186.987705104 -186.808221101 -191.876091889 -143.526713158 -100.681975842 -87.5893432459 -81.5099358432 -81.365593396 -75.0849983771 -63.1766093507 -58.707397877 -75.4775944246 -108.815062556 -125.291412988 -127.384048588 -122.765472504 -91.7863455552 -72.8035700824 -62.8165533018 -65.5312609201 -88.1084762208 -119.514164515 -146.413359924 -163.18018638 -176.575925034 -187.863589847 -190.926501032 -196.254580773 -200.842860356 -199.745658993 -195.605774554 -202.699573191
42.9771489692 48.894243099 49.7141608129 49.502508065 49.5771921057 52.5855254957 56.1016407415 55.210690136 57.0237705609 54.9603012342 84.2362117475 101.868492721 104.181214451 97.499426595 91.0312861635 80.1772802465 62.7619438231 28.0258862712 -1.72145230063 -2.81712005913 -7.93127011837 -15.9394546804 -15.6223446446 39.0396473769 77.2160598018 88.7455640603 92.1889647307 84.9788230333 83.2767326761 78.8205598882 67.9254365309 59.723411225 53.0435744068 52.8744970842 48.3278238585 45.9316951761 49.0971205382 51.8190308973 43.3726096906
12.0829721303 13.2982059221 12.2513802189 10.1527184668 10.2165362425 10.1783529454 11.7956155278 11.8531481185 14.2558825507 13.9571194719 23.7173942858 21.8099637815 22.6616401237 18.9172444368 9.57171521969 0.709355763326 1.65323609124 28.9542758436 53.2137702453 57.6695298628 45.9266894781 42.1738145564 39.3280220203 33.3148724688 4.41077351068 -15.3411055051 -27.5958058417 -24.5368049435 -7.87867093399 6.02965788854 7.46481124857 8.71780995378 9.07926621777 10.1466227502 8.29894235503 8.68761369751 9.12575892941 11.4683257327 10.4057710446
22.6125786239 23.3129478133 20.5815669234 14.8406168234 15.3405244814 15.1822534657 18.2611288754 20.1436440132 19.4959191384 16.9651395878 25.3264734411 25.6059624162 18.6160531917 14.3554824451 18.6895265073 20.3468678872 21.7094999818 18.7643200101 14.8277715134 7.580427685 4.6655432596 5.92028448897 17.8635637574 21.2998281187 18.0980641333 11.5165086614 5.49918901018 4.34010811502 10.9374909093 19.3481181008 19.1392119364 16.705473214 17.4688593947 21.6640310868 19.3123923764 15.9761568049 18.8758714634 19.2675281533 18.9726987792
4.09126692543 2.55520412924 2.10033183654 -2.13732995286 2.03666307101 3.80391931828 9.18986562857 13.2678859738 4.52129048288 -0.217944265848 -32.8571288945 -53.7597850668 -59.1339902033 -64.1328808973 -56.8434782015 -43.4587029706 -32.4009702994 -23.3773386578 -14.0555625193 -1.89124535479 0.654644910774 -3.24803569448 -5.45193856841 -12.8437305426 -20.4712353478 -19.667749262 -18.5434365573 -15.0950498623 -3.75752404285 6.99516274966 4.89146261131 0.837030685712 2.50425577973 10.7765166708 7.51591545966 6.12146872533 7.95685376002 5.58362805959 5.351784624
12.234576642 13.7960906351 12.5556919542 11.2620326032 13.0936454184 13.9056085875 18.7045248367 19.3483742682 9.89800511765 7.49687548802 -23.0743254187 -35.1564494234 -32.9646230985 -28.3405322125 -21.5902087006 -4.62957589352 10.5219254774 22.5186801543 24.2983791843 23.4352061059 23.6958740224 23.6805393884 30.8584984851 26.8457972549 20.9841886534 15.6380421759 13.3016775241 12.2776407752 11.7906115899 13.1211454938 17.7609866548 15.7868484303 15.3759127847 15.9388611642 13.1284452296 14.4998753292 13.7664928366 8.10393202725 3.76062456911
16.2124996768 11.0527977238 9.39213000814 8.18842033595 8.71098514337 13.4313662699 14.5218999661 5.78590249721 -1.48037021667 0.642815399314 -11.9106663503 -9.43427598049 -6.90261483087 -2.70323433552 0.302446561313 3.35533443755 -1.13540253007 -8.85645939812 -9.59964847883 -10.8032404873 -13.5008761472 -14.5179418731 -8.02829163669 -21.2561624614 -21.7523832426 -19.9990078642 -16.0031386141 -13.7810834745 -15.2019149376 -11.284076774 -5.16706278906 3.28585901171 8.08434603377 6.995621101 9.4722382626 8.96373973147 6.41630118487 6.2964989682 8.00615928911
17.207295011 15.9774308487 14.8754485471 12.8365967352 14.0197507007 17.5526148263 24.135633966 15.3594214161 10.4946574729 11.5182666236 -2.48704313689 -5.24702877511 -5.57604865179 -0.493404986906 1.96902972585 -1.50338541143 -10.2386354973 -7.92431183486 3.50136455296 9.33981011426 11.2272481156 18.0121398891 18.283514659 -6.53704121569 -27.8133115182 -29.8821872588 -22.2718149768 -18.6105207644 -17.3867955751 -9.88035531678 0.904950954393 6.59164484437 4.81145444487 10.1686102282 15.6673950484 16.6641174005 12.7245193289 14.1087167106 16.6453471847
2.88086860763 3.38288612395 3.61561477922 5.15719395489 8.36070143175 8.38412898912 5.70671540575 3.76352517688 4.4895883061 2.86611489501 2.28170861985 -0.634692744022 -1.35187511901 -4.16990815747 -11.8666335237 -14.7618803564 -11.1338981798 -8.07580679303 -1.0926051272 0.154422871357 -2.25414348681 -0.396710065631 0.74133775971 -8.45114901837 -8.68667524667 -1.5660757456 1.93349518524 5.96024961454 4.91417959118 -0.0708172911609 2.42402692516 0.853584671603 0.0143479368895 -0.0190092818901 1.40512823624 4.66615544413 3.97811782397 9.81467822145 17.3795670988
3.42066172309 9.2789364565 14.0886284399 14.1967125935 9.91850897666 11.2835447376 11.3891445409 9.92024281489 7.1283644114 6.6973698456 14.9853745605 16.4253569905 16.5563157761 14.1686764138 7.23996153825 8.30800145243 12.8139457188 8.51531519964 5.33351425358 5.37201768084 8.05887689051 11.8552096633 11.6316597547 17.4307284017 25.6623856243 27.7661898973 26.0857560023 24.2164018687 20.3009356462 10.0907539199 6.34758760339 8.21543251819 7.20301804836 7.60814043128 8.55180210644 8.896608277 10.9488115835 11.9745121379 15.1745958927
0.0964293112439 4.51102605079 9.38833842523 7.41889456259 -0.726896250001 -2.03356695082 3.0871943108 4.06998657821 -1.03227681096 -3.27684369553 -0.169366194043 -1.28500983559 0.817491947496 -2.38319896629 -3.28410838221 5.08313315883 9.74024345163 13.8610091924 13.4856936179 6.94780591301 0.146355028984 7.59282562955 10.032740998 16.6952283179 24.4081949374 20.6156948705 14.3344381044 13.1152366636 6.47510761457 0.949818713731 -0.548092352567 3.19312233914 6.14552507821 5.0217466641 1.72147886649 -2.00026699484 -4.21770914378 -1.12681306799 3.09383900043
8.82891050422 8.93939800872 7.62876617177 7.64152775868 8.71601338982 6.95254848751 8.4789800845 8.6949474352 7.09416037984 9.2221996091 7.53572205903 2.53952034837 3.8456582514 3.60764210536 5.84418454971 10.725334084 8.5343935588 0.110173161482 0.392885660466 -1.79489105768 0.18469180348 4.70564315093 8.01394080459 4.62121931957 -4.44167990989 -6.70760237208 -7.74367665329 -4.0726719566 2.71426353036 4.69745431173 4.10515364286 8.89626352279 9.05509999079 10.9466056222 8.24902214064 3.72541873028 3.77018342712 3.56838393996 4.10228808928
1.84609125609 1.62114154631 0.151310938186 0.783335877817 7.10268074355 4.88355799024 2.68488767838 5.08650440879 4.05620602828 5.39526957473 6.68520892197 5.14983644084 1.63629240894 -3.66237135725 -7.4373047526 -12.375225106 -17.1766711306 -5.95612729096 -1.39191242379 -0.000805085927248 -0.0193555258375 4.58390779011 7.06840929676 1.86671897246 -4.90538244342 -3.10282329157 -1.63466287375 2.42554076729 -2.85913547594 -5.10080248608 -2.75594421745 3.39144802291 1.29863427314 2.21972874846 0.798967342733 -1.94362970603 -3.04205987431 -2.03018005083 -0.726868101997
