-199.42842024 -177.596639871 -78.669758458 -26.6177064703 -23.57811524 -29.9190082683 -39.4108877994 -52.2620850549 -55.1740572372 -44.4931074874 -32.2577495101 -26.9333249513 -28.8443822215 -43.2395484597 -65.8236861303 -103.064145565 -152.192541666 -175.062928013 -184.415476109 -192.73803221 -192.293247716 -186.535177426 -153.565718264 -147.612729415 -169.713034812 -184.011519669
38.1503067949 42.1624957653 78.3461459142 78.8637823361 64.3190328785 54.7782942373 48.5097596811 42.7491162056 39.1297817366 48.2977135966 51.3641149992 49.0831373751 45.5901108183 37.8435535467 40.3875405033 47.073115726 49.4435746658 41.7007201385 40.6457036034 41.4629397779 39.9361289886 38.6467220585 40.8622764487 35.0666702768 32.1704509528 38.0423458914
12.1979203915 5.97994260834 -13.4198351064 -35.5651659317 -42.392166755 -41.6309569239 -34.7272964518 -29.8440430997 -33.1346226045 -37.6698820158 -40.0111420101 -45.9903417466 -46.7118417869 -40.9906054649 -28.9003012244 -7.54238549077 7.89928251468 4.74854817955 3.03377516837 6.20691007977 8.17127532702 2.2647961526 -2.49510142601 2.39811167966 5.09347977884 2.75620894666
17.5197422605 23.5215249831 39.6319517546 52.6174359214 63.7398822739 69.622662438 71.5073865923 73.5829744759 74.4457941337 71.5077284506 76.0771945375 78.0263675235 78.7808829231 80.1381336516 73.8824290597 65.027150368 45.1675035189 27.3843918166 21.6592516955 19.8014239494 21.0214918603 20.7593951056 19.0408868126 18.7552852349 19.5379638019 16.6730184436
7.32962248033 6.37223153588 -2.15755216405 -16.8860964322 -19.6776718197 -16.8306444842 -18.5883919805 -20.6275764465 -20.8453547925 -23.3140676129 -19.0785905317 -17.5835207571 -20.8148110647 -19.8950889585 -15.1076040677 -11.4391679034 -0.856478041522 2.72418823464 4.44774143587 2.68652502345 2.18957273854 6.2106267321 4.54757578852 -2.70934644258 -3.30184660826 -0.265497860043
17.8708845602 12.3479108099 -27.3749646033 -46.2306165952 -45.1294417995 -40.4986413479 -31.9913974459 -29.639010121 -29.7065182157 -35.4645448258 -36.6765609977 -40.3904155044 -46.8341549265 -44.1340056622 -32.2647841775 -23.2912155035 -9.00801522991 4.25367960651 11.9243799768 10.9241714142 13.0290048315 13.597000675 11.2360203213 4.4951800404 6.03808579435 5.13300891079
0.753134991227 -3.22710461186 -30.8380771628 -29.9799847908 -16.8957758865 -9.64017001662 -9.43128156858 -11.0114139713 -12.3600760625 -15.3907802112 -10.7205710952 -7.23266681772 -8.01636481874 -9.36983245659 -12.9241612727 -12.2729615404 -7.10493871336 0.525282965787 4.37869982206 4.03901890388 6.9155106455 4.81276898129 -15.2003594267 -22.9465783721 -16.3350419486 -10.1853254307
18.0793365019 12.535343449 6.01936629773 -1.51761645942 -3.83522823864 -1.30939333535 -4.39762477769 -2.71419072898 -3.45959598037 -4.13838910728 -7.85962711054 -8.67328165787 -9.75936849263 -9.00616303117 -8.16234469562 -3.20776149386 0.862506904589 1.55258882208 1.39542711218 5.32892328215 6.70989004154 9.14112145526 16.4902396527 19.1976895706 17.0999925655 10.4021077646
10.0428742081 6.5594736031 -0.662489265413 3.42401692548 3.0064750131 0.468210988897 -2.83691263854 -2.75036420943 -4.10367952441 -7.21970903826 -9.1619517268 -7.62022275277 -3.60948865483 -6.96929360135 -13.8188734451 -18.0674751343 -14.1991804564 -3.47171475461 -4.56767632593 -3.03620442382 2.20099109541 4.14542800972 2.77905092562 -1.71294736439 1.92745026199 6.46622186691
12.9995575068 11.5569222832 -4.43082191662 -10.043506139 -13.0103300245 -13.1695447296 -10.2307493218 -9.96891976429 -12.7526934789 -16.4982431501 -13.1729819369 -12.4729436943 -9.28083073672 -7.82850236467 -12.6512106123 -19.3639367909 -10.826311792 7.81738449265 7.0200061503 5.2370211887 11.5103882263 9.08398128053 4.73189478902 2.14014313566 3.0592909767 3.32087988321
6.04983086144 -0.706197041607 -13.72800183 -13.1837873567 -5.27354025859 1.48210443988 8.11627980818 8.86896517928 3.75667793349 -2.37647307808 -3.46076007487 -3.76588400701 -0.438089152261 4.19782537938 3.20848374306 -4.1970269784 -5.60072470529 -1.17664542749 -3.77442059737 -0.30250378111 1.55604495024 1.017295464 -0.697082163326 -1.31315524091 1.89856236013 -0.43173903759
1.94878038349 1.68924039707 10.0202819477 10.9298431593 13.6654776626 14.3820114664 11.3730998047 9.50698981375 6.61882241228 5.26015751874 7.33931610089 6.21571987949 6.52910373408 7.79556615266 5.17999476231 -2.10713560239 -0.347327652078 -0.783674123943 -0.0936237788291 4.8632860604 8.92949635685 10.2198187563 7.64271271478 8.96513610852 6.68763908739 1.60791473364
-3.35668808849 -0.470263712402 4.30246429356 -1.65655557023 -1.96052146446 -2.67837518103 -3.20992570155 -2.10660371603 0.422650830954 1.58136657537 -2.03062073192 -3.39820841084 -4.4765066592 -4.20165953872 -5.14132297429 -6.29500715952 -6.69515276691 -4.59179965268 -2.47781677917 0.322476545807 2.947566804 2.7393868914 10.0109126152 11.9583357698 6.97803856625 3.06022215481
