-286.008935956 -282.801729542 -281.738220578 -283.593347888 -277.32711059 -274.441309985 -278.9993727 -280.794257774 -281.030260034 -282.554051158 -217.414482647 -116.84313481 -72.639974966 -42.7757920654 -51.244727331 -89.0506879269 -106.479313655 -119.657021504 -108.059900619 -105.339693737 -113.379365061 -146.199778841 -217.611292515 -251.023312852 -267.254662509 -275.420227174 -276.213586046 -235.6417918 -216.050776422 -233.47806001 -254.035507132 -274.967109161 -281.923381306 -276.146312781 -282.045124692 -285.302460409 -287.32662591 -289.573264636 -295.963540806
40.3356815947 39.6271202514 40.5766546831 37.8575491253 43.5130460703 42.9802909009 38.3043912877 40.3371756952 39.7789611429 41.8758781326 58.234036468 80.3991024224 67.9273397573 70.4108161742 67.2611904667 54.07064996 47.7077520784 48.1756903752 48.1876875304 43.8378644951 49.6112618083 61.3879673982 62.0851066913 52.0209769973 45.3653473657 40.8266281213 41.0091678132 27.4000727494 16.4069800721 16.1842815168 22.0858738048 30.9088371648 36.2736626691 40.4213788748 39.9863959191 37.9475013199 35.4871260788 37.0824332785 37.4220436458
7.35374277294 6.98179814126 3.76546037873 1.50866226853 7.99732498714 7.03536455244 6.16749680594 5.56977749212 5.94978067215 13.6061779422 12.8268495261 -5.25751486205 -33.9053508881 -62.1562386148 -68.0442908428 -49.4355169268 -44.1299428883 -41.5144059212 -51.6741473637 -54.0137618967 -36.5645532159 -14.2595233976 5.29314619653 5.61154116057 2.85437889272 3.04308470991 6.02152694853 5.17583161596 9.23837658744 11.091102182 4.2434612044 4.91901053289 7.30831570788 6.08343477541 3.69180205841 4.41051733291 8.50889691151 11.9896670829 17.5513145092
7.87540101621 13.2858142989 15.8194051268 13.3083095872 16.1072163428 17.5882897824 21.0846726183 18.6103773877 15.0095206629 16.9492029644 31.5967888006 32.5743754932 35.6423341866 24.617006927 25.338502638 38.0747668448 41.8929831559 46.1286024185 55.2789929756 50.9558332863 49.0655733406 45.2393023032 39.0995650211 28.6558294723 18.3601933313 17.6840876732 18.6815988802 11.2669076577 9.82709728955 9.99570480231 14.6398995514 20.7572292284 22.4320129968 22.5656285647 16.3094389385 14.110809938 16.0502175301 17.8101125669 19.0180652973
2.74969659903 6.33583716374 6.76028557959 2.02676399233 1.32636467158 1.44719791533 4.30284220654 1.73314277974 1.22894637471 2.79427181888 1.20162116025 5.41993030455 11.2998893697 2.13983088679 -3.19719670991 -3.19418288514 -3.35572867669 -1.61551743602 3.95533989058 0.171557591239 -0.394898340745 6.49123637215 12.4830742024 11.1020596103 4.62260280626 5.70867006296 5.07976366542 -2.17767242318 -2.40316031298 1.96054317364 2.88514410613 4.5843977462 5.05517047598 4.42517036358 3.894751681 2.20477154929 3.73911662312 5.38447831351 1.86860975093
12.4725225288 10.9907048274 9.27177496737 11.8407055022 12.2039984525 10.6708452226 15.3014364536 12.7153465371 11.7042135489 10.6005547037 12.9138688993 1.88239741182 -14.3592095723 -25.7531341395 -28.2415153085 -29.3383182529 -21.8060558751 -19.7808983989 -22.7706000498 -27.5806425809 -22.3620407186 -12.8234740976 -5.59657736451 1.84155415056 7.6620454568 12.8424851069 11.8049975775 11.4997673642 11.0108853298 12.9958406799 11.2732336923 10.448701399 8.62444640044 9.36371927339 14.554279098 10.0175827894 7.61614396658 11.8336649945 12.620853646
4.30974470024 1.96499376175 -1.6283321948 -0.470692760693 1.04015083898 0.398112897527 4.51786836502 5.03459041093 4.46951099051 2.34594815152 -9.38366435711 -28.1418074801 -38.1056132638 -45.284361835 -44.8791083594 -38.5305940557 -31.3775039862 -28.5592921475 -28.7156230042 -32.8574406179 -29.1258078815 -27.0807755061 -19.1681584461 -8.13127320574 -3.16768629096 1.4699883593 -0.771333066005 -4.76321852462 -10.5541978378 -10.5582241486 -10.2242533906 -7.54466138157 -2.32629551958 -0.923830320991 -0.0165085235369 2.63716566869 -0.507041467609 -0.448188552974 3.99519297617
14.0876932308 14.232460874 12.9017349502 9.29475816694 8.26168052384 10.0613385136 9.70782690195 8.76100102802 9.65179514873 4.11378918245 3.23968863074 4.0599530848 9.97677579584 11.838091728 8.77304203674 7.31835032059 6.63979773732 7.54335493096 8.70710613613 5.09435659141 4.76430425876 1.01326050654 1.96009399929 5.07406163679 4.87009095121 3.99005134934 3.83450349574 15.1371106115 15.6658763499 17.1184593109 12.4527848088 6.77770090273 5.5426869499 6.36666301678 4.32327864615 11.9276707066 11.4319044853 5.92298608512 7.16663722545
4.41851340945 5.16928266649 6.92292236568 3.27504633994 2.78806546649 2.51117283683 1.54233586514 3.97947484652 -0.730163545497 -3.79856314564 0.121836472233 -2.42457675664 -7.06460357635 -14.2057587614 -14.3330530249 -9.76747035445 -10.0058339235 -5.58514618966 -8.7193472277 -12.3759003414 -11.8200584059 -16.1260630557 -9.59243975461 -4.26961466312 -1.68969342683 -0.157504319181 -0.586856758394 0.33721126318 4.97797350541 8.21747564954 0.976864942227 0.490460483242 -1.43283289125 -0.801527859103 -0.727339226189 -1.34011114725 -0.583878010848 -1.23720654642 3.63284004809
7.354614432 8.71879174094 10.8422426731 5.47664511247 6.14545281351 7.18237219297 7.21330833731 6.77047464003 3.00636065479 1.71875643665 13.5821808748 20.6245883207 22.3175122919 22.9207296137 19.8740336439 17.0454409681 14.3785602529 16.9334441142 16.3956811089 13.5177326061 14.7032803093 9.97250330988 0.731184258937 1.09614156539 5.08970859768 8.31157745383 6.78835795363 8.25282621369 11.5499785333 12.8707147185 6.322495779 5.86948370311 2.9923771585 3.65782646753 9.85657620583 7.15540810379 7.9383363672 7.65590520299 5.57023696279
0.435558994485 3.63869366961 9.39436264415 5.0129957714 -1.05408057491 3.03689727313 1.15044464366 -1.76986069042 -6.27898828859 -2.61769055608 1.83494208536 -6.90720964396 -15.0016299226 -14.3649529571 -14.3979256531 -9.01794429762 -8.81678630105 -7.70103009997 -9.17063049439 -12.4140919466 -13.7158799995 -12.5372711698 -3.67173528468 0.380427821931 -0.19139269618 -2.73582733169 -2.78149171103 -2.9494634423 -7.90211439619 -7.10813689334 -5.94025797835 -3.54151770185 0.166200158142 3.28927299395 2.75322657364 3.25993725144 6.71793098082 4.78858553125 4.08984362555
4.9128768384 5.14721314129 10.1825591448 10.1438525815 4.26928172129 8.91113817603 9.87043563854 4.01902980374 0.765412059862 3.52295050454 -5.40899321061 2.37574699769 6.95513635142 5.81417362486 4.97129892617 7.23458636531 5.85058427826 3.54059150052 4.42725727135 7.9956086248 4.07937341882 1.35996941958 5.3794719187 11.0624721121 5.15584207424 4.03286388201 4.01537727182 -1.5649078091 -5.60618856239 -0.645381202631 -0.323645044765 0.0439156964557 4.5728631453 4.51631474571 3.5299969568 4.6394852903 5.26948823416 10.1846667737 6.39014663081
1.21609953748 -6.0016334776 -5.54665729759 1.97777295675 -3.63904053276 -2.56774099644 0.93576789756 -2.00696589115 0.568085138677 6.71932092557 -1.14532008722 -7.56600885288 -4.36715668225 1.53951760763 2.14990076489 4.34431778902 3.41070771962 5.68045367587 6.34482021903 4.69673856795 2.06427660153 1.26063375432 -0.0566235978463 -0.410229162408 -2.68509087274 -3.00613814692 1.5585402877 2.67479553762 3.11476972232 1.8676649632 0.0145361113959 -0.62999205235 -1.03248817884 -1.43410219565 -2.31115462291 0.139135614338 1.34148806515 2.66790711261 1.5119188436
