-154.006564833 -152.084791195 -153.625876633 -152.92338954 -153.29712736 -153.22800325 -154.007525968 -151.314119273 -153.214121066 -151.976473126 -87.4398879495 -31.7769276895 -14.5872002191 -19.6445006092 -24.0478785016 -30.8286182465 -38.9129142825 -44.516368827 -44.7814095413 -51.3544986253 -60.2216700298 -71.7400923246 -95.7178700494 -123.477329406 -140.123854458 -155.509943551 -138.987464463 -100.835157814 -112.659695998 -141.796696298 -150.519829991 -150.76123677 -155.123402696
40.9194808941 43.2453021087 44.2384111428 43.3798701373 43.0757076312 40.5849854407 42.2680421633 47.3426934743 42.441482471 46.295936525 77.3662201656 91.2536828342 89.3311898776 78.5820928525 65.1085457225 55.384422707 58.5222174938 64.6453665245 67.0366475659 64.5137819382 61.79527285 66.3830908897 70.377642342 63.3665566764 51.7196292296 40.9113222101 36.8366715622 33.2410647082 35.7494202426 39.7960463483 41.0576611243 42.6044492139 41.306719519
9.71446990325 9.19077593824 12.0048885663 11.1920192822 8.53314289234 3.39235648269 7.10883728449 9.2071891253 6.50682341988 11.1299462592 6.41573369306 -27.232771529 -45.6901444647 -46.2281296932 -48.3823060677 -50.2105171395 -42.3976764123 -33.6572011335 -33.4114269784 -27.7591299867 -20.1162632966 -13.7333541768 1.51222651798 13.1685457017 12.8996247091 10.9033972806 8.36551982673 5.12038245581 6.30402057718 4.19528656214 6.01609293042 7.18410645691 5.9706178251
16.2899843502 19.9571015197 23.9511958027 21.2131106087 18.2916383116 17.0776369193 18.3657145348 17.2975371013 17.3181397748 18.3615472943 19.7793666343 31.6234402151 42.3814402011 49.8631613445 56.5577290857 61.7646211091 57.483533147 51.9792221811 51.3578373839 54.2324809103 48.3500431047 42.4574045193 34.1784973262 26.5850086404 25.8976939132 23.1199233591 15.3900253356 16.092982514 19.1782814192 20.3515730891 24.2109496496 20.5432512978 12.8416894968
0.0338955992873 5.48561373523 10.0282094448 11.5725246439 8.42683757705 7.36160628237 8.35466078453 5.83685624361 6.36079479047 6.45121632705 18.2727566096 23.1859844538 21.7754520679 17.2109312025 12.9540801928 13.7085456134 17.1154489746 13.4192314938 9.19541144718 13.139414412 13.1744048649 14.4961966984 18.5432957947 15.9324133015 11.7555932757 9.38402004184 -0.28641966731 -10.2799371831 -6.53935514572 9.006419104 9.01438316188 9.4646943839 9.92943345196
10.9870870554 12.0984964371 13.893560694 14.5576955124 13.3302895264 13.7134494425 13.8103955228 15.0892657711 14.3520384235 14.5916976747 14.1849180351 1.54603966342 -13.3890244812 -24.1843842323 -22.2673329774 -18.9916430705 -16.1102307974 -16.1565680146 -12.5778607158 -11.2219856172 -8.12218111745 -4.07902459649 2.56746069951 8.43653456177 10.8124910226 9.52686197958 12.1719122842 13.8340057493 16.0857788103 18.6093198852 15.7430890372 18.4304395036 18.8788078913
3.29320433962 3.63767916405 4.23728557189 -0.027355730826 2.83755173315 7.48112831546 5.38631951877 5.71980008414 6.29426529548 3.08309341995 -28.8322752809 -34.5129218659 -28.2070568091 -21.9723586195 -15.9654602899 -13.4481908446 -9.69733848657 -14.4926244027 -18.039756454 -17.1997550286 -18.4295189847 -14.9318111421 -13.0651869155 -6.94549532527 -0.898934956947 -3.36394790042 -6.19150472009 -13.5999408378 -11.210063208 -1.4540384284 2.98675889778 6.01929679893 3.76758605579
9.83820462041 9.79979462444 9.81537003358 8.77584932278 9.88569015367 9.91629311544 10.215901572 14.0900440662 14.5536896727 16.7987882091 -10.9918290271 -16.3360705865 -15.023500212 -8.87830228464 -3.89217305714 -2.87640226304 -2.36543546054 -3.0796896984 -9.61882461323 -10.3328985915 -5.35478951824 -2.96463111033 0.245194796929 7.40138646153 10.5751225348 9.19469414633 5.3903737354 5.46227520154 10.4077199302 8.85903691706 6.97335338449 7.46144332611 5.8560178848
5.41645440094 5.48121894494 3.29273306726 0.119072177927 0.563937818166 0.451311925043 3.8051370807 5.75682922618 6.63800662174 5.57301527031 -2.64647691571 -1.87944800397 2.49802903414 3.80328673602 1.27551908709 0.0140637146938 2.47786062062 6.49747686731 4.80414499359 5.99400174532 8.60405939462 7.73312400112 7.24235711948 4.05998518573 4.23824620263 2.64505535383 -0.99123681151 -7.16199838782 -4.17271682088 3.68826255211 6.57680675245 8.84264744326 9.30377416438
12.2016430228 7.27347606115 5.73491168912 9.97139098308 10.8207940643 8.63804798185 7.29169458261 8.94927444936 11.5132334637 11.1207867749 2.46518432597 -1.10354795329 0.242371203436 2.54373428544 2.23369582499 0.47816727151 1.12515402631 -0.648589412494 -3.7800936137 -1.73707853002 -4.33686209002 -4.82382946308 -0.257972349026 5.33239790404 6.03702132437 6.49685936965 4.7576428825 2.15466210513 4.63503807128 9.96909007428 8.38466657397 10.4739220065 9.97391698013
1.70937857442 -0.786787358629 -0.438814145534 0.873047484954 2.07588290715 1.22489048913 0.0245557080436 2.32690781622 5.46221684125 4.81588463603 -10.8644089048 -12.2398345934 -10.3323317785 -7.30887212785 -7.99126604291 -7.95090630764 -7.45525915869 -8.33725913339 -11.9234888323 -15.9526808479 -17.089413751 -12.0867165435 -7.80088597358 -6.47997152116 -2.94886225108 1.15885536556 -0.212130939212 2.2097786926 4.12926714256 2.72333485241 -2.13186466952 -2.240805748 -1.14010987019
6.90101888218 3.38840529922 2.92733011367 4.93397506871 6.1613567777 7.65393678409 8.73324306079 8.94824366136 7.16393331691 7.97749605587 -2.55522788757 1.01901502281 7.46691182383 11.7110294369 12.8789081383 13.4862609472 13.6799393872 13.2021404352 13.3124244791 16.5959451951 18.0574273276 16.7150461468 6.36571985166 -0.0540248049572 3.79423038078 8.35234014173 1.56688935897 -4.8189194572 -3.45962653642 7.62681113463 3.94684823863 2.57912431617 4.91840241211
-1.67308981375 -3.4657335623 -0.140633292714 4.28279933455 6.35810086154 5.86581721696 3.42369987355 -1.26554907505 1.71110566843 2.63846706342 4.72778419427 4.59067535219 3.82835207081 8.51283910922 11.4261634264 10.4475700596 7.93904644831 8.77750527257 8.80086102211 12.4607683924 9.94145090136 3.26247813867 -0.395349471794 3.453731298 1.48252798842 1.58164559442 4.59203465505 10.3291783297 9.93115768168 2.68367358524 1.68880035358 5.48889223019 4.15769518623
