-230.023504031 -222.404733587 -220.873831036 -225.743413683 -221.877853024 -220.553896753 -221.728842941 -219.54654679 -221.220777695 -215.846810052 -153.565016427 -88.179066205 -64.2673079216 -67.1380018811 -82.0456558012 -95.8972041876 -96.6170468179 -97.8491181394 -108.208812255 -113.129511044 -134.039542257 -171.197027373 -195.976050567 -209.935068286 -215.563093177 -221.149678614 -222.052893759 -200.195270075 -189.167377837 -203.592250384 -211.133389206
37.3305988338 41.8939087579 39.5355205624 35.1398393582 38.8209944506 40.0221284683 39.1962762741 40.0928464591 40.289176924 45.6855826707 80.8273129996 85.270606747 74.0598947017 59.2187520725 53.7858515985 46.5059099778 48.7709356702 56.0465978881 57.2321723378 70.8170936903 71.211138487 63.1139454644 52.6793170268 45.3186621226 40.6237155297 39.3918126483 39.7817756441 28.8136797642 15.9042084528 16.6600404991 29.9624512636
10.2166276461 8.79739240601 6.61726180178 8.52493146825 11.0828914055 8.13023288242 4.21496961195 0.300050391328 3.18679854129 5.48749197066 15.1614667351 -15.298301676 -38.9653103232 -47.1044162933 -39.9276719629 -33.4409148169 -37.9665589653 -35.6648239007 -29.9113144608 -14.9641725322 1.26891178159 7.63644947774 6.82695755413 6.3556444951 1.69057298501 5.75327584952 6.51240484739 8.50036449781 14.7494428656 13.5777856058 7.42151933561
17.7259747483 17.3775930123 14.4224842735 19.324387089 19.0387453061 18.2469124008 16.2459731019 19.1411127137 17.5279260265 16.9545886412 38.8302560298 62.0202729617 68.4088521417 70.3147973438 76.5014905372 76.9799552379 70.3374004158 67.0106596227 66.5802215448 61.4334912573 49.9062225033 34.6739423145 28.5389127053 23.0505443889 25.8548321248 23.2162448525 14.4685809928 8.57080158858 14.7739360041 20.9803163056 20.428400102
2.70224870421 2.80548356328 4.49201271806 7.59797200181 4.37012328487 -1.67006316126 -0.780575964741 7.10502167334 5.82005219095 2.42186853068 -1.67959381375 -6.4676336421 -12.2305634215 -13.2418296831 -13.6962970784 -8.62612163458 -11.9034178144 -11.8037195873 -6.41494111982 -7.56625103241 -9.07017894015 1.72271998525 11.6700894924 7.58209692713 12.0468468129 8.15030353647 -5.52240692391 -18.1300684076 -23.5491233107 -13.3843175127 -1.15565691172
10.1321887162 11.7522257894 10.670454807 14.3031586657 11.9383104492 6.74894991187 9.26012162419 12.7596238472 13.1521519282 10.3061615362 -15.4576080379 -31.9634102417 -37.4441241775 -41.8823515673 -49.3933330883 -45.0580369326 -45.9143211641 -42.4886913962 -37.3854297573 -40.3546130146 -32.1206656934 -11.0649533752 1.37125323976 5.04622757018 7.9834643624 4.53401711188 2.66997518809 8.29163395401 14.0948214483 18.6769034437 12.8021599733
1.8653008646 5.8176992127 6.8306903134 6.09329132718 2.26743363323 0.238866497981 -1.14547091722 2.7255523299 5.38511195542 0.620672843514 -29.9275923354 -34.2241499001 -28.4965631711 -24.2344270448 -22.1887245065 -16.2088882641 -10.4164776631 -11.6047760585 -10.6153928376 -21.3617593043 -26.9717085394 -14.9899083715 -7.57448814619 -5.32423855903 -3.20447319253 -2.79510651075 -1.21973413308 -14.9095713736 -24.9152306592 -17.8507633949 -4.58004695203
5.45904792098 5.00913007448 8.86963881383 9.65792749644 9.84836988539 7.7667552559 4.01748663762 5.59616110612 10.8683241307 8.32753388544 -12.170767486 -21.2198812232 -19.6394332367 -10.9585632559 -6.15671382528 0.661528775639 6.86783397762 2.41538008216 3.51032409492 3.23661767134 0.0705549069694 3.51940866062 4.32129467521 5.86380376054 6.37563645634 13.155479276 11.7833180722 12.9237574285 14.6615600583 9.70512639395 9.60840936597
-3.98584349793 -6.04298080277 -3.10136709955 -0.20243615321 2.31240742711 2.56685250506 4.29560754114 2.58232853198 1.21432212121 2.97133818358 -12.1362018476 -7.459656568 -2.99343475657 2.31705672369 3.19177319129 -3.76792333404 -7.68847003184 -7.60982588931 -10.0482902925 -10.4501616822 -10.2737274598 -9.51070098224 -5.08471387876 -2.38573329715 -4.13606326724 4.06691521303 4.01659056582 -3.95163470873 -1.7269479853 5.0686712927 9.46466640179
10.3672874255 7.82002213724 9.044159713 8.78526999404 8.53044434045 8.66930777583 11.3516402405 9.05765183944 6.4030593554 9.14602871025 -6.92591228169 -16.1867070961 -17.6439927914 -19.0428077747 -19.3210743577 -17.5735989003 -16.900152032 -17.8716651374 -15.7272515472 -15.4891506181 -16.2272113617 -12.797853189 -2.60284077203 4.57265235128 2.90801007153 8.02713042933 8.06036478708 6.02702374813 6.58964307618 3.09661166441 3.94786434628
6.76218663343 2.96827599289 1.09171373169 4.40596544157 -0.342265981057 -5.08198586078 3.87566495441 7.06569296778 1.06066806052 1.40666000561 -2.64116889923 -4.68558589844 -1.83400699109 -0.976792669456 -2.25231329271 3.57859471892 4.1398477912 3.81321124961 6.74276060222 5.37592210613 1.39493584589 -4.27727632033 -0.953097145101 1.28951993015 -2.71729279315 -2.17151146984 -0.468607012525 3.27425428386 5.97008022399 3.61766819133 3.23607689807
7.37650856454 9.64149415521 6.29840703848 3.95437431 4.17927771934 2.22703585642 4.27756392276 11.1896504591 7.84779299807 5.99780945239 13.6315872508 26.4496152062 36.3472294772 38.5271397771 39.966743841 40.1815621916 34.8310898951 33.4915233112 31.3488378986 27.4843766148 20.2235982328 8.2940143873 7.02271533055 9.83140641841 6.92338020804 8.72212720165 11.4363346681 15.5621878932 13.8413218634 5.31275804729 5.16812786853
-3.50096970392 0.252165141602 -2.93932809829 -4.62199568827 -4.47495974039 -3.74488344761 -0.0576977314616 1.97036195367 3.07102028912 4.55161811223 0.631660700182 -6.62673009082 -8.30051376393 -8.59042560914 -8.23737404178 -8.57846500034 -15.2868995969 -17.486699913 -14.513912535 -14.5655861096 -12.7691105239 -10.6513647407 -8.91430153161 1.53789788566 1.97631368227 5.33143834288 4.03153713585 4.98757132567 4.75567287471 0.552607080207 5.76846988956
