-116.665005429 -113.09027391 -113.104565101 -112.197222446 -112.401039363 -108.537087038 -111.781222928 -112.534317512 -109.478074478 -98.1506661125 -38.2207629752 -8.60737976566 -9.3136293618 -20.4619118356 -26.2758848018 -23.6505707846 -34.1967552997 -38.9517457441 -37.2423000591 -31.5403362776 -42.0521592268 -72.2782440349 -85.7512142709 -83.5488865059 -93.4391076888 -101.810099811 -106.446062472 -103.582870848 -86.8634651353 -79.6366259466 -95.5041825296 -103.359192532 -102.951626725 -108.693766664
39.3123134335 42.0473524199 40.6937000975 40.1243891115 40.6645418438 45.9180017645 42.1528043423 39.0024472536 38.7529887698 42.1632164543 74.9460488167 90.8853991845 87.0739352395 76.768811758 69.7172290244 62.8794731837 62.3293089078 67.4737572881 72.1102583796 76.4050804949 81.048003476 74.0143077626 53.0222373622 35.3598303015 39.3979930792 50.5720203296 49.4996337694 47.7506219631 43.1182357489 39.8212914351 43.7858939683 44.9444120735 44.1741535733 40.6532895844
5.95389481846 5.30508692398 3.98264931677 3.70606126964 10.2527580246 15.0423271029 7.9610987499 4.67930633146 8.40011336809 3.6765269766 8.02486020626 -10.6442944753 -20.3026093329 -22.1137749021 -17.2649767909 -14.859303295 -14.7977685337 -10.0488912377 -11.4964112274 -16.2335417607 -4.55540784039 15.3704186135 10.315499236 2.70459111225 7.27814738722 14.7106427085 8.32108762734 6.17300560589 10.3719522256 13.6962638387 10.3798297097 6.32664261209 5.49154576442 6.48364912593
21.0874238571 16.3633686541 12.19764008 17.4264518729 23.0975107374 22.3214712346 13.7624386538 12.1576710636 14.5054901738 16.8526848011 27.2681576677 26.1677099003 18.3011249358 22.5752595527 33.3640884176 34.0676852578 32.7232243594 30.447213483 30.394703134 27.708090952 30.330247343 30.6537550808 37.0923716223 51.7655512602 44.5958682146 23.1060407966 17.966025085 19.2347569372 20.2382206339 19.7594519394 21.0926822159 14.9463712877 16.3600081378 17.159445425
3.68555692312 0.656745419966 1.26753167818 6.25756453739 9.07542730526 4.25845686872 -3.32320900907 -1.82015250416 -0.974043473677 4.65318107026 15.1054324339 22.450539317 22.4675955682 22.4968248757 29.4111543827 30.2175322663 30.4257966525 25.4678649672 25.4418326063 27.6788380957 27.5537297165 19.2227370085 10.0173829051 3.04556784577 0.222996689384 2.21290095587 4.98408875243 2.78448199761 4.26124862048 2.55595787754 5.6877576792 2.49085340895 4.16574805526 7.85283733721
12.6535612432 14.3649189623 10.9326404423 9.71430017809 13.6742878546 11.532377154 4.46503154809 4.49440670799 7.32014963708 12.1110607373 4.98540974561 -6.33269239831 -14.6840783442 -17.2450623155 -14.0880058385 -8.52061834931 -9.57738173744 -10.8882180116 -9.17933605285 -9.08187670106 -3.24273729704 10.7548193536 11.970851241 1.38895254165 0.195355763336 12.4938862491 15.7399312776 13.2317027962 11.9874117014 16.2724976044 19.355762299 17.3701912588 14.8357426553 17.3950939329
4.91969157308 6.35805952477 0.661627119954 -0.424623514975 3.46073920917 -0.161097627269 0.412367907373 4.10662622228 -1.58832318119 -4.45820071512 -34.7556186509 -51.4898636511 -52.6647080102 -42.196083869 -35.7211665572 -33.423699996 -30.6526474084 -30.5835967361 -27.1270238717 -30.2987025067 -28.4597976941 -10.7990035641 13.6834619985 20.7325946277 17.4083139459 5.4218268646 4.82793967046 6.71891088768 0.233036465935 -0.430204750763 2.31203038105 4.14876189096 7.42084385468 5.72538785528
12.8464977622 10.3203782417 5.73141829705 5.61958173755 7.93804505906 7.32789660381 9.41955883056 12.7023786786 11.2179946046 12.8916889784 -19.1621985817 -27.817130691 -14.9101898619 1.42499654888 9.33806317824 13.009363591 12.4053993237 7.0046371152 8.23837489688 4.48693412545 0.202641036434 1.184691243 9.20104595192 6.0346383525 4.27585953609 10.4890936844 14.4239634226 16.2799825275 6.48897307297 3.02682275244 9.02209626041 14.3429808499 16.11775192 9.14931446331
8.13319819303 8.23497641568 1.92994137465 1.87200190514 3.99687696468 5.29486276414 3.86828445637 6.22441402376 9.37341025922 7.78853403097 -12.4534147522 -10.8751682123 -4.76688348617 -6.9985366148 -4.37476267614 -3.588612881 -3.55177106844 -4.59890532741 0.462968203444 1.57358696781 2.0406224254 -2.03372728726 -5.51373443698 -12.8497012893 -11.0285783674 3.11507565844 9.37226388079 5.79956585983 -5.370301256 -7.92606335289 3.35507746333 11.7037153882 12.7102537347 9.04788590074
7.08548442021 9.7792832959 5.67393978207 3.93816892512 10.5836208071 14.9956158305 8.36851952721 9.3327665468 10.8620582362 12.3506274803 1.89856678043 0.934666907286 -1.18831406164 -4.40119634179 -1.4358214567 -1.03051191185 -6.95155492379 -6.31837810795 0.890949258215 2.84086006195 5.27685709317 7.12106547647 12.9085242107 18.2329299105 17.5270450528 13.6972890603 10.1773886551 5.23492955756 5.82353845796 11.0789504397 18.2302456085 15.28145303 15.2130717663 14.7408001894
-3.61666307085 -3.94724705584 -1.93214721441 2.09430156592 6.11173007894 5.14724560454 -0.0390216960712 -1.6847778066 0.787553952124 2.40161264339 -3.33516515647 -7.09654471369 -8.9444425626 -6.59640448835 -1.1719204594 -2.41615248933 -8.40286913113 -11.1455408308 -7.75572476051 -5.14302998702 -2.71561050245 -1.64852509989 0.122661365475 2.30043274877 5.41281336187 5.76301635018 2.57239850506 0.17641450695 -3.63882471162 -0.415367792078 7.58563367986 6.82908766293 4.42824819497 8.44407982177
-0.266704036571 -0.637650612755 6.09478304393 11.5578936397 11.1833940675 7.84471502153 6.86461863885 8.82963324708 4.68690691529 8.6414923722 9.15688829633 13.3473333656 19.4112864603 22.9375118053 26.1366289821 22.7915981616 19.0088798672 24.9344135231 21.2534861489 14.1309312135 8.87974387156 7.19723583381 -0.65895217415 -3.80016234162 0.439777997407 2.5038754322 5.28985300972 10.9351719598 10.2543451281 8.07977401637 8.12424079099 10.573578572 10.8956993193 15.5337597172
-0.00497799859632 -2.16849413559 -0.480667301395 1.02072619238 -1.82698030986 -3.64316535104 -5.79037618209 -2.38768450987 -3.74144169907 3.11380788894 9.74998934318 6.30810280882 8.49077968891 10.4598290785 8.67368848732 4.98107608064 -2.69527822043 -1.13824299869 -0.780197961811 -0.0244909479086 1.10532396575 5.01151926023 4.53515534919 7.77574404975 9.41802711304 2.17085424904 -1.62664283693 3.22246647497 9.51895328623 7.26809820774 0.239853504293 5.36098001071 2.69080241645 4.78519468591
