-108.634016495 -103.895467865 -108.866725046 -103.832184334 -98.8768462573 -101.085648085 -106.395585202 -104.939054113 -103.327012648 -101.769314644 -81.2897640634 -43.1374405169 -26.3579761508 -20.5667562231 -25.8008284137 -23.0966280716 -22.9488081516 -25.0570566166 -25.9789093558 -28.9318536452 -32.1059037689 -48.8054205121 -73.5589018174 -90.3197882584 -99.4122215455 -106.692046723 -79.7381782558 -45.6484245516 -58.778063567 -72.8546808225 -75.6486942071 -85.8194827521 -97.8765254935 -97.0424211263 -104.070809842 -104.773217001 -102.082725999 -107.084821021
36.464771527 40.3651270275 39.0373769128 40.9183882828 42.9290978623 44.0821797532 40.0950835106 40.7798920102 42.0702398132 41.8659075683 45.2322196169 69.8872178863 87.1728148499 79.3474465871 64.5440538686 60.6115800716 60.5919813195 58.7517300027 60.52633403 64.8262713293 66.0737221405 71.8706739606 65.5543340568 49.2417984407 42.7562210053 37.1766085438 28.6037341613 18.535917502 14.2317172455 23.5659256772 39.0532456271 44.2196898595 40.7039299782 45.2541508897 43.0153694231 40.4614582295 37.8938593908 36.511141561
7.88283720938 7.02574119037 9.2171678708 9.59683758005 9.74127791489 9.02359436382 10.3313194303 8.29555731008 10.2493685247 10.5348205229 3.8594356257 7.64073354024 -1.47362948555 -11.8510904582 -16.0554504638 -12.3491151756 -13.0937150285 -15.0242460316 -13.2266735893 -6.54505760539 -3.89534304912 4.55514851964 16.0993571914 12.0102060327 8.65086954056 7.11655326596 6.03064237902 10.7475136284 5.48931975751 1.75063429712 2.39018743689 1.9204430662 5.24008671013 8.55535156893 8.80104608673 6.75561937362 6.47253143807 9.82205807095
16.5293613016 16.2402647156 13.8311489368 19.8811552556 19.2272025073 15.8624216554 20.8261836107 20.1684789481 15.1273894815 11.635038346 12.3391123615 23.9618598073 28.8002959114 35.6609466864 40.2864873571 40.6792148927 39.588609737 40.6115989463 41.1249277997 39.5653062635 35.4624087057 30.1706315068 28.8341682688 23.0030394599 15.3263517276 20.5393406894 25.3150360013 29.641172836 35.7248819108 36.9702986267 29.5089656785 21.7289653113 19.8776565148 16.2675051578 16.869641714 18.9610462937 17.4896382162 14.995056276
1.45055710104 2.58541574256 1.74934143098 5.01809343564 2.3728393236 5.39464122007 7.01660459234 5.87140800109 2.73519233482 -0.271179000337 -1.92120626356 2.03371778554 1.8850080256 4.47610211432 5.02492837817 2.98207522449 0.980190265472 5.89695414886 5.74330468552 -0.302923891302 5.48892099588 10.844437387 5.6011864257 1.46452005171 -2.63768524241 2.08631267199 -5.99879695638 -16.6507789772 -14.8868024186 -10.2030503221 -2.81894148012 0.962185889611 3.29768235264 -0.771414546944 1.79150890534 4.7721484672 5.15890836704 3.39314038408
4.5061027458 9.28158994109 11.8648695278 11.990292943 13.3261559385 13.9924674516 7.03679656239 8.93917356527 8.30313165317 9.72450514867 11.1364956848 3.62793836589 -10.6879888022 -9.90618723727 -4.35082363118 -5.04865187017 -3.88825794534 2.26905387041 -0.392966558387 -2.8069495216 -3.41864024486 -2.01760810012 -0.0981434146225 8.63944709983 5.45569417718 3.36755334364 12.5132444003 15.8715698779 18.4146596971 20.1662372015 19.0514711279 9.13074233474 7.92304974752 10.6057059846 12.7127401399 14.3392299504 14.2933636567 10.6657063084
-2.85268407662 -0.294253265868 2.81485392056 5.99746081168 4.12970519927 2.48685004534 -0.634802232733 2.05294033934 3.06279182502 2.78858538671 -3.55943051127 -19.2191780966 -22.6502634452 -23.06635671 -21.0608408944 -22.4909263858 -22.4275281769 -20.3234800008 -21.7299939016 -23.1546377961 -26.1314607331 -25.7564311481 -11.5409183441 1.19915072381 4.80301611823 5.06644369084 0.95510281398 -8.18910270181 -14.8475465148 -5.67365620367 2.80887906341 5.40215339267 3.81963808109 4.06732140654 2.16143647285 3.18085893385 1.68834031862 -2.20028275375
9.13122847231 6.89984428853 10.0872225725 12.0102662035 8.31044948039 7.11776254906 9.03516053344 4.97875099333 9.76420912683 18.1241848808 10.1087629157 -5.42789037547 -17.2193270769 -20.5104867422 -14.7352128852 -11.3233948645 -9.46870719175 -6.48637915341 -3.60808625983 -5.0812231065 -6.55735665198 -10.4434681834 -6.16429260468 4.64381888339 11.5553620058 13.2765471372 7.96920449063 5.03357795605 1.21052082757 3.8075090747 4.31277853394 11.0641286557 9.35645198973 11.4043555371 9.84404279315 9.74596637597 2.44477810235 -0.464730669758
0.622479221978 -4.90290786176 -4.54204007351 3.13699884719 3.23837937856 4.06457262935 4.24880720075 2.32204595794 4.04867463887 4.78096714112 2.03150294554 -6.67084513337 -7.46334453963 1.29626475858 6.82534782877 8.45649284667 10.7862201395 8.1566898963 7.25627449316 7.88923166211 5.65101132862 0.605320100254 -5.34851524064 -2.58711659033 -2.35292156371 1.25078384217 0.941095605695 -3.98663093443 -1.55351554243 4.67120542297 6.82126581872 9.81358160073 5.54902112211 5.14558964172 2.72956461625 0.677853321753 -0.0296870576086 -1.60983242511
5.32473590978 6.83103192761 7.49789466847 8.22606724488 6.66621423296 8.62199612548 10.2070127123 8.02674076637 7.38561331011 3.79829062278 10.39215803 8.95837844384 8.37483696139 9.62230557354 6.4853057158 3.32690155137 -2.71638753698 -5.77513358531 -6.37856894742 -6.21693532148 -1.62441078106 -0.998115294224 1.95231449885 7.28668858478 10.2068656633 9.1598259132 5.53377155849 6.24997628205 9.24644981168 10.7771376815 10.0055721134 13.2311672528 8.84667089588 10.384657621 15.3138995671 9.34849727885 10.7189173324 5.37948315356
1.13293734232 3.65259504784 7.49565262518 3.09177455723 1.17812672574 0.210599164757 -1.78435309136 1.64839268477 4.14054325019 4.98273406315 2.32624274563 -1.68617322049 -3.8208441955 -6.42758677883 -10.0081855693 -12.6558055081 -15.4814611358 -11.1448400241 -5.15095334802 -5.58900770996 -7.12005190323 -9.42082967126 -4.02042765125 4.85339636485 6.94690494914 3.44407485487 1.48553795629 1.51965917698 4.15583241506 1.31024917238 1.14393997623 0.571382139296 -1.65612377529 1.29054146356 5.07189577931 0.583160395879 3.15793074544 1.78852489903
3.73864443826 7.17044004431 10.5941709427 9.46904039095 6.22999098922 6.64233171226 4.46770227063 4.49522251357 10.5311869947 15.0314911211 4.50277186031 -2.44562455593 0.838445403315 7.51559180862 8.79661997279 8.52706855961 11.7331955558 15.6434121383 17.3792515203 19.0081027259 15.4730720295 9.26160018323 6.87274749466 8.11081009844 7.10080471039 7.15544302047 12.2381157004 13.9777347132 7.5452537714 -0.577968355167 4.43302209894 5.90020067815 6.31091587903 7.33866909981 9.03757124211 11.1427264948 12.3389318959 6.9837550969
-0.430250736774 0.421216234917 1.8076015914 -1.4502755062 -1.71291338823 -0.310835989931 2.35652912489 -2.76547548166 -3.2534349873 2.04695950993 6.09074136989 8.0806585712 11.7307152458 12.7041483173 10.056697038 6.96142433106 7.49880710589 8.271980426 7.27012912173 9.17931141684 8.17547708805 5.37513578522 2.39476380839 2.03972030732 0.291008143811 4.14224459213 4.92566159887 5.94337948841 6.31459172414 1.83894767514 1.8715857479 3.46925455489 -3.37298714321 -2.5865392613 2.03037651096 1.46934137152 1.63929560788 2.25863282539
