-150.143521629 -146.901032593 -143.704238534 -145.48472535 -144.727023021 -144.556901857 -145.723695723 -147.419093266 -145.762199781 -141.806171513 -90.2759120367 -48.4825251033 -47.4265421081 -58.9838458741 -58.3789239869 -60.9747160474 -58.4738115868 -57.6974508952 -66.0647059736 -76.7446726295 -91.7543589619 -114.96764332 -132.737413243 -123.394079317 -112.883017612 -126.08689698 -137.905273536 -136.667091087 -140.536452752 -145.933241309 -144.072285105
34.0856118532 36.2878460302 40.0250498528 44.7034607295 41.9875573801 40.0823246891 43.2123598648 40.445166916 38.2111408884 37.6077918439 71.2145706665 81.7643513024 68.794444365 50.5823862883 45.3606636977 46.7477021578 53.7249845599 58.374898635 61.5679806091 69.3019686774 72.3785553082 66.3339390428 53.8722410169 50.2235083561 51.8641337503 56.71242961 51.3097770881 42.8545390532 37.8545721051 38.2751224363 39.8323916942
10.3587657357 8.17941124677 6.26781043153 5.39668041996 2.01083692537 5.03311120684 9.37424997163 7.10722879929 3.3359131471 4.01784125753 10.4881183071 -9.99007342919 -21.1806047414 -27.607155767 -32.2346661744 -31.492854753 -29.5653763731 -24.4204180983 -13.600059249 -1.29995676924 11.358313887 18.9153146647 14.9929104164 12.2620599488 15.2303109213 15.6252372841 7.26657288715 3.49014618094 2.13769992896 4.55504310844 6.72789358879
20.6244656085 17.4518500748 13.7273446807 14.7289530612 14.1157684385 16.2825777056 16.1955952829 16.9473816893 15.1893158706 15.815170744 28.3428398449 32.2083775082 34.1842916336 35.8867083564 38.6134720383 43.1389402218 42.3964754244 38.081286816 35.5130843649 32.662166001 32.9188940433 27.0545851478 23.9809550732 21.9557448808 20.0905300574 17.846057628 12.7760688595 14.3286990932 14.5314247124 14.6761000037 17.2927645681
4.72937458068 1.96862124214 1.98552581863 4.4876700852 4.33780921515 10.0135882188 10.2356489237 3.80356338868 5.60811459886 7.67419894513 12.5444737652 17.505629681 15.0738719452 14.3564090587 17.5693694405 22.85654403 23.9211615865 21.7703682146 19.7986438087 18.6127919317 20.9380322256 10.8747434366 9.31440608965 6.51499072484 -2.13924020047 2.50592567262 0.542084286006 -1.60357848625 3.6572654104 5.40654609273 6.03593997686
14.748261829 11.1450718075 10.9083288973 11.3481744916 12.5615095875 16.6401844885 17.6792259942 16.0859885553 19.165465808 15.8163027611 4.41357066823 -6.24431739647 -9.27266182785 -8.97475467743 -6.1077856389 -7.25581486518 -6.79371277569 -11.0008552057 -6.45659238409 0.0317928313826 4.33876712555 11.0254657491 18.3082890831 15.2275920767 10.9243654877 9.54106589536 12.3474918705 9.16924627903 9.64162897069 15.0017982737 15.5993200485
0.380909206659 -0.392048247944 2.91033601918 4.05613326232 7.18445069266 8.75754391881 4.51180012614 1.92483963106 3.52117402474 -1.41246655715 -26.2143537543 -30.4906671123 -23.9011309347 -16.7723510866 -15.132027502 -18.7785624043 -22.312520187 -22.7665288025 -24.2079331203 -22.6484382559 -20.9865756003 -8.12014897789 0.868397318516 -7.6822728165 -17.4712676246 -7.92520524019 6.11521118102 4.81347419424 0.163922146417 4.08340655437 3.50130611264
11.6081037968 4.75332338429 7.06499453896 12.56008311 13.980955513 12.1807578179 13.5921023745 11.0296788606 9.85397482776 4.471509555 -15.3109492689 -21.7417632169 -20.8332071881 -12.8317249374 -6.51012541833 -10.540961943 -11.619754279 -8.34241754334 -8.29947802431 -3.11412478902 -6.61564264729 -2.74141910342 6.64580144546 3.91342728158 -3.40671561417 1.24554783677 10.6828516525 11.2635520692 11.0684064545 7.28933449928 5.58051643378
3.98610217545 0.859000602979 -0.297048858767 5.3072518009 7.9908344588 4.94121569785 4.52543188167 1.75640915495 0.260536298232 -2.83585990903 -15.7196993134 -14.6164982885 -10.8438306729 -6.76754390766 -4.09851701584 -4.68728353867 -1.66572051662 -2.79019290866 -5.48744540982 -2.73891502609 -5.02573095176 -6.37007374198 -0.096486599957 -5.30381792013 -8.77512298113 -6.96151137994 0.468987383836 2.55888547693 5.12033257513 2.29039458772 3.04984935726
8.40263644264 9.50937705986 8.04770443743 12.1326787386 11.8899285623 6.09995491196 4.30594021516 5.50716720315 8.54318470839 11.7131746033 4.6557884592 2.77332434092 3.97714997056 3.31863353635 1.57123782813 -2.00933638586 -0.447588241597 -2.25250234548 -1.2572201711 -0.412608715482 1.5727184049 1.17642782151 6.99686175485 7.18087993242 6.88770396201 5.41907930571 9.77765844927 10.4799140119 11.4885057472 7.80870319612 9.56012907555
-2.77844449624 -3.0685139085 -3.25472802366 3.22326236202 6.8579471575 4.01598239889 2.30099801845 -2.06116069087 0.0845788124995 6.02289739773 4.07381007237 -6.16365191066 -10.9380577911 -9.88712060908 -9.00162440217 -7.78891651088 -12.3526927621 -11.3688475851 -12.111508659 -10.8258656597 -6.71098463882 -3.04738906035 3.17285619701 2.46872504122 1.0260711116 1.44213079363 1.873708144 5.08430326383 7.50888741026 1.15498205056 1.5955395149
1.90841002508 2.34414337288 1.39344253887 0.345647121974 4.1802982607 5.64421374333 7.79722312209 6.06407100306 6.88147657084 4.62199473522 2.56870339704 9.0895867911 15.6400367624 23.9997165687 21.1928612349 21.9438116556 22.9946615517 18.5281432592 12.8747691787 8.26252220806 4.43816915257 6.98188724859 9.15328670704 12.0470002225 18.7548488387 12.5676019184 9.92603015904 12.3083988456 8.95345218345 3.60524665742 1.2875088138
3.43868317215 1.09281581755 -4.33714826326 -7.282073228 -7.20449200463 -2.55195836709 1.10126724257 0.927865503679 0.135867850091 3.44406070151 5.92809190703 2.3309368088 0.779949509227 5.21499452878 0.856091162973 1.55775370711 3.43098156124 1.86103734984 2.95068179923 1.5141559162 -2.4901831095 -0.35925519865 0.872970872057 4.98259416514 12.0467906492 8.53111335722 2.07067343508 1.44734645213 -2.91126383041 -7.51718648915 -4.57032431472
