-166.71892279 -166.09061511 -169.977683884 -170.424562334 -162.639863524 -166.51007295 -166.485875334 -164.176401619 -165.052431713 -163.548336205 -118.920227584 -70.5865663257 -60.0345593358 -63.2931978565 -60.380149096 -60.9035382202 -68.6703501077 -66.3156985174 -67.4188454954 -77.2568906017 -90.2119600816 -105.911431558 -127.651441564 -149.616089277 -163.407200203 -168.395270448 -165.570461143 -167.99643676 -166.599781854 -169.961696076 -155.587049484 -139.023488043 -143.744753165
43.1952965088 44.3546446922 42.9255100981 39.8702565138 43.0020362303 45.8348151878 44.7865785607 43.2631168132 46.0694263413 46.8763265432 81.0731356527 98.9487216886 86.9186917618 73.1219159491 70.1151924546 65.2768383667 51.5906305489 51.4606435892 53.097607228 50.5150960414 56.47409344 62.450152016 65.8151944646 61.9837317513 49.6727170362 45.4697780425 48.6152227083 45.5210887743 41.7626969904 36.2615995093 33.7288317229 28.2775129622 23.9255899526
7.08807566912 5.8818404915 4.52271426636 4.30320160524 4.07537221785 10.2407238632 7.83574216842 6.61317279753 5.24793455833 10.5213477293 15.393831531 -9.24053691096 -22.6054158106 -23.1143579404 -17.4097194198 -17.7663232255 -22.7106363719 -24.7728871971 -20.6351784914 -10.9961127798 -0.655032596925 10.3500907728 20.4672140272 17.84395929 12.4616018477 10.8591798477 10.7544571547 6.16735735941 3.50569758417 3.75061861706 8.87975862258 14.0177375437 13.8218267311
12.5603766607 12.1299087201 12.9401093771 11.2925180391 15.2703156419 18.5694448812 16.469264971 20.3847088713 16.3861164271 16.6971573422 22.3296984791 18.4204412005 21.1030242041 31.8459584941 35.7837702191 36.5928852791 44.4610586971 42.8402620761 48.0829417843 53.8191206996 51.1378602357 49.5174398201 41.2780768331 23.1024087646 19.1855946098 18.9254334867 15.0725825873 9.91972044726 11.6733951305 17.2260021706 15.83619837 8.26401646623 6.89591081992
6.01561944556 3.6847725997 1.61733529059 4.69875890031 6.04842062445 4.06534549345 4.46383218859 6.53994307419 2.37276976017 4.10328734822 9.06262044033 8.03404475802 2.20297953651 -1.63813316202 -4.58393424607 -5.35575630227 -4.63455044001 -7.91108677068 -7.75293844146 -7.72279670728 -3.65454561561 3.27931692877 8.38562611986 10.9435301654 11.8060721582 8.84496573278 3.59992312185 -1.39715577939 2.9869031147 6.85160271182 6.12748457825 0.930292737294 -1.36512769968
18.8568940834 16.0071836402 11.264240275 15.441632234 15.4270447968 14.6634649915 14.0466598802 16.3110895848 13.3477747475 14.1670517074 4.83273732243 2.72086064771 2.47257019657 1.2244928091 0.795380158694 -1.36069516754 3.96938082845 2.95164813992 2.32746726496 -2.7856169537 -2.46803554775 0.646555385593 4.26146300591 13.2800555916 18.2875662159 17.8830874874 15.1622281537 12.2674118111 11.3944719839 14.4513204526 15.5000014575 13.5904300476 13.2703951581
7.16475403301 6.69216590472 4.78236631761 7.36541892867 8.38379688835 6.88048477592 8.99777615135 7.4673866266 2.65570948489 2.74211850255 -17.8196561823 -29.4068107907 -28.38592824 -18.7124778351 -18.5004345201 -15.9080139316 -9.05687734454 -8.98880397513 -6.31808606084 -5.67260792056 -6.51148124603 -8.40879031336 -5.76824105944 1.28729191314 4.85123340324 2.47788872852 2.4536914391 2.80619873036 3.90057948448 7.6259021524 2.76523779832 -5.97872977945 -9.33434034904
11.1336314244 9.64405439773 8.98263122278 14.3923120124 16.3073775447 15.0913927298 12.1820078219 15.438487408 11.5899618011 11.2673176797 -17.8602794431 -35.1608984297 -34.7652179656 -24.1569379312 -19.5457672961 -14.3699994056 -10.5710467802 -10.3330234774 -8.89569018974 -7.29111347137 -1.02700141108 2.71103210915 1.44819088984 3.24913768432 7.22596444322 7.74579699224 11.0777743711 11.4272327657 10.5372709181 13.3158476298 12.869266941 15.2215669146 18.2116488275
5.73252847675 9.31992084924 9.200325331 8.34881750015 7.46320499358 8.97153147489 0.669546009597 1.80649812205 2.87172719018 2.2425956344 -13.9206449832 -13.057092645 -8.22976172134 7.31408711203 15.700970893 18.6957673163 17.6838647202 11.9927605452 9.24643580236 3.36803543025 -2.11106775927 -6.00779460595 -10.3601470212 -7.39590377078 -0.996657869379 0.932468258776 4.16633475347 4.53931111029 5.09021329256 4.86801012457 -4.50404542211 -9.46749391404 -4.30370320409
11.407606649 12.2512420445 6.36674884948 6.57179598641 10.0857096895 11.4070726661 12.481529936 9.23864803671 9.32541999893 6.57773631336 6.27294608167 11.6444729765 11.496095024 12.1264038473 12.6166971718 11.4602666936 9.42498940255 4.00255696453 1.64876381203 -4.74253766035 -11.1481279674 -14.7746617902 -11.4112258129 -2.61975476939 4.53052276613 7.21676057013 8.44860724934 11.1808490014 11.8128169824 11.4731476359 7.50710072073 8.50891938418 14.8121764282
6.06340589608 -0.16735603417 -1.37570970878 2.05692863184 3.56321109216 3.88769102016 2.89669095595 0.186642654398 2.03317043921 -0.159056966098 -1.64111974717 -5.65327344767 -6.20028995455 -9.25817507394 -9.12994379896 -9.50738787561 -6.18786131636 -6.49760370969 -4.05019946279 -9.99830121002 -13.1633434654 -11.3845194006 -14.0066773301 -5.60629113692 -0.17639849459 -1.95428512927 -4.03043179637 -0.114840054097 1.35503179504 0.653573029776 -8.2506484849 -4.03680336526 5.26338780513
8.53487155264 5.74886655029 5.92770128759 8.30388033652 8.76083573301 12.6034254029 9.07542967414 3.46312575451 7.68610826031 5.19102731407 2.05861018878 3.90095352115 5.92206458883 5.65611955482 8.35820491248 9.76159399684 10.2238948341 9.58618473084 11.9131063232 11.4760358843 5.64697093328 -1.81270750132 -6.24412088192 -1.86200859376 2.39895667602 1.36785552527 4.43388742446 6.08618009139 4.62823733495 8.54523223477 1.7722965445 2.37406108393 1.20408685362
-4.04239981482 -1.22521713481 -1.04118446565 -2.32922993605 -0.739029681485 1.02523968177 2.19046006717 0.248545653025 2.12201758937 -0.412669687202 -1.18938419777 -1.22972007107 -0.115285024327 -0.385030396108 -1.80663986073 -0.431236518429 -1.45418622178 -6.31540661076 -6.55499497615 -8.53712762127 -12.1020535176 -15.2151389963 -11.7342981574 -12.2272843474 -6.02761394055 -1.32011833092 1.03213395087 3.07872024019 -2.51505933304 0.205149836178 -2.06352321376 -1.67024364598 2.55579002002
