-253.611433903 -247.558539171 -247.711029642 -252.381708948 -248.264812548 -247.178569302 -251.208831985 -251.803750831 -252.024403974 -235.598981467 -156.347209519 -88.6615552478 -69.1138011 -72.9861699724 -69.8446189283 -70.6145398011 -81.7163297873 -91.8506039093 -94.2428205299 -121.394903586 -152.153420856 -195.749888785 -235.898712564 -243.667783822 -249.670066668 -249.658561534 -245.563358104 -224.648283603 -218.197090163 -225.719952602 -224.588501491
33.8389247212 38.7822829779 37.5432266978 33.5570372069 39.2570304887 38.3727216988 32.7199289567 35.7509153054 36.1795504202 45.5799943716 75.5586863253 78.3506587447 62.4927708906 47.6005626974 42.8005844577 42.2793086165 44.1956557588 49.006530173 68.2109574108 78.2810003786 69.2287951471 62.9853984155 51.5549433711 46.2043057084 37.833889287 37.8443633121 39.8113836467 30.0805529818 19.0182486819 22.7252775305 23.4842333709
6.52834917944 7.90067601691 4.97710621072 3.92088078075 5.99529525157 2.78938293229 -3.28007433535 -0.0338251295399 1.16832123159 -0.385683065837 -13.6069740127 -43.784569199 -57.2273359541 -56.4143539672 -59.822293191 -65.5145111902 -65.7996122726 -59.9103993591 -44.138317546 -26.9602727097 -7.4828438105 10.3193086745 6.18735266934 3.30060843059 -1.24373059891 3.82464153153 9.0378760484 18.6565612265 14.2226161711 5.98383990307 6.28852961252
15.1549685861 14.103741984 14.6403419408 13.9645701378 15.6869552009 16.7228207677 14.0881475908 13.0168155712 15.2236127351 17.8599762956 42.3401641283 63.8309959815 73.3418828072 77.8723122443 76.5251983901 73.872321714 73.455644849 71.0749153056 59.9888923106 49.0422671496 45.5435233448 36.4784245054 26.4925842338 21.7865255485 15.5502715081 19.4155098932 18.9362812263 14.4001039349 13.5373122401 17.0524893742 25.2530992325
4.6651078347 2.26076121917 1.17899507817 1.29721896551 3.60645896162 8.13949102553 9.90158391292 2.15734318211 2.76602119664 7.22887592117 18.1891087412 10.8042129105 -1.11426374417 -8.66651098638 -9.4529644218 -10.2568176066 -11.3027798608 -5.2344865024 -0.125524273009 -2.8931285468 -1.78197297796 6.9953442361 13.6180574187 9.71070928168 4.58068228142 4.51724523819 8.371192507 9.36667810074 3.90148554568 -5.37104924426 -18.8898770183
12.6055363005 10.8151998317 8.93627331544 9.70679357122 13.0010989087 18.3973052279 21.3950091838 12.656397757 9.30542087228 8.87229112008 0.567735605671 -16.8881553165 -26.2051693618 -26.475342298 -31.2157561868 -36.1588756348 -38.1562600067 -39.146614551 -39.5917814221 -35.4075034276 -28.8074673883 -10.4395043123 1.87476531726 10.4799122899 6.31291728894 2.94165450524 12.8550616378 12.9907763426 18.5213043494 23.1249919037 25.2055372244
5.45493602335 4.65960679368 3.50512251826 1.16333627654 5.26784034215 6.57752186478 10.9395482357 9.27387134015 5.2353762893 -1.7051530902 -29.9195332579 -35.0357980553 -39.1478850824 -31.8376605063 -34.1772642058 -36.3870793823 -30.6495068093 -26.053702787 -30.3263818367 -35.7404869971 -24.9242891098 -19.7937993246 -10.4868509155 -0.80780881034 -1.62290653559 -3.38982141616 1.95005734309 -9.85475912669 -11.586794407 -6.64108662402 -3.85422323286
21.1597072889 15.1888701304 3.19903425208 2.33196927679 5.66806889353 5.30456643033 6.35522547011 6.37823986142 6.91500367626 6.86690564067 -8.81519174454 -12.6242688801 -14.6687128837 -4.80469509627 -1.24637129784 -1.03139396028 4.04841256804 4.30725321046 4.25115097917 4.93250948439 9.99052760596 8.37228900391 -0.187985469421 3.55665989404 9.83537296237 6.84599768489 6.24446301897 9.49743931367 12.2232784218 16.6625132182 4.21369987763
10.1436128208 4.76036685542 -7.2010240564 -4.18335740814 -0.834855902883 -3.27685919672 -3.89828579013 -2.60722273382 1.73598109743 2.57811329086 -1.58428658319 8.71641662884 12.5123013935 15.9289647662 6.78380588596 1.83424750515 3.93428230457 3.1387605904 -0.0171858874545 -3.06275996455 -9.20132398517 -7.58637184865 -7.09395675881 -2.37652747076 2.06768947486 6.21185783858 4.85664340819 -2.66914103665 -5.80874590364 3.25023221054 13.1704367686
16.2012998738 12.3074526516 7.31304767962 10.9526066122 10.3579596465 8.90910849473 6.3247276892 7.13042401591 8.38094443194 6.78070654256 -20.5791588191 -30.4238767988 -31.218568299 -25.3841941063 -28.7601493922 -30.7317192979 -25.8879648819 -24.1881679379 -21.0778440298 -18.8446690468 -17.6135710576 -12.3415832993 -1.04319023732 5.93360494882 6.60558994698 11.7710128562 11.8540580703 7.65517681959 6.61593830861 9.1604108648 2.7051592208
6.37265737596 3.88724407334 6.05993258133 7.73709608165 2.91675784029 -1.31536488987 -0.457662908096 2.23966851372 2.81675694596 -2.34354592414 -24.2151740179 -35.207098298 -29.0693033896 -14.9334340128 -10.5968499188 -11.0818520336 -9.42052443371 -10.2483280162 -7.26992131603 -6.44775194733 -7.25517127838 -3.99621926307 1.41235675042 1.43058364657 -0.433262970671 0.533201790226 -1.42655314823 -7.56605003546 -5.36015956885 -1.14442311831 1.25688093772
3.1856924579 6.98130546517 13.1426443145 13.8275039334 6.56967936805 3.07437489297 3.23743434027 3.05434664797 7.42670287438 4.01024221315 -0.336963738691 5.19118112399 11.3070341179 20.6745864187 25.7934643643 25.726409551 25.2454880644 18.0438331207 16.4805412188 12.9299971258 7.02040080807 6.77734548577 6.11203881481 6.49750664358 7.53571868107 5.73470915454 5.48676598683 6.49876769947 11.0168444436 5.04960649812 2.9289547715
-2.67872085146 -3.43847978654 1.59519251048 0.0262884911638 -0.668027789405 1.18078611837 -2.04220543283 -5.20121583159 -0.549554613128 4.43003995318 -7.11854052545 -11.6832187907 -6.91592686622 -2.22820979017 2.22342846246 5.37496748679 0.140560638992 -5.92866169229 -5.09589647997 -9.78272962951 -11.9527855265 -3.9305005306 1.50085374985 2.18357294616 5.10717035219 2.20459853332 -3.51726991529 -0.563256631837 4.1623950091 -2.3773182916 -7.50700246115
