-212.374955226 -207.613005205 -207.708384104 -212.564731469 -215.626287356 -214.21170825 -217.672896279 -216.780848692 -213.458739071 -201.720512221 -129.290697483 -69.284434012 -48.3531810943 -45.2587761161 -43.104276122 -49.1864735977 -59.6758731085 -78.0398472088 -100.771803763 -130.597646065 -172.20485603 -198.072324253 -211.763842507 -218.336906631 -207.992470169 -175.615008291 -167.297813282 -175.186009419 -194.536861121 -208.743086596 -215.144198834 -209.050470444 -205.662603395 -207.463959281 -208.819740965 -207.289160041 -202.804813376
53.7350226154 54.7607207732 55.7849075046 56.0783950168 54.4110468175 52.0646375533 51.0201620893 50.1138451766 52.3061992351 50.7422432461 77.3278572276 69.9055747841 51.1785548592 42.1771934402 44.8747800498 50.486825285 56.1287814022 55.3359802105 50.4187203577 55.3237789206 61.6009074254 59.6099620809 53.5177520204 48.9562119071 44.5185737968 19.4336283291 7.83963318484 18.9288832602 38.1476421049 47.5058335888 50.9913052791 57.277091791 58.5257559114 53.8019564235 56.4597878985 56.7611152237 59.1611331781
18.641930221 12.6955742941 2.8750042176 8.2598078609 13.1555969462 10.8399884808 9.05243703845 11.2644579246 11.6224347338 8.18007927834 -4.77854010767 -27.7872619631 -43.1979107912 -48.0689059843 -39.7647555549 -37.6447776925 -37.4859476027 -30.3812086912 -16.5641301523 -4.3484326896 4.6860258761 3.88211224357 8.05598953482 13.5978789702 16.139009026 20.4149044823 22.3214421253 15.3418291802 12.2920344758 11.2478223236 15.5112506742 16.7158153608 15.2211598178 11.2581910106 14.7035449709 12.7964251906 11.6588957192
24.5969332369 20.5342731423 13.4822684096 15.078375016 20.6494110595 19.2995685609 17.7410900353 23.6248884614 20.8568660631 22.1658287982 42.3550693026 65.3662502291 75.3653871332 74.8909154319 76.27796705 70.6073834234 63.4373646951 69.7216193539 68.3873241251 56.2459022998 36.3071961404 25.3887145444 20.5070462677 21.7851464171 25.9459236319 32.5260592941 37.3211500944 35.5534236867 27.0651483493 19.8992742549 24.4776359012 22.5148330244 20.5634401131 24.0125158032 25.0232815661 24.1451831888 22.8736459413
5.54371246463 2.49314938783 -0.242208794163 4.54230106325 7.57679709785 3.45664828033 4.14828621084 10.2029620179 6.05637953624 4.82407074101 10.2016697878 3.30701964689 -0.0689186415958 -1.45386739137 0.787542108262 -1.7142914245 -7.15354575571 -6.22989008232 -8.70589340224 -5.89182639939 -1.71487703807 -0.108612731619 3.1552768914 7.32085141034 2.62556852356 -8.76376875992 -12.3661834194 -10.3128459312 -3.00079822297 2.13192735344 6.88720277741 7.54008186133 1.29499003222 6.4682168121 9.31733752637 11.764797572 16.6199125505
12.878499922 11.1928490415 14.9564916129 17.222940556 14.9218520152 10.6948735927 15.0371724028 15.5618150003 11.9051798138 19.6867492629 -1.10464351943 -14.042188647 -16.1614972477 -21.1220830781 -22.2058140791 -19.5648431558 -19.9267946492 -21.0823357159 -18.4514591632 -11.5743453151 -2.5958447991 2.40511033079 5.84460221711 9.72445300016 20.3353387921 36.9493913169 41.6189628353 34.517404793 23.1839146922 18.8332329827 14.0874154143 12.7656479271 11.0140511497 11.7307414959 14.4044944023 17.5629039817 17.4100723238
13.5209783925 6.6701296318 5.56183954039 5.31564533825 6.68950765471 4.60039278952 8.80622180304 7.30187425671 0.420569654534 2.2003367982 -24.3275953665 -33.1774059009 -30.9775146617 -32.0919235062 -36.3552007012 -36.5461028136 -35.6152761764 -35.2573100137 -34.6203869755 -23.7537515274 -12.2073076463 -4.00977024465 -0.652558340244 4.80636928506 -2.03134774515 -15.4967464222 -16.6123291392 -14.8845086968 -10.4323072148 -4.27714078276 -1.11872841276 2.71426937622 5.41458891047 6.77302757744 6.46862927815 4.54617986492 5.81366658377
13.0966953835 11.7875272285 9.72551479161 10.2240377311 9.9626991719 8.15996278415 13.2419652697 8.83414951269 5.62550559406 7.1947827262 -15.4675748176 -24.3840124541 -15.5697647242 -7.49665265089 -5.39840608199 -2.89182155694 -3.68130714484 -7.51064968381 -1.14570118845 5.17352639965 5.70012143739 8.70287748825 10.8334167214 13.0870813495 13.0324500653 12.2569616997 12.5916230122 12.0648101515 6.48612316291 4.46473381815 4.34958491741 7.83045063079 7.66335070334 9.07092625609 10.4346160079 8.79489713486 9.49265575684
1.56252917789 1.94186577047 0.817710123181 5.46192655139 4.32301862911 0.331297033684 1.41644718817 0.0720217599722 0.189105089899 4.57572453438 -4.14309617858 4.45609941632 13.4779099293 14.7965948117 15.1235734002 17.3051498835 14.5432350277 10.2570999062 6.95310832452 -1.33323573188 -7.01172903903 -3.28148164961 -2.32027717592 -0.897931264715 0.354988658097 -7.07911705592 -4.71927973339 0.230348814237 0.535521621432 -0.360740937198 -2.67406859882 0.195603345664 1.96236915828 2.54450664356 4.69193517619 5.28428743187 2.60004523432
12.8392797336 11.3513347814 7.24778591481 8.79695093436 9.32373394461 5.37907955641 4.68309383007 5.80018616168 10.7856210699 10.8703991284 9.20427016524 7.97884285195 0.26497333732 -5.50425859559 -10.4795825839 -16.6469882314 -22.0092125155 -24.0343688843 -16.5883901006 -11.6862803714 -7.75265639504 0.148341833798 3.49600463008 3.26504779918 1.68559761931 -1.65697921976 -0.474837110673 1.73527432783 6.32545484757 7.54223743272 4.19329963128 4.79092822364 9.47939595604 12.2908342227 10.0844182873 8.97930074326 7.0457357046
12.363206554 10.0157305932 7.04942513363 5.06984392682 4.25500665703 2.55123071588 -2.3377518805 2.28660138589 4.96686509653 5.8601106343 0.0821244678258 -9.69731033796 -7.75228382893 -0.937927166525 2.17719624995 3.34794748843 6.58611168849 11.5167659451 7.28000817177 4.21264645251 5.95595556159 4.50984359193 3.43326483737 0.281483089259 3.278678247 5.0612044816 2.85189826558 2.04320230133 6.14616187954 3.93130088829 -0.544400871928 -5.64039715869 -2.55087282352 3.74922338138 2.84942388384 2.26348325221 0.656527650927
13.4805353904 15.0220666315 14.9784290111 8.05697090516 9.74248001133 15.0733187351 6.56411292337 7.05795843381 5.89060710393 7.39387230456 10.0558540191 17.6519309049 22.8321423186 26.2865634072 31.4007215984 31.3309057497 31.1959873597 31.9566909548 25.0683978285 16.4800458411 13.5288135491 18.1784860849 16.129121126 7.33293201144 1.59934392034 0.0797599538046 6.71796085747 5.04240393875 5.51232496414 8.6697022135 8.21438506567 5.38527178489 6.67717042654 8.15835177129 9.08753561139 8.04360538341 4.17421038483
-0.0305145461964 3.98381415625 2.56720203067 -2.9869718693 -0.862617512257 1.2021388731 -2.31250790994 -3.86543038149 -2.57068305906 2.77092364499 1.92909301509 -4.71631701366 -5.86049606704 -6.8207045462 -6.39688018448 -8.11330386309 -8.85840852836 -6.83043465066 -8.76382680683 -8.18116361878 -8.90592048106 -0.357866015402 2.9214800332 0.209563883979 0.536677926411 7.92601250476 14.710181204 12.4199859088 7.57626972077 2.12071650537 -1.24137540445 0.750392990565 3.2135826055 1.84266466854 2.7720042647 -1.9476298114 -3.1830767229
