-253.792918218 -250.285683816 -253.883648957 -249.960401348 -245.809628659 -246.419237043 -246.07148194 -249.525668219 -251.466549054 -244.612456715 -132.523292872 -52.2763258678 -37.6264933444 -62.5697720403 -81.0088986713 -73.3219032784 -75.8868197582 -90.5907910004 -87.0431637315 -90.0793676077 -100.40342763 -106.512603376 -119.102521844 -155.435098113 -199.565006319 -221.056975892 -235.910422113 -240.443298336 -233.977753827 -202.760286316 -197.225597251 -224.149045491 -240.835415334 -250.198381702
38.1498113344 39.5033729604 35.2796909187 37.2354038586 40.9990048846 40.8646274519 39.4791079213 37.9840068319 42.5256374338 44.1582658806 77.6802923509 84.112424768 70.1440119057 50.4604963024 42.3134089865 44.8353548802 41.2073031275 34.1947680194 35.9360258977 39.5753609487 37.5479140181 41.4304534823 60.9343156051 67.9949670113 65.3434831754 58.9411402473 50.2134298062 46.7161551216 41.9300045609 43.5740008679 45.1467844985 46.0396618988 43.2709673247 41.2323550087
10.6509362988 9.27360678973 8.13551500308 8.90485680351 4.13877591404 5.38172001972 5.92456856979 3.21819423615 9.13126366834 10.178768865 -26.0527772777 -53.5048439887 -65.8027076641 -58.6836864353 -49.5614903528 -62.8082191099 -63.2413173313 -53.5229837761 -50.6472066159 -45.2749522342 -38.4709044699 -38.7726579035 -27.1761258857 -1.58460668981 15.7834825019 13.9958071771 13.448089518 7.52197002475 6.54435298528 4.24461306849 0.351118132801 5.28649630989 4.05727732752 2.87043099453
17.3082169823 19.4711140983 22.1058223554 18.7916867013 15.0108748751 13.8202571935 13.13134245 17.0564138592 17.6747128236 21.4331919615 45.4342633687 64.826568736 79.4904834147 92.7072498749 102.051276244 97.2288478887 98.2761335173 105.449305589 107.074127661 99.9003905954 97.4914272792 88.1857214091 76.8917103639 66.1649606207 46.9926009343 31.7753703142 24.4646838943 21.425290784 17.7917487651 21.7623274413 23.7559702347 19.585180334 17.1811078199 15.1599369293
5.46548346209 4.01399670447 6.96870104563 5.38728871462 2.15545782546 0.642939235996 1.11347785086 3.62483463097 2.84293373139 5.80117909443 11.328069213 -10.5941247878 -27.9010633476 -35.2528695279 -33.5631967627 -27.96491388 -26.6713475047 -28.6828857453 -29.2771127159 -30.4130668159 -29.3999478151 -26.7110696281 -20.5619563288 -10.3883466966 1.4036517866 2.09958669444 5.55745847243 8.27729625617 4.27758051804 0.530793125383 2.972080533 3.04673450092 3.54354683284 8.20029633189
9.92352088055 8.76737049736 11.171709233 13.0632256035 13.0852748275 13.2238773994 12.6045427676 8.93813897119 8.89818255019 10.5754729977 -17.1454211746 -26.086417712 -30.9132993876 -29.7975702106 -30.3396176849 -26.9958983596 -27.0942629352 -28.0187422405 -30.0845217572 -30.8546030491 -26.8376244472 -27.158020784 -29.1986701737 -26.7119480695 -11.97202991 -0.225462591469 7.86749762771 12.198381075 15.4607600208 14.2214544157 10.5604209934 11.3644342102 13.8720692522 13.3828223198
2.85812465256 4.81384520975 5.28155439118 3.63324087221 5.65094493004 8.42196581981 7.45007128566 3.54321490429 4.13656825486 4.90407620341 -28.0243469019 -19.6693598154 -5.37765602089 5.04333445925 5.27061633996 10.9765153282 15.4326385035 14.8069288427 9.89743121728 9.75987683038 12.7196969106 7.42133565028 1.74392019243 -6.51358292593 -9.78330409433 -4.8329046069 1.2733835543 5.18547464347 4.66879946693 -4.87201386364 -8.80348416258 -2.41865802378 5.00276380364 2.08861952173
7.91912027443 9.40108467985 11.3513112703 9.91332814027 11.2585799793 12.565121083 12.2875339291 9.69451939664 9.33988111331 12.1633796303 -2.53549172063 -11.8062055725 -18.6452274429 -15.0058113999 -16.9002682468 -14.2811178625 -14.8446836047 -16.4478805379 -15.0345146795 -14.5778132844 -8.8837379529 -5.19191416216 -5.03855273354 0.147296123317 0.953113937904 4.32782439161 10.1783042691 12.3421497217 14.5732477926 18.230136572 16.3274892628 13.1419308382 9.92888359743 4.79220467508
4.77221057788 1.18384119399 3.42581574386 3.56338352647 2.82937999367 2.89695806062 4.23833166351 2.40819978915 -0.316093322905 4.13845566541 -6.82225139995 -15.3720860228 -14.7100961908 -6.61398397172 -3.22841754538 -7.91868309949 -11.2684563639 -10.7379645263 -9.89834488784 -13.501532492 -14.8924629074 -13.1332260472 -14.2441757427 -16.5064407756 -9.39321673788 -4.06086383045 1.39617783508 2.10401440829 -0.679698784657 -5.84842955778 -4.07022368595 1.27010394599 3.26333721167 4.61568369536
10.7691212591 9.45220451738 8.39419312966 8.99092781652 4.57177095629 5.00013619166 8.99026000204 9.31124021857 5.85337965354 5.84052856449 -15.5329618463 -24.3211346634 -24.8446766177 -19.0977807427 -15.7348810032 -17.7805571339 -17.1203325321 -14.6527337234 -17.4305765157 -15.3605428839 -14.2609415306 -21.6653380059 -21.4999545611 -17.2856122063 -5.11175776484 4.08527067109 8.75147843419 8.95496902477 9.25844422294 -4.60478938452 -4.57377134131 2.28688075227 8.02450098023 8.11415195256
4.08577920851 0.259513386753 -0.133845569043 3.13605477321 1.78273010115 2.15172562935 5.02994737722 6.13659244357 1.82387912355 -2.0887219326 -14.427176247 -16.4717663396 -16.2682828102 -11.8238638267 -8.33485323383 -9.73262085545 -8.61620453227 -8.4357801979 -11.2231088792 -8.32563192665 -7.04457788628 -12.0770035926 -12.1769522698 -7.02023482092 -2.70033802165 -1.88925219285 -1.98740122804 0.736433684045 3.66816056579 -7.78776765257 -13.1339079114 -0.270128255614 4.32107216141 3.27001987893
9.17506343903 4.27670792789 8.28362318713 8.11512590735 6.16641467288 6.13534268942 10.6582355155 11.9890786745 10.2545687774 4.31055296325 10.4262711657 12.7399301082 20.9331552705 23.4110725367 22.163072598 19.9019936028 16.2207622107 14.824597633 13.8980769587 16.5320591748 17.0084609815 12.4787941371 6.08918684429 8.93550865969 6.6336087785 3.87051148006 6.38859962844 6.57675637928 4.65196457311 11.4255012171 13.1180161098 13.4430656594 10.5762432601 9.71347524743
0.621342725481 0.811490436888 3.33232191093 0.819838356104 0.311268616288 1.80998817579 3.83020031222 5.48264242615 10.2835765025 5.80254458755 17.6244892684 16.8018842061 11.9774994851 7.28315890699 3.07124247765 -3.18870319795 -4.96482635674 -4.60269571134 -1.7014043352 1.34528694046 4.2964926866 4.92531787341 -0.0579194135188 -1.86949534764 -2.6670367467 -0.715183565061 0.827330621852 -1.91762498906 1.03712083073 12.1766085452 13.2931426654 4.84913899834 3.60152273043 4.05694903136
