-252.239434155 -241.293521727 -239.862014427 -241.271084144 -237.825649683 -242.293641349 -243.172274134 -245.426992033 -248.326402407 -240.712830675 -161.09836552 -107.616862838 -93.0645979656 -89.9187037462 -89.1891862187 -98.732930373 -100.634668118 -107.169560153 -111.113747399 -102.453358874 -122.234384671 -172.304593172 -211.030566362 -226.639481567 -236.931609301 -221.585115602 -175.560253695 -169.258623368 -197.649986122 -226.632678646 -239.196470928 -240.768898346 -243.19090756 -243.501646281 -246.642234609 -246.669979596 -247.483889087 -248.692623453
34.748335201 39.1865240576 40.2436914492 41.8484242198 43.3444178186 39.1553652207 35.9806006783 37.0840700699 37.6409730931 41.1329993792 71.6515139438 76.6581953097 63.6005321529 44.7718126488 36.0883561845 25.1518848878 25.6124874779 25.8386188254 36.9104082437 59.9751033327 72.2255451564 72.3127459438 61.900714034 52.9414399319 46.994745879 34.501811265 7.78659867097 0.10309671826 9.11442060328 23.1116560961 31.7973332545 36.9512184121 39.7025451804 40.8484975223 35.9135520102 33.9977360295 34.7754019281 33.4080094558
11.0122501054 7.37111247757 4.18213108855 5.93677274794 7.29027127891 4.51457015369 1.16276873528 0.113924660142 5.91917431661 5.93646366281 3.90867392157 -15.2571386276 -31.1322765458 -41.1861222844 -45.1536375159 -47.4208900943 -44.7127794176 -39.6423945034 -34.5572610537 -26.374477084 -9.40932143224 6.79730738508 11.8257722691 12.4562624092 12.1894303763 14.9054159858 21.1290031061 19.5095132088 9.05561723825 3.54052999981 2.82181096803 4.44317826192 4.72568557738 5.57908018155 6.08572041682 1.99043534128 3.66968563426 1.54096224434
16.9404094379 18.8071061703 19.8817975069 22.6857622933 21.1730231824 15.6725800996 13.0296527097 13.3087334463 16.1548013324 16.1020038872 35.75042083 51.5809880707 61.5680801348 64.1535191047 71.4350053218 74.03869475 73.3567916245 77.1997270957 71.5474392258 60.6058753746 53.1700684379 42.5192655047 31.8306436561 22.2181133818 18.5399706508 19.7585025049 21.4449504661 22.9704064992 20.0113680742 18.4197462828 17.589618489 11.6217059774 11.7634303483 16.2106928606 18.7447067692 17.0304191607 15.146261531 13.0285398846
3.05123098734 3.49405290164 7.5104199995 12.8669097756 7.86086311295 1.53038339965 1.73332447457 4.75043020808 6.07373109298 4.18249884469 10.1521231466 5.71795566165 4.13081221922 -2.06267679033 -3.75333508906 -1.63620449164 -3.89882891205 0.302944536968 0.878480626729 -6.69304964217 -9.75626500286 2.24807483503 11.0187874358 6.16868834001 3.13380366917 0.679360528882 -8.46322086461 -13.2398305576 -12.7523864453 -3.7503596194 0.609814476303 -3.7241404501 -0.242499728695 2.66323481259 2.63283784967 3.9634437667 0.932211896048 1.94472425966
14.6936751425 9.11832945967 10.9634621863 16.8156198947 12.0683328768 10.4963967053 9.45021342876 13.8228282338 14.8594038177 13.5242806249 3.81454256759 -7.79779601918 -17.1062233464 -23.998584015 -26.4506243149 -23.3482087011 -24.7582970894 -24.9470034668 -21.7178730974 -25.6989860202 -25.8831974348 -12.5941976353 -0.0529940926507 4.82448932564 9.71654692926 13.7535536891 21.6579000572 26.1768291192 27.4847700108 18.0459049524 7.2943916893 5.57900752692 11.205795132 7.85871826995 7.82990450501 8.50303265623 6.90674153194 14.3257896272
6.26878792492 -0.370907082101 -2.6858783153 1.81885732117 1.2472468437 2.45363022386 1.66940782668 0.264966573507 -0.518857467506 -1.82246336351 -47.6745836256 -55.9522325628 -49.741055642 -39.9083651858 -30.7691520859 -18.718855209 -14.5709709554 -17.8776177198 -22.6086722335 -31.8508385437 -31.9112427147 -16.739112845 -9.12616289482 -4.42185668952 2.50582809315 -11.8447375823 -31.1545921486 -32.7339181452 -23.3500663174 -5.01951537321 -1.36363823484 -0.306201459126 10.2081417667 2.80950465946 -3.87769302742 -1.83129204898 0.962863644539 4.14864032273
9.29516510044 8.02565072824 4.77070042916 6.46701770364 10.2673311006 11.6013578904 9.01522867583 5.31888074089 3.03970717849 11.0562074051 -15.0853842965 -18.3271106455 -7.9945321328 -1.26317221079 -0.901572730153 3.94138046877 -0.427946336062 -2.53185990545 5.4472850693 9.08429937413 5.46360747781 5.11528461507 4.34723825701 5.42532019109 9.76405520669 11.7274354284 12.2010954483 17.0878356803 21.3112652337 19.0455718192 11.4273246385 9.82222903709 14.3527304044 12.0472568326 5.98777871225 5.61474205789 5.66684470802 6.82005820803
-4.70061339742 -0.85076015536 -2.52747166108 -1.16715796721 0.673004567518 -1.26820455305 -2.59503725292 0.198444773704 3.25239052873 3.29789050817 -1.86909477399 5.48221089648 7.82212043105 6.53929551445 6.34735254842 4.00759767314 2.47403041363 -0.140235804022 -5.69901258212 -6.51833807493 -7.48888531865 -6.85253453963 -7.49884872377 -3.10838103373 2.28074754714 -3.21930360222 -9.45117560796 -2.54114311513 4.4472806391 5.22530668342 2.48247555069 1.84588384904 1.22280105576 3.76639987543 -1.73793339024 -0.869918381938 0.565702154304 -3.3393297803
1.60481454507 5.96434064918 5.4416713574 6.00641003757 8.48564601513 3.19015215944 1.04745194963 5.57119836125 12.1024168081 5.92398931444 -20.1552409089 -30.5083446799 -31.8999581308 -28.9306165159 -29.3203881087 -32.3807074771 -36.455343443 -33.3619695348 -30.0883966395 -31.4117362249 -28.3231234797 -17.0898615574 -8.47968519827 -1.85827087757 7.96047347101 8.67909574898 5.96546665885 7.28113539624 10.273280342 9.95561862561 5.17219778484 7.8067428253 5.83582768817 5.93427449013 2.69139265988 6.04781946965 5.72274881999 1.69141189596
1.27255085194 1.04896707403 0.0414885756674 -2.54143677865 -4.47199153671 -1.10606201785 1.4230387062 0.307587395998 -0.25715850785 -2.22607100404 -23.1236951256 -26.8004087466 -16.947208739 -4.50606041883 -0.113816465136 -0.678854649279 -1.86166980593 0.75112674151 -2.61412962217 -6.86102498982 -8.25088789316 -3.57567862095 -4.26148034494 -1.48632472754 2.78145445998 1.90045750959 -2.80992004426 -4.93761988525 -3.28723687086 -0.40428851016 -5.02447733174 -1.43344100877 1.90948387431 5.00977794855 3.72144860679 1.95146734124 -3.13145602915 -2.99977616628
6.37453339014 8.41286481404 9.02871419259 3.92241915636 3.42506845487 5.94588220626 6.08762020932 1.04762146379 1.35409162335 -3.0099542619 -8.19638210801 -3.02847873939 6.2064233689 13.9914678096 17.1241253095 15.8604950425 15.8563465879 18.0683048894 15.2005339559 11.9704115641 13.4007621591 14.1867160892 8.67423796112 6.47874101924 5.45818926418 5.3840173361 12.5893856764 15.8234483577 9.86617901067 1.77804024409 -0.417742739241 2.71074469673 4.41459207308 7.98365984323 8.23226819913 7.3442826367 3.60872776676 4.02047822998
-4.30246932194 2.15103217288 3.62667884804 -2.76679097568 -3.89701991099 -2.50912489167 -3.05475177521 -5.82226010728 -1.82068277319 -3.77985382961 2.90550175276 -5.83505728225 -10.7369360625 -13.4327528666 -11.1880978983 -19.8045025374 -23.726754328 -25.8854535646 -21.141976048 -16.5903242012 -16.3287217295 -11.1231550623 -3.81950147635 3.3334949172 1.16650805087 5.63328785506 10.0377554586 10.833630263 10.1499162721 5.91772285634 4.13852714379 2.20023545455 -2.22267774128 1.81442079548 -0.0619912853829 -1.82516091173 -2.9159146213 -0.000629659834639
