-320.705965475 -316.011877819 -318.187786801 -315.613610858 -314.986099394 -315.454956102 -318.135589745 -319.726769378 -318.881979628 -314.697010668 -223.285336406 -130.972110242 -87.0985423722 -63.5811989621 -57.8420127689 -60.6899723421 -62.9603485133 -60.6607163396 -69.7218802974 -113.937460104 -196.597500331 -244.547082687 -272.053072765 -297.395262825 -304.62904459 -280.393822257 -266.111977338 -286.243838286 -304.316626615 -303.932865217 -308.319722112 -313.219250101
39.3528058599 38.9146989922 37.9552801301 40.9293531351 38.2706883443 37.826736002 35.8352536445 35.5033365589 33.6580955266 38.8234787443 93.8862889478 106.114668939 86.6710642886 69.4147257427 56.6764935955 48.4185006423 45.5032511628 50.6435952483 65.3422559621 80.3634488608 83.8993811161 74.1344836022 61.8415642709 47.7528611335 45.1656495511 39.8675326058 42.1229401321 40.6235303297 39.2992487874 42.0592543372 42.9510303164 38.5959690445
6.66263540887 6.60232506888 6.14925692035 5.90732491648 3.74742095034 6.49704642018 6.96771739138 6.34072462891 4.4651799462 4.31274324083 10.1869707731 -15.4260005359 -32.6698998812 -36.9998749382 -40.9905662196 -45.3761306735 -46.4488889063 -43.0469507446 -38.4579452223 -23.9865370154 -4.8160135614 1.38132342451 7.28926678745 8.48033506499 9.09750871999 10.8693655642 17.8514591746 12.9173986576 8.44225455836 7.67278399701 6.65546304006 0.587273530495
13.5273779955 11.8471635148 13.370864038 13.5851138623 14.3268845462 13.8718053601 12.2260330933 14.5410842362 14.4055411474 14.8484801196 21.3083714042 18.7815370231 27.4958530078 36.2411485128 37.6275641702 43.9894784263 47.0044911559 51.7333270174 56.1399681742 61.9200228922 57.282329984 44.9310868535 36.0533358845 26.5292187291 19.6806934463 10.5655502634 9.13007496571 15.1218975241 17.7326261419 15.8931054529 14.6388649098 10.2248549072
6.68060545853 3.40811981078 -0.0853137861633 0.747182080825 5.08989107803 5.0885109964 3.7254961086 4.0146747763 4.26872581811 2.57062313946 4.77326717884 12.2969391318 14.5282189546 14.4714671472 16.2995655153 18.1865615329 16.7285253738 13.2014105118 14.6664625227 20.3177305303 30.5144087946 30.5767587787 16.2730238694 11.7657226088 5.43595599863 -16.2327917056 -25.2081810386 -15.7834809865 -3.7427633244 0.9555852541 0.918768241603 -3.56111246321
6.75052581459 6.9159473849 3.66214133521 6.76035336796 8.4206398271 7.9167622081 12.6529260752 11.2601917332 7.5896032089 8.09205015561 5.82739211994 -1.39294464635 -4.45843370466 -9.41153234454 -11.1753898488 -8.39178814572 -5.6895408586 -6.96805960324 -2.58708597748 1.13030633743 5.05612969034 8.01065652564 7.90586432728 12.1800782775 13.6590081157 15.1189235004 12.9399258501 13.4810179147 12.8803010958 12.4801721365 8.08873514514 2.79127092975
0.305285393712 -4.51505558343 -8.37647935098 -3.552438885 -0.496583969165 1.82283997953 5.37712011604 1.06904342562 -3.92722314101 -2.78285198837 -20.1882191738 -32.666938178 -42.4688681759 -50.4770277212 -50.583749061 -52.7521544673 -53.7616606488 -54.422709699 -51.8322240271 -42.6069986284 -23.5408667688 -12.9275489684 -5.16814586772 0.254737368642 -4.61735656661 -19.6340249382 -26.7267873227 -19.606645383 -6.14540829732 -0.68316415266 -0.603433246573 0.0396112352147
-3.0301628833 2.89109421729 3.65212569844 0.333070977818 2.1612135643 6.2570954696 10.4421830858 5.5244307659 7.56996165344 7.40268621414 -5.28174217932 -10.1422847818 -9.91935885335 -0.837963552027 4.61215768993 1.79107910145 0.670457736719 2.51694057187 1.92248535883 1.15244194205 -4.89211453544 -2.90813625139 1.42123544715 6.90406691569 10.5396088904 12.7674285572 8.02159273758 4.37403604458 7.69104812338 6.16747795986 5.59588167346 9.786297972
-7.05812053177 -2.36439850858 3.00197599143 2.08049579564 -1.03730194603 2.65542438231 4.67569879291 2.42748707339 4.72188789644 3.39299541831 -9.41968026198 -10.900919031 -9.1812040946 -2.67046780407 -0.919707773933 0.646561602532 0.461566716575 -1.0487933189 -4.49438607784 -2.59635796259 0.242670346082 1.0439889 -0.44402818234 0.412216615411 6.53679425507 7.17675867478 -0.157359869097 -0.530678449197 3.88286876549 4.11916125625 4.24779916676 5.3332443788
6.83600803597 6.163048779 6.25780020027 6.66551652023 9.46290535365 7.96872814106 3.98925809343 5.98800982063 8.25789010206 10.5532451061 -9.03203229828 -1.62972594371 7.31821628543 13.6239004583 15.8247576774 14.1972676604 10.1272909128 6.23912655329 1.849730246 2.36658553325 5.41421380204 3.23009991619 -1.63167687295 -0.15522087673 3.815875976 4.64309274396 -2.00523098079 -2.52371489991 3.92257833722 7.44782837041 8.38954383723 4.73472387867
5.18544442136 2.90251422919 -0.114158967857 -3.38054171586 0.910399981377 -1.37373661416 -6.47090494529 -0.21429658019 3.244524165 5.31184221448 -10.8142670995 -25.1396019348 -31.3692349094 -32.2229953785 -24.7648599867 -27.4381782286 -33.0541073795 -36.0012000868 -41.0381722506 -36.2555797445 -19.0850817991 -17.2311636791 -15.9502102387 -14.0230087008 -6.18391218894 2.63863093525 5.08233141612 6.46901487241 5.77295983554 4.18013750061 2.82199968506 -0.896812755903
8.67338097287 6.29427665149 6.66293018594 5.9813504368 6.8811150114 4.54200071619 2.38128318841 4.00601773755 2.49191285233 2.56287317665 11.1026493646 15.4252225511 14.7238646201 15.8772706471 20.7456803 21.573894384 19.9722530897 16.7421913893 8.10586231942 2.74551551309 6.85642928437 5.07143511737 -1.45933633668 -4.78304864619 -0.331187613752 1.18562472549 1.63383112891 0.919303987308 5.10874278707 6.9325597202 7.17493764553 5.91587512682
-2.85503784249 0.023827287003 4.72166008259 5.13188023287 1.42791737662 -1.58700927557 -2.89233669374 -2.43971419582 -4.22118041549 -4.1041422866 3.52247148064 -6.36931752981 -7.60754178809 0.978627524998 8.46839174069 7.3690064338 6.29141386788 4.56686497629 -0.373604727745 -4.17371780896 -3.31183689931 0.834162733453 3.45381778969 -1.14840147319 1.10539699947 1.664675827 -1.81912595587 -1.9375035142 -3.46215552314 -2.17690301953 -1.78234517833 2.76203664269
