-165.919022058 -158.818016014 -158.01222755 -153.524284684 -156.512793041 -158.853481777 -161.962054675 -165.569334862 -161.038887612 -159.637740934 -76.394357187 -21.0513032795 -13.9413193498 -25.8398709788 -25.2745102786 -28.9393042087 -32.0742701258 -52.1485373082 -77.4791940678 -114.525147098 -139.732399391 -143.433822441 -138.08215607 -146.117468353 -147.854046403 -143.512591602 -135.416397638 -123.58103973 -128.578637913 -143.280748499
49.2276897691 57.1816135908 55.3389094923 55.9263393886 54.3053860828 50.8392791436 50.6749085228 48.0493824412 51.7052842741 56.5639628797 91.4934563141 99.8103341935 87.11879543 74.2039968471 69.1971681979 61.5785813592 64.3912016667 64.6914650755 68.987546455 72.4682877982 63.5531102292 62.3318690671 66.7061235488 61.6111003542 51.8815225423 49.1506156174 43.274006703 36.4545805803 37.8052218276 40.8059156095
23.7590576935 20.4239689203 19.4407629271 19.1511986997 22.2044697262 17.634259839 15.9970733521 13.6155118735 13.1450472052 18.07548706 -6.39965047595 -31.6097567848 -40.5990760844 -36.6109616208 -35.0924328568 -34.0788734029 -30.0071901776 -16.0691998284 -4.49090916487 12.1660755278 19.9676102658 16.0353659697 12.4926754306 19.563831972 23.1408729395 22.4532383608 22.2837573224 24.2722546293 19.9602680567 17.9965635167
31.6669528453 25.598276984 21.4461394488 21.981553176 26.9538540908 26.4102085524 26.0125321953 26.3029450743 18.8411010944 18.0458476495 33.0796111658 40.7253571863 51.3291326928 57.6831947798 61.391305361 63.0668965833 61.168205545 57.6251041063 49.912792047 39.8021178695 31.5875056391 21.3199347054 22.9312047297 27.6904470117 30.3900558175 28.6330460876 26.720890014 29.7864591077 30.3290529034 31.5623194146
13.1626448414 11.6520505929 11.6724537557 9.71346018528 11.1893771935 14.2276244539 13.2395020767 13.5757059291 8.9379568622 7.38536683363 22.5963543522 19.6215208568 13.8776997707 6.43884656346 7.19108415377 9.95773772869 7.09975065756 6.78682904939 13.7487389959 22.2920747575 15.4434629534 13.5347919389 12.9939758385 15.6123914618 10.2180583537 9.93410590248 10.7388687102 6.02486505166 4.50788785051 10.4925880208
19.7695247133 20.3032343368 22.4009939429 23.1057192331 20.9711380913 18.485730753 20.5853988769 21.4834162615 15.9850829959 15.2553450839 -9.61392835106 -17.5004597492 -19.8192876821 -19.320061436 -21.6729324208 -23.0597831234 -20.9559568709 -12.1413561021 -2.5339200206 6.03979024937 12.537320529 24.3234375875 23.9962368609 21.5679846647 22.7422916519 24.2433150409 27.2288592611 30.0286457679 30.5431002609 32.296089742
12.6697207185 13.4046077986 14.0877046301 15.1601872649 13.9893674904 9.90800212145 13.3067549738 11.1031393496 8.75343274492 8.5412689446 -26.746664263 -26.3329650073 -18.0431707957 -8.87307046959 -12.7545470583 -10.5834230024 -6.06005912707 -0.282970946194 0.0587906383515 2.54694635543 12.9893330091 13.9108760214 10.8570930515 9.36423058218 7.06678474637 3.95873827731 -4.10044952619 -8.58666627053 -2.63490723481 8.70695439563
14.6094739258 18.2012196226 17.4617749008 17.9465934519 17.3334506924 17.5100687737 13.2498394656 10.1472200389 14.4726314051 13.7902247295 -7.51029831057 -9.77849518309 -6.25837956367 2.56881376719 8.01120678529 12.7226963458 13.976264589 14.6712882863 16.5714605652 15.263586623 20.3038350613 19.301554214 20.8181076065 17.0092128212 12.6831223376 15.1251784177 18.6199014306 21.8957226075 20.69700458 16.2339150076
6.58194842386 7.68315065029 7.45741736707 6.69771560603 -0.161632467868 5.63480104393 7.05723649231 7.44456001541 7.85680677512 3.64109395009 -6.19990747333 -10.0784815429 -3.74269913851 -1.58437778774 -2.578463171 -2.85292449375 0.213523201067 3.20488245786 5.32763464624 2.31294284957 6.94257940561 10.0050613239 7.45811007504 6.03308135316 9.77875468875 6.7716491203 1.14856119574 1.25851813823 0.0455956200182 7.43176860538
12.3235028298 13.2726970865 14.5182354764 12.2907832579 10.0741744464 14.801138976 15.4530482096 15.4324345717 12.5235874628 8.81777285651 2.8257176379 1.13663426455 3.21178537358 3.67515405046 3.30452260141 6.69167375488 9.28909399129 8.25265827376 1.54781968749 1.0129271861 8.11326158982 10.0201242083 7.10411797083 10.4331718113 11.8191201101 8.44448874945 7.63925547694 8.92643984084 6.64315373805 4.21750032174
14.9347211179 5.68248643224 1.10787793108 2.33159811195 8.54126033552 9.06009738932 7.33944262366 8.93828797505 6.5977152072 3.95796913362 -9.94450427109 -15.468040998 -10.9390497985 -3.68097590066 -2.16812863429 -2.5147282827 -3.00794296977 -6.02674943208 -10.2736320005 -4.7958620428 4.45886800378 1.08263861842 -0.124739633697 3.18135404524 0.820764652741 -2.80448109982 -1.11945480217 1.77575775406 1.79477353227 2.43616785777
18.6932825272 8.25670748757 2.35623044264 5.38760416503 9.5932047403 5.40167321051 7.35106140579 12.4903858011 13.5886579327 7.50801322185 6.56050647343 14.458889213 23.3219892572 23.4136587717 22.0932927795 17.821271265 13.950750995 9.46586473645 5.38928653786 5.06208490708 5.26964894167 3.00897261235 3.09133358486 6.08202833922 4.38795056722 0.982605743031 -0.516166715853 4.00210750633 0.180297237247 -0.188223180485
2.32427870473 -1.11462545885 -0.407937992407 -2.33753111972 1.41829651629 -0.520717678214 -3.7782296651 1.3528278351 3.71324704609 2.55085213439 15.2793100261 12.8597296455 7.66534878652 1.8974838145 2.98185533223 2.96356391489 0.02229983539 -1.40059672015 -0.559590795368 -1.07254656423 -7.7183688301 -3.11478941345 -0.974730574032 -0.272150044768 1.3791719364 0.654710842727 1.36264837146 5.64979140732 6.93145538948 -0.36023885049
