-293.416772598 -186.08037793 -100.769481214 -73.2814912709 -81.3750896333 -98.2377886286 -108.398435001 -125.104201371 -136.764545682 -138.156944913 -137.796141594 -138.937170471 -137.091297537 -122.621416318 -132.038860302 -200.189662949 -260.530216644 -271.502533298 -281.560053951 -287.611341386 -287.156202438 -288.916395123 -253.924646369 -196.585623445 -208.897717085 -265.807069528 -286.337658997 -290.285219462 -295.153536179 -291.491127411 -295.346246518 -293.037929625 -293.263243135 -297.462213662 -305.410469961
41.9567595051 79.9607531074 87.0330152888 76.6160205006 59.0080258897 41.0181803407 32.8338531128 32.2194210542 37.7527865646 35.9066543365 36.7897897982 38.6236726331 41.1025451501 58.3660769978 74.3978202779 81.5090939953 65.2476275563 57.2887285648 51.6574319148 44.1281926476 43.4246445715 44.2630801372 33.1000393671 32.1489092536 31.1227280348 29.6921827569 41.2719685497 43.698951512 39.629258113 45.6109272666 39.674079471 35.3171315723 38.2259591682 35.1375591243 30.7813965841
6.44390669765 -5.37698720058 -26.2535521165 -49.1284372959 -61.1385710527 -62.9371064571 -57.6976248662 -50.3169849012 -42.6703809881 -50.7965815393 -52.3012986354 -47.4553077695 -42.2704859123 -33.8724181991 -19.2359811448 5.76517970319 10.7167555798 10.5392796998 11.2910661006 3.70889960461 4.19115410159 4.84078965973 4.76130256976 7.61301410536 4.14769602662 -1.38083017065 7.17683324932 8.66392424795 5.32692801196 3.89202763948 2.24202093861 3.43076394917 6.04215428415 4.96763304754 8.188881068
18.3778065608 24.7743264483 23.3825259407 25.5593119764 32.3100403042 38.1088827717 40.8776580366 40.5557315706 42.0141784842 42.4774602053 42.3832503035 44.2530424531 45.0019350917 43.5575721306 39.3625980254 29.6232154377 16.8154154394 20.1094173189 15.8207758368 11.5431428401 16.1639600914 16.2156652024 14.9080819168 11.9102734482 11.3936408808 14.4321043377 14.6954799076 13.572841653 14.1402058221 15.1176389482 13.9121615528 16.398159541 16.9351348511 16.5295053404 18.6316480666
11.972404065 6.03283577668 -0.991081071102 -4.59115851372 -5.57662797825 -1.17395967768 1.17955733739 0.618090616703 -1.49919943719 -7.58388044508 -8.09569779826 -7.66279189488 -12.1219376305 -14.3446875259 -7.51296246406 -5.41683128449 -3.48084550826 2.59798248863 2.39454864978 6.01864124075 5.36745893125 5.55370815851 -4.40729779672 -13.5410523636 -10.9356328892 2.5315117519 -0.981389725081 -2.77293087331 0.962532759695 1.69966639281 2.28586413973 3.35131380381 1.83173689573 2.79242076323 8.95958687662
17.5573864466 4.39099133237 -5.70927763676 -20.6575707092 -28.8707654784 -32.3400434535 -34.7884763526 -31.5637581234 -27.1381346886 -27.8406840813 -28.9232766728 -32.1200556788 -32.9074140285 -25.9893454458 -20.8102672602 -12.7754155294 -0.418946191929 4.58968959906 7.25496525418 10.6589281669 10.7758240555 8.54687269189 18.2422999446 22.2362718224 18.026091177 16.1509909388 6.03719032392 2.94200996483 6.92138639393 5.83974569294 9.5172331793 10.3522567903 10.1978769138 13.9347936702 14.6254304608
5.24827480975 -16.0381904698 -20.3753362258 -26.9622331172 -32.8563956896 -29.7378336876 -31.7013376485 -33.2004604755 -29.3388334658 -23.5124759915 -23.3222435064 -25.898265375 -24.0021204384 -22.2559682759 -19.952338147 -18.4709973058 -8.34276883444 -2.87631733014 -0.488936972227 -0.196641747009 -0.965475370642 -1.45094741121 -4.88896248881 -16.2509221028 -23.4873171027 -14.79289216 -3.55442232705 -3.16058400383 0.75269659455 5.14849110422 5.93536448837 2.61959968197 4.62888526698 7.38871745033 9.87342132076
7.45108012644 10.5026162239 13.7084211288 14.1923535392 20.2336009218 29.6908927607 31.5025541321 27.6755446417 24.7976802352 29.6985249652 28.7204698632 25.5693204874 21.0489470658 10.3899313787 11.589134809 9.69820768198 4.66948522769 8.56171873208 7.09827131816 10.4912708346 15.3541820644 10.2297688996 10.5135876954 8.48680554233 7.39241864459 5.4922388063 8.78478333315 8.79399940072 8.60770757669 15.1719668996 13.4703636182 12.1418164985 13.8316018343 13.2029372471 8.67956056745
2.17434405849 5.08843003485 2.40407284354 -3.87943028373 -12.5274286953 -16.5888987365 -17.0494272138 -11.3532056333 -3.53284303172 1.14358065332 -0.304298528065 -2.84698613467 -2.12316904028 -12.149318745 -10.2013868668 -3.18520060793 4.92359075861 4.40985032982 -0.225233592382 0.541023127986 6.46992456161 5.50735184252 -0.678978527964 2.55606008053 8.91906709694 7.46763820003 7.10505540297 -0.28473400773 -0.55383921343 7.35771230836 6.1025465816 3.91594312388 3.61873331033 4.04287516268 0.393123776259
2.96220024496 11.9384259792 15.2129602591 5.24484884715 1.18243478599 6.00736630851 8.53079561483 11.1855607053 14.1203593258 13.6305045848 14.46280612 20.450964969 17.5824008611 15.0435985637 11.0445854971 5.5124075376 7.90861438307 9.30183747178 8.01313194678 9.10926593429 13.3930993376 14.4483272722 15.222863572 17.3294781451 15.9539220965 11.0490460888 11.4544452367 5.60231271233 5.05610178353 10.0170263804 10.5882831364 6.32598800879 6.34324483451 5.71517712185 1.88184087138
2.7451307839 -2.0206231779 -9.03661610835 -16.3100201767 -18.3242294587 -13.4932392623 -14.0616936585 -14.9070705546 -11.3649709757 -8.3618514431 -2.74108173344 -0.208312503394 -7.4800727275 -11.5201957307 -13.2843059886 -7.43210695788 -4.41733770765 0.394947559197 1.18188896672 -1.93669322529 -1.43159762502 2.69173200306 4.09458523463 -3.24038487123 -7.8418671644 -6.162014656 -1.40029193843 -0.605690196597 -0.377087969305 2.30405101234 1.53533040022 -3.67821136933 -2.20827922646 3.19766296901 4.68392512426
6.98122904364 0.56620608615 9.28624819564 15.2007918692 15.7480009764 21.7097145433 21.6591081812 17.3556669773 20.2928179843 19.1713374452 16.724599389 19.0934980377 17.7114188076 15.4436314712 7.40497705103 1.38926439775 2.04019586025 5.8880942651 8.65383606382 4.98685076423 -0.385189669856 3.5971984917 3.20713804361 -3.08344726785 -6.64850883862 -4.10933864978 4.34941553922 7.28773527118 5.59798921606 5.37192263366 6.06117134245 1.7152259763 3.3210031488 5.15106520578 2.66790132244
-1.83208145155 -2.16322766809 -4.74337076329 -6.2164012249 -2.97321275069 4.80559341449 -0.0701009043497 -2.22859177344 -2.55736641678 -5.30014090749 -7.91185324667 -7.02172580838 -3.87603668475 -5.91485565407 -9.54598711863 -11.0954537067 -5.70187639568 -0.478966108568 3.59570255812 2.02657893677 -2.22273103412 -5.59629167759 -3.48398892154 -0.046788229576 2.19056552455 1.33444787075 1.87342537117 3.28411201753 3.13370824766 1.81235114536 1.55888426289 -0.312509314556 -0.0279103528761 -0.233966299461 -1.24284809396
