-316.269804752 -311.548105336 -312.966681529 -311.914410174 -311.235604329 -308.749230732 -312.683579611 -316.119648644 -312.878703638 -310.571144814 -222.299502491 -120.855695761 -73.0574339875 -56.2669845882 -51.9994491397 -55.3419914181 -57.7800524243 -60.3390925775 -76.8558270838 -100.049657772 -152.660821445 -223.315786092 -261.813773272 -282.702718466 -296.076556735 -279.149050785 -254.177462454 -267.466989224 -282.726800179 -291.362641387 -304.929749525 -308.482755049
37.9013041937 39.9735917679 39.7396159073 40.7590400219 38.2411719312 39.7603328142 38.6666080656 38.5289339591 45.8071453481 39.9836531081 71.718720531 99.3496847197 89.4113034543 60.9224708902 45.1609194209 37.3266609021 33.4205863077 37.6671658191 44.8727963025 62.8410235397 76.6271204373 77.5541051364 69.5150852837 54.6693663464 48.0233314291 35.0092053558 23.6551025319 15.421101977 13.8680738979 24.2771379365 36.2292574308 41.5017508038
8.86353390568 7.59729521463 7.40100177317 7.07000141667 8.80714867751 5.55955384695 5.5282392347 5.77947789192 6.51344166748 5.85435422679 -14.8646946537 -30.948059331 -52.5934711091 -55.7109953115 -54.7471823079 -55.5768006928 -56.692667061 -50.9986740697 -44.1942831845 -27.1542661368 -3.826208336 5.760014701 6.43054753805 2.50425096023 8.04970164717 5.13430248762 5.07579219964 10.2773682727 6.12931566619 2.37634731508 7.25423931386 8.37828357273
14.3981138019 12.4940200744 12.4292794759 16.8740428175 21.1617740784 13.1369275214 10.842685592 15.6336426455 13.5677923946 13.5250658099 31.1752802228 40.2532426371 47.9503610281 59.436965023 66.0026504526 70.0309324537 71.8588228352 68.9123574137 63.5072027518 57.4563915932 53.1295894356 50.6813623787 38.5684984428 27.7466355287 25.3030817568 25.0986114166 21.5672572095 19.5523655913 14.5196681328 11.9792306679 16.8483625997 13.5716781854
-0.353664696651 0.849616228965 3.85086046111 3.98255584728 3.5672151448 0.115137259825 -0.223303490288 5.69421662876 2.86053092017 3.5856329603 20.9322713602 16.4158135241 16.6508488089 15.1479278749 15.6262243003 14.2846822399 13.1511945536 16.521245294 22.6597922909 30.3359377967 31.3395628392 30.8199317123 23.3753784817 16.2525245572 9.83638099838 5.43623761111 0.81288708097 -5.0161824662 -10.2107299533 -5.05038893492 0.423973461651 2.89586238904
12.7121144703 12.0004051716 10.1337280667 4.41248644915 6.384485439 9.57803026492 9.16305592238 9.24918116289 8.08768951012 11.6938304156 6.37174968603 9.82371235384 4.90659076526 -0.214009449827 -4.58363694674 -8.33930169059 -10.1592405563 -15.6343515623 -17.6803541972 -7.24282629384 7.32330493959 4.38440969281 1.09880199351 6.98534930664 9.47136021463 12.0158140477 14.7397887071 16.8533064491 20.7366982975 22.2506377159 13.4539269608 16.8571984883
5.35065188454 3.96107463876 0.844183042559 0.429138882924 1.42569383238 1.5354329441 -0.283007840223 0.751266121987 3.64678812771 3.78938654129 -19.241357378 -32.5110548884 -43.1424853013 -49.696516256 -51.1367739911 -54.9526767183 -59.4702646994 -56.7812870371 -51.7438832506 -48.7201246386 -42.6542624678 -29.8701363463 -18.9473940625 -8.1448732514 -3.23456509607 -6.12124097934 -8.13675477938 -7.39345973884 -8.26414025914 -2.80701616519 1.44886566575 6.09534242452
11.2480902741 10.3649541567 5.65325310127 7.97568817551 8.22397950021 7.45533891864 7.73260505838 9.65564558932 12.0788876645 12.267059462 4.20868610582 -10.0851393187 -15.8343630672 -10.5903226144 -3.43811437723 -1.62071222009 1.14507516493 7.90789023994 13.8101681542 12.4257138363 3.50785317305 -2.17399417934 5.149082671 8.91802352194 10.6951419942 12.9276617271 16.3181849893 16.7831931947 18.1958412612 19.3993330105 15.1737442061 12.4493276489
0.00304103721731 0.906963926557 -1.44901819453 -0.0501798083932 3.41070625306 4.71137135159 3.1340196507 6.21697711312 7.80882486834 1.97466640227 1.19709425883 -8.58066636263 -6.4688525225 -6.06712689918 -5.755424298 -7.11329584623 -9.82233707715 -7.72170678437 -9.79179905683 -12.8253570577 -6.45391569512 0.891468735243 6.79090818794 8.19145818156 6.42595167182 6.00499530696 5.20474589153 1.6976140567 0.114281441957 -0.225424010693 3.67210054019 -1.17146250639
9.153649395 7.83292476863 6.443350319 11.042015199 13.4924353146 10.5563562645 6.4372566995 11.127873645 10.4241396898 8.67423344303 3.70299544841 13.3203750101 21.7613835407 23.7942190414 21.3407763672 19.7584913887 21.1154755404 22.6859604405 19.4988352961 11.7166193141 8.64520034248 1.92208014263 1.13552449524 5.35354938465 3.45485887954 3.94209650676 8.09032869352 11.1777259702 9.43767427004 3.02241571074 2.20242362201 -0.557967411044
5.99130319638 3.05482857806 2.23302593013 1.2351840271 3.41207478226 3.80097576844 -1.81402129859 1.53146989351 2.65671547847 -1.48514213421 -0.0266659319129 -11.4062283842 -21.9257888213 -29.2704393984 -34.0452960416 -31.417874113 -32.5150896039 -34.9541127187 -34.207327454 -37.4197227883 -35.6387806443 -21.8987813068 -20.0077580751 -9.63512088438 -4.99230458197 -4.16449378423 -7.41341614441 -4.61001815426 -0.112339491781 -0.29474192614 0.247636567644 -1.19213598638
8.71511594348 9.16336600008 10.1572373941 7.75799790987 6.86314209374 10.4669480711 8.07989061541 10.3892064946 11.2304002444 7.95435836937 9.09995244905 7.59276859994 6.12695248086 7.10455548486 9.67797640268 12.2186630105 13.9460339914 11.0302470525 13.830679369 6.35302931557 5.13179300331 7.29667512873 5.97233377652 5.05971674068 6.03580068997 4.77909798381 -1.84392676276 0.972302450722 8.4643159987 3.76276019698 1.49453679082 0.304390752466
0.517393319362 2.40541899838 1.49909376102 1.49722522377 1.20105498035 4.01198452858 2.37758488535 5.13450174488 2.63130033469 -0.654516161991 -7.55556011598 -6.14479561945 0.83945671473 10.2050417303 15.4567996097 13.5300302784 15.1244676115 16.3992854959 15.1579274147 9.42841501254 7.03470178327 4.44919497909 3.72552459033 4.52625089384 5.77785168747 0.974175965355 -5.72356737643 -5.79106504749 -2.54944152969 -2.8194856234 -7.27214176349 -5.89935936701
