-244.002027468 -234.505173571 -230.90526776 -230.751884398 -232.388198046 -236.76454261 -238.241825979 -235.42761847 -235.69906645 -237.77082069 -191.904725527 -118.755132236 -88.3758954351 -65.5456586139 -52.8253905747 -58.2426260569 -63.255226366 -65.1344929966 -53.9592859685 -56.9119547721 -83.0067752511 -142.57251813 -197.653419569 -224.083693826 -232.832325304 -233.585864053 -220.154471342 -185.522926672 -177.727904048 -205.878664436 -230.600281515 -245.032147279
40.5590007763 48.4833969482 48.0121545764 48.5887647239 47.537091371 43.3197414367 44.9148349596 46.0855805324 44.809558669 46.1585922118 54.901119645 82.7231893568 88.5621543026 61.2899601719 39.7541267393 23.7028647352 19.95405278 25.5247680799 38.6487381863 48.2038471576 62.7100654708 71.4649235545 60.4927496772 46.6969839801 45.0887517599 47.9071786928 39.1587187122 26.9382628565 26.131804684 32.9938061189 41.9538026405 38.2269602829
4.06219631146 5.69199315005 4.18267379802 3.93430977292 6.17029926201 4.79724622715 3.44691876011 5.00987915682 4.90520992323 3.98233235825 3.19220734286 -0.119562219784 -24.5943326193 -61.4168336849 -71.0958696615 -63.0983828156 -64.7508474927 -66.7527182356 -70.6673167031 -59.7113558915 -30.905659486 -14.0682974981 -1.636045789 1.66905543656 1.45385051364 3.33794892712 3.42716861922 4.91674812375 4.96739574532 5.31761848951 5.59140367408 10.1843274747
5.99367232247 8.78415302815 10.0167168339 10.8002789365 10.2363356537 8.35499102619 8.25243320823 6.28763461563 9.30092250606 9.8668273285 20.2788725667 26.0903505359 28.9009724943 47.9966292087 60.0033987389 67.0344050561 69.3030828999 66.6555924625 49.5144738751 39.397461515 39.8932121348 35.3506733988 29.8888864158 28.5436494851 21.4097572098 16.4588178672 13.7077651936 11.4537807034 14.7952609081 17.7949829701 15.9644431535 13.1828498336
5.13293429525 -3.05292034663 -5.67839220239 -2.37008868405 -5.34325998358 -9.026424184 -8.0120331636 -4.70298052416 -4.97538562885 -11.0404821758 -1.69355437845 -4.83473694621 -4.71946222139 -7.50103411723 -10.5831231082 -13.3021960411 -15.4331530491 -11.6651749995 -5.00220521602 0.641662587308 5.83821973803 8.66316831791 12.7180501631 14.7899871154 5.46634146705 5.79200063419 5.04113594069 -2.79780344454 -6.02913713379 0.382752984152 5.75407438143 8.34238686076
14.6292243111 7.65792377412 2.20971362491 2.32025261666 3.66082731804 6.23294963407 6.87461348444 7.78741894923 6.58714942181 2.01868016696 12.8172813191 -0.190087890378 -23.9067700689 -33.9993800605 -34.604879741 -33.2371709633 -35.7965522123 -41.4317842802 -38.7845360115 -32.0891978072 -22.0013578211 -13.3685919603 -1.40383004005 5.00420447085 6.6552504752 7.99636126147 12.5696855612 12.9017885502 7.78748776677 8.87945530233 6.81394067796 3.94326771739
-3.07813477023 -0.650515406724 -2.59366146344 -2.52039852011 -0.193888027222 2.75127478486 -2.56119042351 2.33513349693 5.95377656908 -0.188342347496 -16.7443901359 -24.7011956643 -25.6050528917 -22.1915330053 -17.5496258256 -12.0001915161 -8.09750362642 -7.57028616498 -19.322908465 -31.2633487082 -31.1892247676 -22.37477863 -14.3824046889 -6.94582258867 0.735009721936 0.464832130235 -1.93352030402 -13.006970269 -19.1941887928 -13.3050420631 -3.79927602034 -5.1544358277
8.31971228868 7.87580567256 5.96539714572 6.54732328575 6.74175999134 6.99629707997 6.92186056616 10.4655945639 10.5883781817 10.1644889731 6.78790805358 14.6092174339 18.866840983 16.4330857936 23.7534485472 23.390749299 24.6846403305 24.91748774 22.1588959295 17.7906772308 16.8380764188 14.5393522119 6.14459838153 6.89258772216 9.9715707285 8.65178278047 13.7255113566 17.2979302349 15.0587589459 13.5136688565 10.2466731149 2.68268633794
14.8386418747 8.50845193403 3.48674037639 2.56075337255 3.55233996787 1.92446369362 -2.01713697111 0.379532487173 6.85184036372 8.29342698453 9.15373059872 6.44902111639 0.100998800462 -6.93615363752 -9.36421555727 -10.4008785543 -9.62537563005 -3.79478736765 -1.55347990305 -1.75984683569 2.26287915393 7.7732892012 1.82369216862 -3.27442670587 5.09130371859 5.82385579686 -1.86579090917 -2.7244839314 -0.399176248691 2.77295258775 2.9973030981 2.21062707553
14.2419990602 14.7342440073 15.6026266449 13.2961052566 7.31391619959 3.75401382812 6.25624954544 8.09301448171 14.2572734297 19.1503454483 21.5858199868 11.3015633865 5.19407953178 5.26813167823 7.82311108276 8.54645506893 9.48643972417 8.34171918418 13.040560791 16.3806724741 12.5138563706 9.20040502284 3.97685839537 2.87712906725 10.4754567629 9.91520808125 12.5706525012 11.9376737036 11.5880974349 13.2679303335 7.98103381292 8.37602856865
-2.18101273622 6.14549937405 9.41879389355 7.89417022953 1.86188654363 -1.90457754729 -0.594924524109 4.1766444566 6.55698871655 5.52294987869 5.61702566285 -2.52204836682 -2.81905329209 -7.17186347975 -6.19842281626 -10.290973211 -10.6699514724 -12.9024823486 -9.97833401684 -6.98517353603 -8.18407564186 -5.88973120939 -0.506724616502 4.17924206039 6.88010243038 1.68271693965 1.49651397484 -1.03942137449 -4.24150104031 0.962912925863 0.802151399024 1.00867097598
7.22069161465 8.99449682802 9.95776586375 12.3903059815 7.85563002042 7.89006457516 3.64249251281 5.47929331364 9.48171577278 5.60084136835 3.32062232913 -3.04312116689 -8.11524426421 -2.88687059423 4.35254205121 7.61910031868 10.1134619799 7.92945751843 7.8296185272 6.7677989099 4.11320545875 2.81951432215 10.0502708241 11.747219795 13.7122775718 9.31580639344 3.81080760143 2.18868218097 2.54375635375 4.68260209885 3.88538916914 4.01386499617
-7.62075638194 -0.933720213571 1.74672597339 4.07534244663 0.769043001613 1.19122223428 -2.7990059985 -0.162357584944 -0.367881732394 -6.49604835021 -5.23884325296 -12.7111480715 -10.9036105488 -2.425580264 7.69719088719 8.58337588406 5.58163778636 2.85242957245 0.750362740918 1.27216366604 -6.0590004733 -8.56329410257 -1.79696772952 -2.09652658347 0.587102171726 4.39652728625 5.16708649017 4.25908744127 4.39064525085 4.39694507958 2.18669407467 4.78223535212
