-260.745432896 -256.424409789 -258.48267372 -258.346011731 -261.427953734 -262.670168315 -259.538463755 -256.099649365 -255.816783464 -258.437884358 -198.954004436 -110.938431128 -60.9239808334 -48.9153922795 -62.6982792892 -76.0770830053 -75.8483367536 -81.1940217341 -82.3223844253 -70.206009955 -44.7891830131 -29.5296538471 -36.9051239202 -67.1697108067 -121.555922648 -183.910422097 -217.403839698 -233.738674153 -248.415563087 -255.45265611 -237.759070746 -209.85801471 -205.66994849 -216.518495063 -232.895517684 -250.306155979
64.9194932645 65.1528779556 60.9362860832 60.2902784286 59.581581931 58.1383569621 57.5961948869 64.4985500254 66.4014454437 61.4677210039 84.0940358779 104.334590446 90.3331148161 77.1757904167 65.6147167341 60.7288641737 53.535042029 47.0614658277 37.984960963 35.7550200536 48.6705911942 63.4999180988 76.5048315462 89.3175296194 91.232384554 83.7122705281 77.2746674888 73.6943373254 65.2950023782 63.5994592718 54.1012010724 44.0741515894 38.1891259707 44.1244176969 55.7099512981 62.2878400772
15.8427038217 15.5644567718 11.4879036708 11.8454603392 12.6502031348 15.0545548807 18.6648783569 20.3576380167 18.722011485 18.2775590637 0.41577280297 -25.3340854553 -48.1918113957 -58.8388206704 -58.6480090898 -46.3099669145 -43.6713770199 -37.2126477995 -38.1360546705 -41.9514535846 -49.4414679984 -51.1951009544 -48.7299030297 -37.8845131138 -20.7225334035 -3.08025497957 8.77596766376 10.8454639011 10.5254161179 14.3955586185 12.3498074516 20.446395594 19.3254139793 13.8654208662 16.5569861137 21.9018942119
18.8218886715 18.1412614413 17.8816278207 19.8334978117 21.1965936288 20.0001502654 22.6936361715 22.3364374473 20.3219425066 20.9475791263 31.7238150758 43.3183528405 52.4892709037 51.7712550411 52.1857101076 57.5926624513 65.1531036851 71.5100202958 75.4594958878 72.7184079378 61.4375441852 54.8635145378 57.3555120365 51.6073256838 41.9234125614 37.4443893441 33.1377301973 28.757067611 22.5298019442 19.4645155125 14.9642709217 13.6255173297 14.6794484925 17.7452362824 23.1832926568 27.3807253511
7.29585718665 8.6278133653 10.6629246356 12.5104680406 12.4292430971 10.7272318121 7.85129235694 7.38774369636 12.6506653811 13.3378652189 14.2794814217 13.5815807031 11.796646755 6.70162011406 5.94281793176 2.99380390719 0.621631327592 1.53358642704 5.98241124216 3.83565033958 0.809710506851 -9.06990980432 -7.87296822142 0.891060277912 5.43789417328 0.723179013127 -0.203653541199 4.7766813808 6.7730759891 5.00738457491 10.3191559036 7.88898095377 1.60415644421 1.39562053947 5.66439590342 8.71794215044
12.4203662061 12.9189263955 13.9562470601 16.3661439818 20.4602572534 19.785501677 13.5059312788 13.7716012796 17.5974553362 17.8452313609 -1.57042648905 -11.2530967528 -30.7901982064 -38.6506567066 -39.5390093019 -41.1137633302 -41.7334889218 -44.0684696284 -43.4091695309 -45.9435359432 -50.1145865828 -52.2101873727 -49.5992163459 -46.7974964434 -32.8697289383 -21.4225461583 -12.0237229045 -3.44467896691 5.96281467724 11.0523918833 13.6305804001 10.0279142835 8.91695307019 15.1592309481 17.0265010943 16.223265632
12.9995118346 11.6435174695 5.35018367446 5.0656843309 8.184392548 8.39441372158 9.49318602136 10.2024917659 7.73442816604 4.36463638677 -11.8327649032 -32.3158474926 -36.7665884711 -29.5555342496 -22.6543002634 -20.0975511619 -16.1354370579 -13.1871621759 -12.430961384 -10.8089474216 -15.0413167849 -21.3724119135 -29.3150817029 -35.8770696672 -31.9178325429 -20.4086229655 -12.5408808212 -3.15853464639 1.63626436899 2.35205672454 -1.13611592823 -6.77079837714 -10.759229296 -9.88932765314 -8.74133830094 -1.3738861453
19.5808561279 17.3230183526 12.9418877428 10.4293052486 9.7780018652 11.9324570281 14.708162474 14.6990264726 13.9588852551 12.8856339851 8.35590990123 -10.0537426671 -12.0113272085 -7.63493901617 -7.19799106843 -1.78844862207 3.54661741954 2.87445924764 -0.73401023274 1.17234938863 3.02147096029 1.94893918893 -1.04763425115 -3.55381127999 1.72428447639 9.16234796302 8.9508793069 10.5691145563 10.0939129711 8.34307511397 12.4891984886 13.1619249362 15.9529682566 16.0776175242 10.6831744141 8.7484511945
7.67669502975 1.93596131325 3.47253411911 4.99688370638 4.27719482964 8.2564093434 4.460181095 1.21589589215 3.31540519243 2.5528635972 -4.50109473227 -0.921120099716 3.96000829953 8.5069953878 5.43467322572 3.20494022207 -2.36817774939 -6.82877185393 -8.52665920931 -2.84111662232 -0.711681967202 -1.71680512105 -3.4722387891 -3.24166794551 1.6427161806 8.63276618641 8.56038883417 3.88399482393 4.5842378378 3.00344074276 5.06084312221 7.12198307719 3.13935386009 -2.75021410275 1.07874865924 9.30903927784
7.27731618853 4.88852081848 7.65038388423 9.92675145398 6.27277629464 11.7995286736 10.796580011 8.85518208352 12.6546776929 11.132204089 6.0291399897 11.7985251001 11.5667415823 11.8115559842 8.29502699714 10.7415170448 7.17604238498 8.69115830475 6.87684472835 8.74435142472 12.7756649848 8.51798686811 5.83378433369 7.64451604495 6.66220947561 8.20250014071 7.62942152413 4.47228298123 9.22478672265 9.8563833085 11.8973250471 17.6920175261 18.4280374061 15.6952148705 14.1036922296 12.5331968133
0.355802516673 0.668252057498 1.26784818799 2.97783882902 5.26438408074 0.893576420654 0.946236003251 6.51753785546 4.54809801886 3.16986887478 1.54223760279 -7.7687935194 -7.61021792327 -0.551285470031 -0.555236277337 1.85750562378 3.69100409054 2.13058341884 0.911286261681 3.95669230077 4.25450947032 1.30484043759 0.031428809411 -2.13487914782 -1.02825464818 8.26285280561 7.86410746412 4.49581520535 5.07558128726 5.85215248027 -3.78284194201 -7.9369030213 -7.97782893224 -3.94471323684 -1.35489540345 -0.461391835467
7.93082532786 7.98390944369 10.2479657084 9.25377358459 11.9916253024 13.3540896399 8.26229677136 8.56435781282 5.76025144167 6.42489489259 9.67699573808 11.1862203879 20.0506382765 24.3174742074 28.5665643525 30.7134829655 33.4988387413 34.6987261927 35.6206136821 37.8633859563 40.5815088586 45.8545192893 43.8815359003 34.0313782936 23.6523479774 19.6057232297 17.8931807418 15.0490639458 9.59261133997 9.82675674566 13.6718303491 10.792592635 4.66465799498 3.54396408031 2.94527635435 2.06745361933
-0.684734398185 1.53050841254 5.96937444985 7.66689867452 5.99757565288 7.01808453011 4.60680251623 3.76318276909 3.69247653499 0.734901418946 11.2785496928 14.3188976111 10.5445434361 4.54526423987 4.66422804963 5.83674476941 5.85145283262 -1.07762346465 -5.37232709559 -8.54614771213 -10.7575658722 -5.74561848741 -6.03648455725 -9.75754750857 -7.54072016211 -4.89491852563 -1.95716502491 -0.817533241555 -3.63617101961 -0.722792411715 1.88730758479 5.40507983796 7.37679124112 5.00969173967 1.41274094295 2.19321416073
