-162.510243641 -158.90668481 -157.261502151 -156.285646879 -158.008819451 -158.553521344 -159.507349495 -160.879390863 -148.002449513 -130.774250208 -99.4172346424 -76.7344642402 -81.2222188979 -72.162018231 -50.4184654897 -57.6715237792 -64.587500347 -60.9530339914 -61.0007733855 -59.5463301775 -61.9723324232 -66.0511118796 -70.2665812739 -90.6317864802 -102.793818743 -108.965138673 -106.2238033 -102.022926009 -107.513708017 -118.449950635 -129.441444673 -134.34609613 -138.725824621 -149.873937126 -156.398670008 -159.742990378 -159.404020408 -163.008061926
39.3314445575 43.4555322085 44.1812589174 43.7043393199 38.9395515551 37.3880944339 41.871247875 44.9914877369 42.7261357899 42.3794579993 83.4207784297 102.802107413 96.6339388367 90.0471709563 84.4089195329 79.777758035 78.0391462952 81.376922274 91.3211569951 92.178210853 86.6586458073 50.8529288574 12.3617006316 -4.61361878702 -5.46075159047 -4.07809639018 -1.77201976762 -2.52858236293 -4.32120552329 2.05312449323 10.9161263675 28.8573364561 44.3525204343 48.3750799133 45.0149370836 38.8826408068 40.0514107818 37.0284149526
13.740888829 13.4393268452 9.56584231792 6.894293952 5.59988406461 5.81819301195 9.81201853828 11.9778629549 1.17050372559 -6.31879189984 1.24831092524 -3.13518834024 -5.65756176098 -15.5558523811 -16.4351320217 -2.43296875958 9.02895285099 17.7652367644 24.6282240785 15.3781938976 8.57501775495 16.7124383759 29.4214355223 39.9568702932 42.3434784483 42.4368201573 50.9953955954 50.7105503292 45.0586500845 41.7822632532 32.5875579902 25.6920886546 17.2582640033 12.9381179375 11.687929381 8.96511764499 7.63154202874 1.40129778326
18.0060343137 18.8615044701 21.5411552646 21.1057178501 15.5687345854 16.646429679 19.0523635005 18.986795161 13.6122940532 12.1438776355 -1.46259066085 -14.8923409933 -9.77550890367 10.911097173 25.3541585218 27.4941228338 28.5608950795 27.8049873973 24.4560648204 16.8651284209 9.13731081637 6.22178853068 12.1049960292 13.7247494822 5.38092166254 -1.59626773434 9.89257059921 15.4776447142 8.0566575552 9.3294774241 14.1677281254 20.860233563 17.1011345077 15.5479904341 17.8087654304 17.8108985754 14.4131170499 8.35643230421
5.8342476776 6.2907515878 4.21166747605 4.13884217443 3.55056239437 6.74729973553 8.86648107641 4.19920932137 2.95259557154 5.25727228688 -2.2203036142 -2.32517590385 -2.15403756883 -7.44322718263 -25.1459997216 -36.2243545013 -44.1387290727 -50.2297571472 -57.3246397794 -62.4809494499 -46.3126111773 -26.8763783949 -23.424180888 -15.3010373647 -2.1969562176 3.81112925629 6.97221763971 3.03154102489 5.250121949 9.64818764278 3.77148241039 5.05410316964 6.87019443951 4.07071871372 2.06886867952 3.17221032835 2.11518804952 1.74057756246
11.3359988984 12.8617481769 10.0924034982 8.54921630398 7.74316869241 12.4146421419 12.9764125639 6.71846141886 10.0393446213 16.758944003 18.9133338777 18.2041167056 10.5536785574 -6.90796223344 -26.1269232567 -25.8996618371 -24.4809817179 -26.6516763103 -29.7043836235 -26.0993968005 -6.50789324678 16.9974386778 20.1158284193 18.7951271675 21.5667973007 20.5683278747 22.0622091217 24.0017834509 24.7940248023 24.7335400583 16.062680352 15.9319075449 16.6209252727 11.8916773925 11.3580051028 10.8363848468 13.4235545278 13.2667478367
-0.75236876737 3.50360803572 2.89089942392 0.141857526151 0.818343224761 -1.11800653817 -1.1165725475 0.68542666358 1.4803130244 1.40348098207 7.99650140806 2.93781026769 -0.0976419072958 6.26316284057 11.357065895 16.9442393303 16.1001319779 8.83183546497 5.32322955558 9.59087677433 15.7014495595 -0.174543896356 -12.1691147496 -17.2332519519 -16.1891935509 -14.8702673072 -9.23849014159 -6.53220426287 -7.65088149272 -12.4872613771 -12.8695061398 -3.56401581531 0.0476314735007 0.849190676973 1.4648529345 1.28323872855 6.74036988084 12.9698631381
8.47519679907 8.88135272357 8.98485521149 7.77492354066 9.22177208775 8.766643691 6.92698539115 5.6103828035 9.34687739518 10.7403492981 10.0972311676 4.92722942594 1.75418397417 6.67976109814 7.02542308118 9.64147636029 13.377120996 8.64394860352 5.57495683811 3.73155460624 2.97946557448 -1.18792269721 5.56218533017 18.2881124648 18.9256041071 19.4754460493 26.8789040945 25.524977359 27.9877696645 27.2802908086 25.0556033648 18.5703705816 14.6819781058 10.1964851733 5.18349149762 9.74280629631 11.7671142629 10.5703389069
3.80465447704 1.48840362435 3.54267708971 2.69265376505 5.48997510603 6.37960761478 0.344484235077 3.54999460458 4.48349865933 -0.469426271155 -6.99087234421 -7.98058750148 -8.05560412527 -12.0893852563 -17.8090424508 -18.1446292376 -14.4884114602 -1.59767060586 4.81959179077 2.69892861383 -2.47940952704 -8.17640822305 -3.46131498477 -3.3785319649 -6.08168701454 -4.87103731652 1.10512330134 -5.80738918853 -8.90978513746 -8.25929427841 -6.66025889937 -4.59449425447 1.64471153183 6.05528599339 6.13517409395 11.7559741297 10.2664611415 6.840659214
6.44142376481 5.76124856271 8.97188250895 9.49113023822 9.90018384833 13.0958748998 6.44600509354 8.50334034747 12.0149823148 5.69157269067 -6.63855773633 -8.34474417533 -6.26811882446 -4.68144659433 4.43615250253 13.0262583464 14.348163418 22.0263377852 22.3597305274 22.7766748417 15.7843731027 13.0048149101 18.83497904 14.8245303523 16.9586465918 17.2942210165 17.0670440161 18.8496759123 20.8161522568 19.6433922402 12.0404562237 9.84492468939 11.4665709677 11.1255931 9.21512076887 14.1763181566 12.5865610913 12.1037030005
-3.71672266946 -3.41112496916 -2.77494211911 0.0815847917515 4.22613342009 6.60411286793 3.19713805104 4.29010525334 6.68060140237 4.59968361697 -3.80601696027 -11.3737695607 -14.0495552667 -15.9424644427 -22.7771410242 -18.4452189245 -17.6836232449 -22.6689948598 -28.0054843077 -27.6807146514 -19.2433804937 -5.88346542229 0.69325528089 1.80339880045 -0.0680792228391 -5.10037153356 -10.0519974388 -5.8840880523 -0.0356984035711 4.11139243479 -1.92235532061 -1.27648487561 5.26432567082 3.89135370358 1.30652665639 1.68038887364 0.829995838204 3.61909562217
10.2467992427 7.64581526338 1.14940272193 4.41358618287 9.75782045728 11.2484970648 10.4999417273 11.3012691249 6.97276765781 7.67134795338 2.82682877674 0.435970583715 -0.538417901428 -3.63836245943 -9.1238442072 -11.1072446711 -14.2812228097 -11.7824540616 -11.7614393299 -14.3526273398 -2.55451111053 -0.261701182582 -3.81835237726 -0.372899740987 -2.77144627169 -4.33221496789 -0.48592763164 2.55811007562 0.318840212394 1.08131614261 4.14665801052 7.72458767012 7.50613925112 6.02403784537 9.5146864028 7.30730352778 5.42019680262 7.49723222572
-0.346957094815 -0.122197464542 -2.52436376126 1.47920364637 0.822460361937 -0.0948545963392 4.54135715156 0.767771316779 -4.31381995327 -2.50733624808 -6.84602435789 -3.6084860061 0.0490599140971 5.53016235167 4.74653267239 6.64429539101 1.93791191541 -1.69402335093 -6.51625480058 -10.7697409979 -11.1268124265 -11.6842018921 -8.44413156623 4.73196635766 6.6085921103 2.91322638675 1.64409504743 0.117817695904 0.0104540298749 0.0756833697469 4.13271291252 5.24305742449 0.792498837565 -0.76454540471 3.07519759596 -1.15596155402 -1.83495889329 -0.679407244102
