-119.314263546 -115.133018831 -113.722660388 -114.590823687 -112.931508942 -113.384660803 -115.368078334 -108.78036401 -85.6124251672 -80.2283969465 -82.7618004528 -77.0045368108 -72.607620601 -58.9127604138 -58.3455114048 -65.1400870571 -69.5219202439 -60.9212513312 -55.5977671233 -45.1302898386 -39.8513471739 -37.6957181107 -40.834919056 -41.9032571704 -44.4848347844 -56.9729766061 -60.7211954057 -57.7179728769 -61.6916342841 -79.6312325919 -102.270088109 -112.013724116 -109.134416002 -108.049051336 -114.386904211 -116.716720389 -111.445275547
40.6076132535 41.2591656464 42.1781924507 38.3586337666 36.3791808542 37.4342455052 40.5613019324 40.6768003804 45.3178517892 53.7394576037 69.9989429117 78.142274167 80.2707475107 90.0024645817 88.1697010336 84.7065614179 77.9730142562 74.2931538933 68.7823102028 28.5989128487 -2.80974265063 -16.0110571469 -23.9936063853 -22.3493337944 -21.5111249645 -25.8913319379 -26.287257675 -13.6642851898 4.7616759719 23.6725693947 36.6330212324 40.5051030198 40.8479468488 43.3327807061 43.9534269374 45.1088391807 46.6300440695
7.37867453765 4.05861964972 5.41482786762 9.14706999599 3.42887811429 -0.133472837959 6.2673453783 0.440625806813 -4.57188765484 4.64398353495 21.1677385298 22.9344452563 24.6774556435 27.8897522066 26.2968555895 26.1163301418 22.0968817708 15.6291366175 15.7783682675 27.2834482781 37.4262877649 40.220567172 34.223805817 31.0486703842 31.7554659466 35.8860610524 34.2315115489 28.1026553909 26.3857079268 16.7394941989 7.11913356976 3.19062412701 3.07270324475 11.3227284662 13.3324480031 9.38662911225 10.5278991222
6.98405278203 8.45606607589 12.7459011866 15.9294926125 15.8775275043 15.2914466203 16.8342665905 17.946979573 18.6787049674 26.4029033713 25.6411370455 17.0426602392 20.9420207193 20.859328111 17.983873073 16.1649953935 16.3219449838 13.5840286011 13.7038904851 18.0207514603 23.740605701 22.9449905337 20.5196388134 19.8928338448 19.3551700583 21.7041543382 22.6707070031 21.140172261 29.9213853595 30.2021435555 18.416666876 15.0708767243 17.2466005261 22.0133678812 19.7758743436 14.057983496 15.9785266257
0.795655642257 -1.05842700837 -2.1226958047 1.15726956337 4.81911882052 7.5902024617 4.65265100208 1.40833099061 -3.12207357948 -0.427350612132 -0.00395129740677 -6.52119437626 -8.60567630087 -20.0979669202 -22.5559004629 -19.2425773964 -13.5904521093 -19.5466048553 -22.6837977073 -23.8172784385 -18.5921463573 -20.4514101303 -24.8108488404 -29.4656539363 -27.7023669447 -21.9697528263 -19.4942689397 -23.2716066271 -18.643858435 -14.3187643803 -6.33011980034 1.4752920197 6.4852845308 5.85642188804 6.30450285515 4.77454303299 4.6726682051
8.82868349479 9.10133409451 13.8289918045 12.0305913788 11.0118742006 10.365810012 8.95136781624 11.8705768755 13.8628939003 13.1834859202 1.14342588577 2.27180742467 2.15275644206 -3.89080901387 -4.2775474201 -0.983090928051 4.35226400277 3.62144776274 10.3992901266 31.7878256472 40.1950626376 39.3270545467 37.309716697 32.1398275999 34.124345957 36.0415779102 39.0113971594 37.4673834807 38.3816758691 30.3027357793 16.890578292 11.9713341384 12.6394438106 13.1687798911 12.2848526805 10.5191702186 5.60169147331
7.27338894106 3.24758834594 4.28015625911 1.86368358597 0.652595172249 -0.164869226452 1.91010527643 4.9704996271 6.6866077156 3.43211202799 -6.10709182703 -5.51424582432 -2.20507164253 -7.08317451053 -6.96831863484 -4.16290349208 -2.43948634912 2.28327481827 1.43388966273 -8.48906474545 -7.37442844514 -9.48122107335 -14.4353777956 -10.021382701 -4.80084010355 -7.41431351089 -11.1556799701 -13.044690307 -10.8619434724 -3.51941866904 3.09626966503 0.506025700503 3.50748820941 3.44400202991 5.89903794556 5.20863030965 2.28284799427
14.5340503278 9.2891555097 7.36032481701 8.87134974104 9.42062350631 10.2261514704 11.5029119295 9.9974493511 4.33109214747 0.844629450508 -2.2602667242 -2.60227009986 -7.34462677769 -14.4531068092 -9.46625860225 -4.22584440422 -3.25156849053 -2.94065736719 -1.24927846063 6.0754992104 14.0545864723 15.0827842367 11.2040713276 10.4691609018 14.2930043985 16.2871191737 16.031186872 14.0971963228 16.0888632031 14.7777786968 12.1655385617 12.3192145781 13.6584961491 10.6023321247 6.96023474296 7.0803372201 9.50163704246
5.25357684377 1.64451217134 1.87024106135 6.61810062121 5.72518698532 3.97876544999 5.05167831703 4.40580883451 -1.14711347488 -6.09561660963 -12.4604378931 -12.2629233091 -9.01593655229 -9.17509276974 -7.48922272802 -5.79414847346 -4.95697590818 -4.44478518195 -7.5395312789 -3.11132336965 1.17012679721 0.601659305391 1.19902017613 -0.0357994735189 1.97948215651 2.30420036477 4.33732713568 -1.3327007318 3.02408035665 10.7848191602 7.25708032063 5.68387061499 7.6307247308 4.95802216535 1.04533684146 -0.26871149541 5.08876449627
15.5682336262 9.37331229029 8.47685744885 12.480440944 13.146093254 6.46885121787 5.23855768037 10.3439111767 10.7899492206 4.76458816407 -9.17016441819 -12.7137031099 -9.66823555765 -10.656871622 -8.11864085495 -3.13571129324 -1.47666916761 -10.382076389 -9.90054599308 3.2575265619 5.8218200561 7.40376952696 8.47897376467 7.75720886896 9.89240786364 9.78292276691 11.713666712 9.11510745808 11.1247172528 9.073708895 8.70168136838 8.13424137855 9.43011376525 9.20893389823 10.0798648694 7.10034632826 2.52265305381
2.57191760076 1.33232415471 2.71657044719 2.93935402289 4.28015431636 -1.50867145992 -1.74434689225 -0.434613762387 -1.45938285933 -7.7430069773 -17.3824427504 -16.1505257841 -8.39207227691 -15.2961051826 -17.1329954963 -13.4116360075 -7.28939586805 -7.65923521694 -9.55235744896 -10.0952441356 -6.56367071766 -4.467455538 -6.6745619857 -7.45730673873 -2.69503066838 -1.26903828838 -3.45621499296 -4.98481202079 1.04237711579 2.6691939101 0.0146260236353 2.23533368191 0.194807560257 2.11517698497 3.12427711173 4.70211587094 2.99292045988
8.97207318909 5.59277396726 8.52975710678 8.93736043485 9.56557120363 9.26651700896 11.0279053153 5.21825622862 2.76994682889 -1.00613037166 -10.4785503085 -2.71333610722 11.0305430988 12.3189127481 9.90065586445 8.60983471224 7.20942348495 5.84582236803 7.33980709979 5.14432765457 3.79687135243 10.9056537738 11.4995093115 12.7265267648 11.9394682088 12.9890859903 14.7625354198 15.5771792049 9.72467357096 4.44445336549 1.99934430355 3.02008344125 2.65719911804 6.6929908347 8.57090714739 8.24985991561 3.63214881061
-1.8342884167 0.436845886216 2.4506550558 1.89313788225 3.17951412406 4.75955671916 1.223757949 -3.70679687815 6.96149265369 8.25955930548 -4.1923731956 -8.28430165341 -0.739759369757 3.8233689992 7.50768616238 6.28220333533 -2.19598823596 -5.33620996153 -0.674439241306 -6.26368725041 -9.49802116758 -4.13581484407 -2.41241468102 -7.05816101526 -10.2070983182 -6.90588739458 -7.68804168626 -5.61881411966 -2.28031137504 -5.29481217609 -6.99042245523 -4.12196585805 -3.69948321728 1.96050956144 1.92545537248 1.65404219843 -0.918203552293
