-190.332049385 -185.915039743 -188.952584427 -187.931874145 -183.010901886 -188.433711923 -141.944358663 -70.2984783879 -45.2080453277 -41.1003845062 -38.365180935 -41.0497791525 -66.5190444518 -79.4435880549 -86.6441354099 -82.6407398543 -92.4145273021 -101.22696386 -102.837730373 -102.299085541 -109.736388422 -117.421590268 -120.484584549 -118.489446573 -125.270381255 -150.296782552 -172.085035947 -184.170012849 -190.264467774 -187.279706628 -185.069965459 -182.325457996 -187.183944922 -200.662207503
41.8632256686 42.4625389881 37.3901649877 37.5668299673 39.3994149532 34.9951639055 41.4750971958 79.7544898243 95.660019095 82.1210474875 71.1201972967 66.1353208775 69.0238669869 66.9167053051 57.8855227116 30.5270210274 5.01769816467 -7.66718717842 -14.7233685191 -17.9137932388 -29.0255712719 -36.3199812886 -37.3539860218 -32.1454543802 -16.781964726 0.603587650477 23.2731515388 34.2870437783 36.1349055658 41.3772803452 42.9456557076 42.4901447375 35.4788736451 33.1905246831
3.87384224295 4.32302057427 2.23739222438 2.73756965362 3.29449970447 1.16017072088 -5.61068790711 -14.8778866066 -40.714611045 -58.41090518 -61.2261574736 -56.2867880719 -36.3345425789 -30.6679817047 -27.0615913428 5.12575143259 20.5253303479 24.9024597419 26.0645904635 32.510834988 33.4319990188 35.1322423194 35.6343986146 29.7049416952 21.5874281341 3.89184303647 -1.9395487456 5.06291027538 4.20330562383 7.55041328342 7.62583319965 4.78333750211 1.8562585404 4.80847158115
19.6574824289 17.2196135679 18.7476385516 16.6588263587 18.3963235595 19.0504214812 14.6052413675 3.69273119714 12.30118459 27.9176688862 37.5316147461 35.2566522543 28.8972617834 25.0123460223 17.7976355546 2.20957487815 -2.33307219794 8.38347855249 13.3050696079 15.6077592423 15.9971934305 6.74269892853 5.610676064 15.7770290138 18.323892359 15.8157220695 15.2719526594 16.8327389165 15.9109280442 16.1134170895 14.4534150654 16.6971230733 18.2142058685 15.459882441
11.3655708023 9.21600908321 11.9636743689 9.62991731283 8.11709074568 13.6962194573 3.3149083818 -11.4986377663 -11.6053502589 -13.5598475375 -21.3046320075 -33.6114270349 -36.5066330954 -33.1683069005 -30.6252811124 -16.1286987306 -7.97445745321 0.0660221478958 1.01888410791 -2.94314437457 -6.30266907884 -10.9694640134 -5.47538372652 -6.09040843899 -11.1749973803 -10.0492746036 -3.61575563026 -1.43562577106 1.22052924343 1.58667791229 1.05195605249 3.20719442853 1.87524932406 -0.819854456202
13.8322029428 13.2373377393 14.5829918265 13.6707520151 16.288988035 19.2705497902 13.8375481692 8.65993848521 -7.54730382382 -14.3400619201 -14.1756670479 -13.9236522337 -13.057737537 -4.23662364725 1.86087127429 0.33679213008 0.158862073679 2.7325436842 7.06251142515 10.8396635526 15.2567509489 18.4549752494 25.278517808 26.0397624969 26.2958628261 20.9287429543 11.7137885429 9.94230481531 13.2592408101 13.8449028182 11.6290662483 5.17821655249 3.18004431582 7.56493106774
-0.746822117991 0.847322042797 6.27565502115 6.47797065712 3.79680905979 1.38923335835 -11.3825725942 -14.1850598615 0.500134945162 14.8797460569 16.5694275632 19.1320856156 23.4073177216 18.7553938601 15.8618349318 4.56662630152 -0.0674499168683 -6.08210351506 -8.08987973184 -7.96612457156 -7.1605257567 -12.655536567 -7.52799497313 -7.30141082308 -4.48832855741 -3.69485546247 -2.99420343347 -0.0572722015553 4.26698839293 5.74855209072 3.10052719796 0.368180065859 -1.48017513834 1.50233786065
0.764925645668 2.02339750488 5.76544631442 10.5244870618 8.86050818018 5.52042772769 1.24622715089 1.15754067069 0.713739292116 0.621164728076 -0.266552354333 -9.04444395148 -10.723835538 -11.502363828 -14.0233212093 -0.558918632142 9.2068220614 0.722332149582 2.19276386056 5.14706262586 7.15019973322 8.04192514483 16.1284024776 16.1667024598 16.6539282734 14.9513061851 12.0445420392 10.8605869236 7.39520391377 13.4157398654 12.5539022208 8.75823036176 9.23779778051 11.203337694
-2.59477380992 -2.08594884527 0.244752579152 0.0899384996765 3.47882814545 -1.24653395087 -14.0943471136 -29.4468099636 -29.2154192854 -23.9373804494 -23.3876180231 -29.0300107457 -23.2416530099 -23.0584137597 -24.3802569519 -26.1979283007 -16.1966552509 -12.9830350022 -12.0210324982 -6.81943156776 -1.6130836483 -5.42226047823 0.551397443159 3.04154314468 0.335366142406 1.92466975155 3.3714999391 -1.09146034459 -1.53206950826 5.4159122626 6.2179110408 2.41972524648 1.62986157009 4.33069572738
7.12794526279 6.43130146201 7.71728110954 5.59225198935 7.73841034958 5.55920709668 2.34910949213 -22.2602044173 -32.4164462123 -31.7627457232 -28.0393954298 -30.9277834574 -22.9723365627 -17.0466459428 -11.6384420261 0.446717562516 4.5376810429 3.8391006718 1.89250641719 7.20718422567 11.7793261921 -0.208999102313 2.06190690456 2.89104451395 -0.165994266784 -0.436572465243 3.49093768886 2.37425664467 2.72718243003 6.18062218516 7.76601421647 6.35561449613 8.37045068411 7.72590668701
3.30677674828 2.59799620557 2.24003895651 2.4346218111 3.37405009009 0.669319349022 -1.8840680793 -20.7828573399 -27.3478748846 -21.7412858366 -18.1835264225 -16.1048802633 -16.0535548241 -15.7445476995 -22.828493522 -20.9912627146 -13.9848938696 -11.2791449912 -11.3406175497 -10.2564796706 -2.63158882735 -5.08825011475 -1.77350401108 -2.81715627102 -4.53753364352 -4.63545509134 -0.0583934422337 1.93966251773 0.806620716985 1.46298429047 1.67524663549 0.0199520205065 -2.32216334194 -4.81430391526
11.4366511888 11.728172581 7.796180737 5.77922744257 4.89030137119 7.91259026764 9.32159222299 8.26387682897 17.3960120607 21.3404030557 17.8034416851 17.1397157949 12.0769443005 10.9748895714 1.94232738355 -5.52894260961 -4.68939277276 1.92008911127 5.31113657223 10.8181472268 17.776559016 14.1613199109 8.70313402009 9.71839917459 10.7855867283 9.68910113885 10.7609513054 10.8645025012 10.8272262235 9.94407222586 7.19242632438 7.54288960888 6.43791104007 8.2146723262
5.35969755478 2.89164658189 -2.58108568403 -1.25136739824 -5.66753828923 -3.93883270486 4.85317097128 6.16103367789 7.98724632862 5.29722064551 3.96463527946 0.574329131508 -1.97679409199 4.6580221636 6.51932401327 3.57068049304 7.20289281509 8.14211343785 11.4314109202 15.3362520954 14.2709398109 11.7656011885 6.07953679935 -0.830823033057 1.05379920124 4.63446986492 5.52362803574 3.93041566676 5.52613671777 5.44807230434 7.4258931695 7.96566397031 4.4856875272 -1.26812062158
