-170.411323195 -165.471261593 -167.031054001 -170.66358612 -171.56691498 -168.806381858 -168.720825654 -169.723280916 -167.911526992 -147.660903287 -111.986913804 -109.129061907 -115.156822208 -107.802435974 -103.383588764 -107.097128711 -105.020369973 -104.045339698 -100.623886692 -88.0660119795 -80.3974232725 -78.2051273865 -82.7264783635 -89.9693513544 -82.840992808 -76.9523481754 -84.749021895 -95.4732551253 -102.96913081 -99.6971362555 -105.501821175 -126.123002129 -148.15845725 -160.463279578 -159.638106934 -161.981950914 -163.717854055 -165.463816705 -163.75427413 -164.334450588 -168.856266766
40.9503330991 42.7964918354 43.0631266163 43.6725113941 44.917504882 44.2971110003 43.1140072889 43.2640722414 44.5708615993 54.8323398936 78.3895148985 88.0908920195 84.5113250102 86.3091099389 89.1318898904 83.6789130768 82.3060168295 83.3943495005 82.312053422 46.5930960306 1.32724689134 -22.7880205827 -34.371356072 -44.8296941083 -44.8474446013 -40.0585571645 -40.7046811103 -41.4163663263 -32.1662447913 -16.3528861617 -5.27038105043 3.91080255616 23.0877965683 41.6891176555 48.652588319 46.7120863265 47.4756199391 44.5995982519 43.2637795646 46.9139589052 42.8213783945
6.46994049715 6.49771404172 10.5118843334 16.8518463802 12.2780886071 9.24257869199 7.73511125502 9.78773550729 9.16353666829 11.2340575654 15.1951909965 16.5364012843 13.3350996794 6.75810102713 6.48042395328 0.644375565908 0.35290946032 1.34549291504 1.05632403238 21.0018855652 46.6417122422 56.9206541336 60.5191578862 64.3167454915 61.6067682209 56.8332821462 57.8472746097 51.5841331779 52.4426074396 49.4147367179 39.5185991959 24.0432158388 14.8293990812 14.7257688916 10.2104088688 4.39452283729 4.56010841596 5.77838518603 6.47515333587 9.58339889993 13.9682820779
17.955892578 16.2262556848 18.8316967362 22.8051487704 20.8411536734 18.3272786801 21.4885140385 20.7549602526 16.1728142159 21.7762229324 18.7325904305 15.4785992808 18.5266207081 9.4883896146 7.84682988235 7.87653643518 2.67222830196 5.1521327632 11.1015149342 20.7519482845 22.2417341038 16.2564291464 10.443441704 9.51234492695 12.4769986663 13.4386040529 14.6529387593 4.49826346237 7.70866901864 11.4456290985 12.911655812 18.6969753375 22.3115682375 21.9450503978 21.3027861157 17.0209331522 17.1928453603 16.9317865554 20.3012545388 19.35076832 19.7144971729
10.3569799575 5.64969670563 6.01839717196 5.27776232514 4.87814103943 6.22622569074 4.42953105648 6.76175563093 6.68031655129 4.49240816003 -0.846211687078 -8.4827811249 -9.77625730723 -14.6271463457 -13.2796747477 -5.92741220072 -9.21606986528 -2.89334638021 4.30331681256 -1.38372319241 -4.367592085 -3.53473468895 -5.17278024347 -9.11060971573 -7.43421864263 -5.99301559461 -9.17114104294 -10.1064606566 -2.3017339841 -8.2976759249 -11.9268731019 -12.0572541486 -6.81512044401 3.88067175417 5.90159531113 8.85151434655 9.54888021351 6.30703543913 5.02804125724 8.9413444211 13.589650335
14.8409017575 13.6755184095 15.8580540253 14.4205106275 16.2115149555 17.5159439693 13.1801416102 13.3939014264 18.1446286141 10.8878173236 6.13553421757 3.27759741623 2.00250523837 -1.32710043877 -0.218508217411 9.46644865753 8.14482703966 7.83308661768 14.9596471052 33.9340795583 37.6703027626 36.4928708532 42.3975219923 43.1867061052 41.6267766964 41.5408830355 43.0532123672 44.4485480926 42.9991126524 38.7918847385 44.5930292814 39.6447107423 29.533168099 24.5571368247 23.9527788929 23.222900077 19.8549812688 14.5250925456 11.0708814216 12.6512788183 14.6376328035
4.0165339961 9.27887796989 11.8743655874 12.4227724537 13.6284441931 9.37944638259 5.82790841323 1.4929736304 4.41196682947 -1.01942165266 -2.75366003839 3.11831147162 5.73377674112 2.05011007994 11.7357716266 17.4395424517 8.70887328326 5.48224056356 -1.6519325925 -16.497070152 -18.4463770487 -15.5942974511 -14.5683311155 -11.7713611894 -17.1916925539 -23.2725618688 -23.3648693451 -22.5294652092 -25.1040955993 -28.6702419589 -28.8727711692 -24.8896156955 -12.2831943599 1.61832234405 5.05877490781 5.53349959626 6.16537101198 6.77136840913 3.80990253187 3.7462437154 7.37740477538
15.3277607812 15.0754424203 13.7644902643 15.5853819185 17.0431562346 13.9244975635 10.7401698576 7.31285994529 9.69603456196 5.46624069453 4.34922944454 3.46050009258 3.95325384003 -0.633740669457 6.32617177327 5.91749400713 -2.62882588689 -4.55943670909 -6.4340568134 2.61169968903 12.8426085692 18.9394883799 20.3949668564 22.1260937679 24.5256000189 21.7468781668 20.5695178191 23.7526708145 31.4516532271 35.6799991032 33.8622248558 26.6472739566 19.4058824893 12.9675674864 14.2204460333 14.5546752251 9.88172867745 10.4877286959 9.47071739218 11.651765467 9.7115227668
7.81019677387 8.70665599191 10.1658927952 6.41294201533 1.04455687993 2.44020870446 8.79899774521 8.23864812477 1.32533946719 -9.85119457963 -15.7239366128 -13.9909321773 -14.4979502517 -20.5176038476 -16.0310809811 -15.5714081671 -15.7024560733 -10.9288266823 -5.87248419785 -11.2018231513 -13.7186452173 -5.126695967 2.1678094735 4.51648909065 5.70142825839 5.40200636123 0.708983645361 -0.436221172363 -0.310752390548 -2.56728871629 -1.01547628434 -0.966445792756 3.91232108054 3.30713229752 5.53564650423 6.00826113697 -1.6136622312 -1.18928239391 1.86158815134 6.24437175599 9.20207042305
11.3867000619 14.827564861 17.2384343276 10.482360109 5.15577274971 4.47599492661 11.4959369479 16.2495104699 9.953095338 4.94356320298 -7.03145346126 -9.67134068602 -6.58026504717 -7.61520398298 -6.78453824468 -5.79389097449 -5.53570993864 -0.349902728844 6.72801106341 12.3223720446 19.4832285877 21.0843680504 10.2471667981 9.89668813093 13.3848759176 11.5643680091 5.76454936306 3.02088346057 7.39937549045 7.09582599304 6.8166435775 3.65613387117 0.428102417026 7.32507321426 10.4885124745 8.57881580967 4.11946294617 1.00775411021 9.69217115853 14.5971306373 12.5166126307
5.07739074241 2.31978963118 2.48764810194 1.68030350629 -2.54392823131 -4.84981212253 0.264710570514 4.70341185149 6.32254599502 6.1704710198 -9.96373320548 -16.7815861691 -15.5303464837 -10.6254531959 -9.67517419037 -9.35101527956 -6.15661545176 -6.19604206804 -3.80042986593 -2.20570373134 -3.43278618407 -4.36836841481 -2.28505935811 3.92854365405 8.94667903715 8.70244011431 8.03045456495 7.84455986416 11.1206817479 13.0120996038 11.16676324 10.4179558543 13.3372852396 7.95296522884 3.83222458814 5.74489590254 3.79290060597 -2.58260007809 1.30992131722 2.72279539487 7.58580270254
5.17390993599 2.3847401431 2.13199594164 5.62696731757 12.3511154855 6.16168884439 3.1449860073 3.51892340737 6.28831919145 11.8326790595 3.65290573361 -2.03059318876 -1.5261791941 6.62036969884 9.91442633955 6.87001109448 9.3134126877 6.90687974881 3.39841744763 -2.50958869237 3.41187545878 5.75654532175 10.4219830535 10.1590632504 7.65916422834 5.77891928122 4.17962809942 3.72038380967 -0.0836646976601 -1.68714655227 -0.147066442508 0.7440308584 3.7043164789 6.42974333868 4.65136665072 10.1529018018 9.07575587021 9.16778107022 9.35169764108 9.77710973122 10.2133310721
1.22304605841 0.297127032315 -2.53435969641 -0.30117599908 6.61401586423 0.766157848156 -3.74668330733 -7.79843890341 -0.357532284787 3.32725753932 5.00991586909 6.40119679374 10.7497222443 19.1074263605 17.7531430796 9.6909027923 6.53114738043 3.6912946397 4.47764744678 8.97072908065 7.26622444153 -0.171218591134 -6.18012905394 -5.41181910012 -1.27615647161 2.32092786029 3.49385065463 4.0205441084 1.32954451104 5.13470314765 5.82247722647 4.96998900331 3.73370014675 1.28297128005 -0.139280835063 1.82201755524 0.410911886889 0.315470528954 2.60724813031 5.65927243649 9.91710904485
