-282.676281378 -275.16944221 -270.696898797 -270.861947976 -277.098015257 -278.79411226 -237.626336027 -150.712360072 -135.480190725 -141.153401632 -130.940864148 -106.982172368 -96.5635376992 -99.072360552 -103.660974993 -111.358162507 -98.0446528383 -65.3905071194 -52.7879527356 -67.4203363817 -86.1772058116 -101.958475017 -127.288388436 -146.997308509 -163.708328851 -176.503690635 -192.998203869 -213.617717355 -232.028627858 -251.061720755 -266.068758058 -272.23522783 -276.903146448 -277.00951877 -273.484819466 -275.822434746 -277.988901436
34.8853415554 38.5389521171 39.0761855508 40.4939945149 35.3721366112 34.7806414605 49.8889913969 91.5644988855 115.274273737 104.337495387 87.808659217 115.359631187 124.924119227 116.254266647 98.5357590781 84.6474055737 83.2283467574 73.3215694915 62.779482691 31.455945929 -12.5597625231 -31.9696001624 -47.278081154 -51.6266003689 -47.6130645817 -39.6800810624 -32.8053316763 -20.0614569519 -2.49630877597 24.2137820097 39.5552925287 38.2700495473 39.2570201324 38.0712532766 37.8654448768 37.3999978722 37.788057538
11.2169958132 7.82831038885 8.1357699785 7.65238918422 2.9919663241 2.80042823824 -3.06545878936 5.7287062646 19.4132966375 31.5139515899 21.7236996679 26.7503244049 24.9759214046 27.9529137813 24.4550517879 18.3289158164 5.71734359453 -5.77568096066 -3.52411614974 26.752836782 43.9990306022 37.7807565562 28.634369583 29.9050664377 34.0946499117 33.4523188477 26.2644758355 16.2767761197 15.0694218765 12.0921555025 3.15272290169 4.9935781759 9.03197303299 3.11138282926 0.377800822181 3.08001797874 7.5876575311
20.4028296317 22.412401104 23.2678156657 21.0618386969 17.3650449816 16.8903705781 17.2577789002 27.8108327251 33.6306549935 45.6378918623 49.9375899711 46.7429347403 40.7342229827 37.80727395 40.5991522973 40.5672797639 29.5172656001 29.7606204895 30.7877580298 29.6403352942 40.1700956518 32.4807734814 27.3583972767 26.8606102464 27.8624479152 30.7800555468 32.0616799858 33.9023308137 41.3923148262 32.5436321192 15.5677817999 14.7626387119 14.5800270261 13.7395047546 14.5943750588 16.7763949252 10.6156551957
8.56335251901 11.8336158877 9.15740159198 7.59870918846 4.51013380511 1.96562581341 -6.10254610978 -14.6481999108 -21.3362517471 -33.0054417019 -33.0024778232 -36.9900384244 -41.0097215458 -49.4475826949 -47.5145245015 -42.0175828111 -39.8028285932 -43.6017809345 -39.4014298864 -30.2511339143 -16.2694358421 -18.9667926439 -21.0441996293 -20.2669661847 -25.4290712072 -25.3386446112 -23.3636215787 -20.4826325331 -10.7038805332 -6.96126189989 -1.84730507513 -1.42754478111 2.27182535512 2.38329602639 -0.628884947464 2.62341368842 3.02691126552
18.5490680179 15.4948425321 12.2813441953 10.0201631922 9.19854581337 8.70946371434 8.81556900022 2.9299699926 -9.313888038 -7.71833144241 3.26320402346 -12.0386411015 -26.7867836235 -37.8914819411 -38.4661646913 -34.728302249 -30.0826446693 -14.9303402351 -2.18739658336 13.2837376616 24.500290073 29.3354199389 30.2832190495 27.8643191444 27.2810603463 32.2317018814 36.041869373 32.2163915053 28.3058995195 17.0218832575 7.76401376245 3.57556524596 6.13078997043 13.093385881 10.7958262718 8.33024590154 7.03463024833
4.28263193188 2.67154833765 0.649264108376 -0.7323339627 0.113070584442 2.18675953676 2.87854237913 -1.04059448487 -4.56296164044 -9.87028616811 -11.7286843986 -15.715519324 -17.5933031853 -17.7189315412 -18.8899439607 -23.0023430798 -15.5448343697 -7.64449721044 2.84901502082 7.53348894818 -3.23396284542 -6.0612587433 -13.3303940049 -19.8937723811 -14.4813221719 -7.3868112947 -4.68551070201 -2.16677071157 3.5111170152 6.20782846754 2.81789967192 -0.475436195026 4.2401627216 5.76513902237 -0.632065820643 -0.430534881731 -1.28748770113
8.54662259188 11.5109765718 13.6818068139 14.0601455814 13.0845775054 12.039787907 7.54646317809 12.6743745137 17.5423115265 16.7185960424 7.96645539651 4.53390554399 11.060082697 20.5719862242 28.8455972778 28.2900547141 37.0247726995 38.7845429819 30.0937050059 21.8068533182 12.9246100074 11.1430924498 10.9937249852 14.5872568813 15.9895180178 17.8688629905 13.8612040915 10.0130579452 8.85014192396 9.17703053102 8.0106392743 7.71888080698 10.0865750968 7.78327209811 5.41951778785 8.33991690933 7.83922875399
0.620550388918 1.93005266791 2.20869402704 0.616441045598 6.13639001876 6.64156376428 -7.39642642555 -9.09296324331 -6.62289914506 1.52242610409 7.83045406616 4.52584311199 -2.43460707104 -9.25406113216 -13.1710150333 -14.1375921356 -20.1145087378 -32.3583927399 -36.6065492556 -30.6726405559 -19.438150441 -14.5605407052 -8.38925814065 -3.63148049142 -2.51509176689 2.79204552066 6.84217816599 7.02951510462 1.8902680114 4.69533028519 6.38431980786 3.3460497082 3.23502301168 -4.42756764866 -3.82298997623 3.15888023881 5.42117474763
7.25439371933 6.85856330699 7.62970655508 7.44076868754 13.3467261352 15.0554741698 0.0430848395496 -3.71816940998 -6.02840671933 -6.07612652173 -1.33441018684 0.636181906292 0.65947336149 -6.06397629304 -7.09468292052 -6.08392246757 -13.2383829046 -18.5318584178 -20.430672302 -16.9745296695 -2.49106472659 5.66964447859 15.2841969106 19.2035439153 17.8077685063 15.0687613416 11.7223861587 11.3550656583 13.1029457336 9.95233317522 8.66090216089 10.579775923 8.24474054065 4.88794910927 6.79061646999 7.71991931042 8.50193992432
3.95908653662 0.541433473092 -5.18819561066 -4.23636105676 2.09976304203 4.25576492614 -1.78812769541 -7.87386321217 -9.58334834127 -9.41670874385 -7.22243545793 -13.3301980215 -13.8030083873 -7.0971360336 -5.14501283832 -3.64045891126 -14.2140462578 -20.548682278 -23.0145351223 -21.1051308069 -15.4799887835 -11.7299113813 -7.89081364533 -6.46193348108 -0.758174389724 2.3579717453 4.66766054289 1.34824604646 0.490999821541 1.15971126892 -0.260568677681 3.73891773501 3.95345685558 -1.00613242536 0.0819513950626 -0.453941128017 2.94294155133
10.3782812344 7.90836490944 4.74272045109 5.50374614142 5.41508214932 8.96468553775 -0.479244884459 -12.4767035401 -17.3894805015 -19.3022114078 -12.5082405667 -12.9217260302 -14.229864361 -12.1148278589 -9.65791104524 -8.75280690315 -10.8950593206 -8.84810637404 -8.0834424805 -6.19410251082 -6.44804264643 -4.76621555312 -0.570955816835 -1.17885778456 1.02887124764 -0.309925173986 -0.666397410671 0.598586733427 6.44516006891 8.3465560794 9.4464324469 8.76757286376 6.98221774718 7.95192205525 7.50225337662 6.8854815435 6.81930702154
-2.56197773884 -2.3078025216 -0.810174628301 -1.69486343362 -2.88061975427 2.19618236261 7.07578194639 -4.08708068805 -13.0376539473 -18.3948023814 -20.7317962984 -20.4381528357 -23.295043186 -26.4784368595 -20.9327857409 -22.9360235543 -18.7559594364 -10.7836149802 -8.03383962259 -1.64877345875 2.8592150296 -0.308908745653 1.14380392533 -1.18384405221 -2.7110268472 1.71625791731 -3.82315798144 -4.12427684531 7.47418290464 8.70275972206 3.78900168732 1.68056357992 1.4333111885 2.6405972509 0.676841447191 1.25505033161 2.83568170046
