-167.846020672 -159.746998356 -116.618760775 -78.5688071975 -76.3351447203 -65.6954243509 -57.1965798182 -74.3726962623 -92.1911664565 -97.6588072484 -83.4272053963 -74.5652266451 -80.0641306942 -89.4815454141 -103.909212029 -114.943558313 -118.664701622 -125.350557595 -127.23268794 -120.076838606 -134.775007213 -153.613311661 -156.690549253 -164.152040808 -168.531070696 -168.425055582 -170.553658742 -169.431452244 -163.773535502
54.1127261801 57.6369708602 58.5118978521 84.7167880876 101.01844433 84.7127497319 78.3932067378 75.6158759037 72.3170119735 69.3636442489 71.8683175788 42.9617056827 13.6131621178 5.20831177449 1.48205193609 -3.07516051926 0.731223856139 3.05938287022 6.90404333198 24.4441269433 38.8874996907 47.7085398926 47.4045921038 47.8410036454 46.1196423502 45.0352180844 49.0040711697 52.4405303687 52.7987289818
12.4081096245 8.80581535965 0.0882619703209 1.35810896116 -6.89973170193 -14.0370549754 -12.1339015012 -11.5850705516 -6.79109812433 -3.91930336676 7.34683021918 38.580047612 51.2554585586 51.5372769004 45.2828527161 41.0193107158 42.3198666378 44.2017701987 37.4420130868 21.0411337495 11.3265352249 10.4157548344 7.67572484001 6.97177704583 2.93450931657 3.32700179824 10.9223890468 8.98315255654 7.36468771944
27.2121698248 23.745024915 27.7572682718 21.266789636 18.3959743109 36.0530201361 43.2892521394 40.2762743447 39.539745736 35.642763301 23.3689300475 7.06900478697 4.4981543548 5.0995842575 10.2222494145 5.98261726693 1.6132688968 1.32752046835 2.94905780699 5.95286151095 10.12759225 21.9963641015 26.0891824821 23.6402767316 19.7280457505 20.2904990449 24.9008466414 20.606558417 18.4864979098
15.831961425 14.6750333639 8.73135441807 1.80575829681 2.26303252839 -21.0928984895 -35.0047814904 -29.2005397905 -21.9740307881 -16.9435733564 -22.3376261777 -15.798044414 4.32445507997 13.761166684 14.7350371249 15.8773711161 17.0696608981 21.4250937971 21.0402772378 17.1805715766 10.4770837322 11.3087057051 13.3348971082 11.6008812675 11.7174249431 11.1376492501 9.31647966275 9.9939999426 10.6854746001
20.2765796909 21.0406992345 18.0126943543 3.90541020988 -16.3033102902 -23.0303727146 -23.2073811977 -21.6418549788 -13.8443994233 -8.0162103952 9.48774870383 21.2828735909 19.5969951044 20.351453931 19.3148956732 19.7235819676 16.9115145303 12.3575536936 12.5843593747 23.5379362308 23.3761708509 19.2092259998 21.4400218414 19.8792477858 16.3480442016 15.4782538048 14.5519209015 15.6670062674 6.41037843042
5.611474107 4.66537916298 -10.757085725 -17.0853854052 -11.7280443957 1.50198041583 3.24740006423 2.12703087829 7.85857224625 12.6871908643 6.03553722166 -14.655122192 -16.6168090679 -10.3487910928 -4.90414289882 -5.1974112204 -10.1309003078 -6.03176784726 -3.09861521569 -4.65160533941 -5.21770300892 -0.874145756279 -0.461602909941 0.207841720255 4.73103709319 6.01543612639 7.91195316681 7.00865092115 -2.58399276388
13.708736818 15.3549779106 6.95990871852 9.36940135193 13.1548258845 5.35076361204 -0.0699323783186 -0.172666153069 2.20779144581 -3.49782696926 -2.56103605692 13.9030686319 23.4335702992 24.0191013089 20.4683283391 22.3740863523 21.0528831782 22.1506406944 23.7047741861 18.2202106488 17.9235596604 15.4490038002 9.49269209717 10.2627235413 12.4346440912 10.7171296659 14.4173200409 14.8742633948 8.2670848149
1.12688598484 1.91685916029 -5.15878195876 -7.48036948388 -13.8048905322 -17.8913076422 -17.4802652953 -12.2946628785 -8.06657591129 -10.5223398095 -18.4552335135 -26.3600112569 -19.9066474189 -14.6187835744 -11.0663377987 -4.01961370401 -5.81017325095 -0.288365896773 4.42970159585 1.51829151491 2.05785719217 2.5110938272 5.8779326114 9.6804103747 3.8016504699 3.37323973442 7.68393537606 8.37747696447 11.3924411355
3.9898808033 6.89732768452 9.55881461991 -4.00241907411 -19.4632962784 -10.2361878216 -1.0464294255 4.8434801087 4.14925447283 -0.703071445504 -0.0425586216207 8.22707785367 11.9690566621 9.88602433965 15.2133134154 15.7001176916 10.3724902244 9.1641766703 12.9763752187 16.6532144865 16.1393935087 9.95675458031 7.21939018346 9.52665232976 10.0746665661 5.58461767087 5.95703875483 9.36293561503 7.70193372691
-1.96042784031 1.01800561525 -4.89378642111 -20.1435221654 -22.6025965197 -16.4602662913 -14.1030981759 -13.2893841637 -10.0490702823 -8.68516423268 -1.52921197848 -2.21066530611 -9.43372724588 -13.9386080491 -3.0331411288 -3.65384984086 -7.04115638808 -4.45980813843 -9.15188907304 -5.31827564123 -5.60290563383 -2.45019537517 -1.77266216941 2.72918675739 3.29765687262 -3.10654862976 -6.61346007914 -3.14473606516 -4.59347890209
4.54493161206 6.66607896538 3.8204969343 -5.67837730963 -0.2210631288 8.21582544097 3.67075831481 -1.48619326499 2.27040446255 4.35464391781 5.39876411281 9.34410585871 6.20943885309 5.43274591444 8.29699899142 10.0215873185 6.64578077362 5.35973947623 4.35125568951 10.5555060776 7.42244580585 2.12643453364 1.60259221721 5.27348481043 4.36715518003 4.91290213164 5.53217315933 2.32093552383 -1.01682216694
-2.22156637304 1.57818406489 7.48057241005 3.70192648734 -2.09451414364 -2.48346913743 -5.71388940947 -1.90375326182 -0.438279587438 -5.52392106026 -6.44533189643 -7.632960243 -5.90713732883 0.719822681693 4.98933167018 5.5409341751 5.36549094018 2.8282785301 0.81162926888 -0.0226333317244 -0.510223115975 -1.98444174788 -5.42767163038 -2.61459747959 -2.0836519308 2.22676014387 2.07400895062 -0.869777863952 -2.32358653567
