-252.223797321 -225.583893309 -160.386451374 -139.310347649 -140.233601733 -116.239866892 -108.989107458 -120.662895574 -135.485930922 -136.290823168 -134.844247286 -120.77849624 -110.339796492 -127.466680161 -144.676410788 -157.991774293 -170.606334009 -176.009483606 -171.8731506 -171.917892414 -171.838398576 -170.816055925 -174.578800526 -179.142287902 -186.834404265 -195.360818218 -208.214491676 -223.457007034 -229.738830295 -226.397342034 -227.939015558 -233.789119462 -236.010733175 -244.910969114
35.8436438973 42.2897513778 81.3761841508 101.439305277 90.9379706176 79.0935117076 71.6386823182 61.6464981441 53.8157585927 62.4322239808 73.5433826056 75.3526208306 45.6565661976 7.76249449353 -21.4153692669 -29.2097182286 -26.6721174736 -26.2887859575 -26.4786249224 -27.4812429231 -24.5982636114 -20.609627284 -20.2685949715 -14.6402494513 -0.290623602357 12.9370165315 30.0478426048 37.8641864866 42.7454330987 46.4780383347 46.4540094751 42.1815857928 38.9885221085 32.4182737924
3.54674233153 4.86805292309 9.23171160973 1.11955811955 -1.82562405854 10.0151587548 17.1482408247 19.2175613562 17.3691340411 12.3714964835 5.06498289747 15.8242633888 39.521934822 55.7224242662 51.1114584214 50.2081553465 52.8850510495 52.495596911 48.3188654967 44.1962386225 39.4150747123 36.6795296703 35.7836067309 35.7315557457 27.0096726529 18.6138539062 11.1394572245 4.40270231521 5.47713151095 6.10160345044 5.2208773382 4.85313565944 3.27250759815 -1.23386398138
15.8659592597 19.4242462685 13.6492042494 9.5430767107 25.8683653408 41.2723569394 41.3234713911 38.0843671514 38.3625521011 30.6169905539 23.6363926997 19.2617848582 17.8924164177 19.7968727473 10.472992359 3.81875979524 7.28935727435 4.82658243561 2.02454812075 3.06472857385 3.12011480243 9.25936284015 21.4207595175 28.6672135255 29.2142585618 35.5668918508 29.5747606231 21.3248628603 16.0459552337 14.3619435343 11.9115209551 15.8640675946 15.4509702211 11.5300634937
0.670758798012 -2.47281448161 -12.7275834625 -12.959009049 -19.7671647959 -52.7376526717 -70.4928455362 -65.521644134 -54.9608309589 -53.0036784419 -46.4443958206 -40.3293232849 -35.80818771 -23.2236700887 -14.0140607063 -14.4486459045 -5.17510064406 -5.7741872004 -11.5844011199 -18.5912577725 -19.1583052431 -16.7076731924 -19.8247320985 -19.4110813839 -17.1236396071 -17.4446605921 -15.02990473 -3.30752884435 2.75638792946 1.5610554821 3.90201153641 4.38942398369 4.47811384833 1.92168343543
12.3567132087 3.66395960768 -7.0718985995 -13.3328156289 -14.9603796288 -22.1985210081 -21.299288881 -12.0062734199 -6.49210661117 -2.10535085851 5.42708390807 10.7231958566 15.6694817177 25.0585420916 31.1922721037 25.8682887069 25.7625826565 29.949489499 31.1424264742 37.5971920548 39.3058467473 34.7121181268 39.6278613742 41.2066735539 36.9973955056 30.3351204681 19.0098089713 15.0818667393 11.5627332966 12.0552125027 12.7278962735 11.6061568699 11.2937363191 9.79999134099
8.08327852782 -3.48896000628 -12.016157747 -11.1715943828 -6.40785735137 -4.88125710195 1.50494118859 14.1321470871 10.9896327893 14.4829454858 20.7602963046 11.2391391425 -1.5797575128 -10.5318071301 -12.248373844 -14.2968991409 -16.4723152399 -13.7332729926 -14.3371646332 -15.0002019111 -19.328570098 -22.9616346015 -20.17649379 -17.0719755422 -11.9252557946 -0.47182948912 6.79627280901 6.16368462449 4.21404696171 2.39468204263 5.70531767307 7.89800335838 3.22508734225 -0.0808856576056
14.6072808832 4.24281099346 -4.44091514988 0.77809713888 -2.32036817001 -17.3859734605 -17.656085929 -5.48899390877 0.838145983556 2.05586052413 -0.596780670294 -10.2722638266 -12.8760545375 0.732252180616 9.64453791551 13.8553346981 20.126832726 22.7712024088 19.8115715704 15.8394511328 18.316937395 15.7435522043 13.7765008013 13.4386618863 9.77769510128 6.41367541133 5.78557706402 8.22398179429 7.85023116702 9.38413964385 12.9577990999 11.5888104152 6.28518021282 1.97498885147
11.5529095889 -1.34036267072 -25.0441153533 -22.7689224713 -15.1060705811 -5.39818308877 -8.82143397872 -10.2401563739 -6.49830714216 -14.4597369175 -22.4636567122 -30.0339084066 -30.5457294292 -7.85474523145 5.24926072411 2.30413127275 2.89611260619 0.744249017025 0.951195552149 2.49133189046 5.30458168134 4.49809004255 7.02833165997 12.7916230169 10.9051957878 6.15716979624 4.98523316291 4.35590967038 2.48748680367 6.34559156388 8.01490293986 2.76455583855 -1.44455334282 -4.0409630133
10.3512524462 4.41764433248 -15.8643722351 -23.4395626916 -22.2586434834 -7.23667363425 0.557238003897 4.14824309693 -0.838685964861 -10.5642165838 -14.3662069594 -10.2027787257 -2.43618711297 -0.647208538165 3.73857551333 5.53626610314 6.98093218026 1.58023199976 0.777975472342 4.79167350862 5.01088044704 7.67678551914 5.85796052918 3.71692646472 10.0060975876 8.09154949949 9.05545301456 11.6093462958 8.56148815035 12.639309161 13.4274027215 10.9212250042 8.57689212963 2.78427632032
0.977241284087 1.87437619305 -6.80972974916 -8.39867529423 -5.29212197817 0.55707806982 -0.173560218602 -7.07479744675 -15.501421023 -11.8802824629 -5.63954745074 -10.6564342588 -16.1259055849 -14.0989302115 -6.62583548994 1.83663688898 4.75952552644 0.573077688337 -3.75289460301 -1.82236665538 -8.71274188665 -3.17968928889 2.76185786676 -5.79676305735 -1.61170377703 0.824174823345 0.347555224401 0.8026730907 -0.872484038115 2.79676947296 1.2689730892 2.84978706046 -0.376552904448 -3.63865657717
6.38651797318 11.9484202839 19.8048239353 19.9694155841 21.9818749071 23.0882613978 16.7512789736 8.32377699908 3.76094946445 4.22153364316 10.808571385 15.3597873547 15.947648503 19.8244541143 20.5022897513 17.4539986042 17.0711440495 16.786009926 17.6900488503 19.8214168446 14.9549060027 18.4528557655 22.8586335111 23.6144922232 21.9090645172 15.5684846884 7.64321442721 10.6541298678 8.70999488056 7.59315383698 7.02449900175 11.1388103183 5.29968138536 0.234393729189
-3.29635512308 -1.57279334905 8.58503425586 8.78968532403 1.65997884377 -1.58052541246 2.85394070487 5.96500571616 8.20509497235 14.7245437242 19.9435624469 6.66608182237 -8.64299892943 -11.0684598313 -12.0546960189 -8.45428959182 -5.21730819203 -9.16817189816 -12.4494688829 -10.1430386853 -12.5701196033 -13.5863434574 -11.3089120577 -7.66481563609 -3.40404047339 -1.93078961386 1.40370799336 3.16643229168 1.64326408945 2.29744646943 1.58528431169 1.05507033477 -1.42191753892 0.648190071784
