-140.117108774 -137.201023559 -135.259704279 -137.180469285 -137.76742259 -136.248851579 -132.385260961 -134.437876362 -131.47034347 -113.772161461 -66.3656002377 -51.652758003 -51.6211137134 -57.5392397779 -50.0628494243 -40.6545376537 -47.4952369779 -63.3385640515 -69.1344498823 -75.1353717053 -88.7076132404 -94.7399510212 -96.0377570918 -91.3942409886 -97.4728776398 -108.513906871 -116.33808472 -123.916064416 -124.235419169 -121.584094912 -118.244357537 -126.616735737
37.7600800894 42.8466698121 46.8225921077 43.2582982397 41.8370672463 44.3387912056 44.0290323639 47.503869165 50.7117932528 45.2127192031 81.1482194747 103.195926638 100.304843219 94.1589633786 91.2040683555 91.5809193552 87.5417116312 83.9442848007 81.7882307988 79.9103313928 79.7373490294 57.4925101338 26.7153432577 13.8319738593 11.1643383872 25.5507486247 39.7914751544 36.8454713319 33.4222558561 31.9041390289 34.2909495814 29.4836688818
3.22609837135 3.31441874356 6.74750178291 11.4980580807 12.1635086338 14.0018201246 13.2845223154 12.417630916 9.20503782125 9.84113856883 19.9238602512 18.4530714698 14.9567509884 10.5339814575 11.1937747473 6.85027905625 4.32892457456 10.0458672268 10.8921046464 11.8155034622 20.8769837833 36.4417392193 46.7271882976 48.2371962101 42.7580442848 36.019623394 27.8931262173 26.76343494 21.1658451073 15.4620336205 15.4732346548 13.3848525952
12.2266940075 14.7641829913 16.4134597501 20.9775444875 22.3259503364 23.710878494 25.2023544144 23.0861410587 18.1021379374 27.409008979 30.516764764 27.1111223047 26.3984467924 34.0640532529 34.1915809169 32.1121999966 31.6992272516 33.0169428532 27.4117261044 24.1722966802 19.8986721065 24.0075278125 26.8826999295 16.7477786142 14.2486856443 14.8716580677 20.3793121905 21.501653387 19.6777197822 21.0259338186 18.3069023965 15.8931879604
10.4787400105 7.57724177335 7.44719053184 9.64788425232 11.08879556 12.0105209274 11.7213111757 11.5849818397 12.3085290662 6.50861637671 -7.27504231107 -10.5326483029 -10.9662234069 -11.101535485 -17.6383762988 -27.4219547386 -23.0820739077 -12.0071589809 -12.5743572538 -8.76340317218 0.181876850173 3.99311342232 5.99235814121 7.03233210037 10.4965973716 12.2786920823 7.43761583531 12.5693990248 11.0688556177 9.10283063226 9.22386317292 10.8987786293
12.9659204543 7.88268663867 6.82664353988 9.72452794239 17.3940643802 17.2304869805 16.0709212376 17.8899937107 17.6759772374 18.7596835073 8.49795890727 -4.58436943557 -8.51025280866 -9.80660611269 -11.941977358 -13.5376561566 -10.3051944968 1.11633582484 1.83616448231 -0.588101495369 6.14843164333 17.7448046729 24.9182075 17.32860245 13.4124473709 14.7956608524 18.7424422143 19.8885317241 23.191973122 23.7871774218 24.7114310411 28.0446796462
2.37807267433 -0.662516893131 0.328155593015 2.52274840705 4.59591703031 9.75151815599 10.5095728292 5.99962865392 3.77285824626 2.82957039672 -7.92956221566 -4.69328054244 4.10510102138 15.7738964984 15.6925895382 10.2833388627 5.46612020268 8.66792416597 5.38356573762 1.63330825915 -3.53354120592 -16.0926620472 -13.6472013809 -14.6032219503 -2.76916194447 3.00493895982 9.20109896981 16.2560434802 7.96908569002 -5.53449948372 -4.64120257845 -3.21593576175
5.64831842195 6.88604588847 8.86972044659 9.30155493975 13.6089986533 12.6138231605 10.2187349387 11.3542078678 14.5229848718 11.0688497943 -4.41450849222 1.86417019159 8.33925323198 6.42765105333 -4.93866946005 -9.27697332504 -7.64841024036 0.866504234359 1.9037827955 -2.6401442659 -10.5970562524 1.85772080775 17.1364630583 13.6546105348 13.7943134658 9.13293736936 10.8376766997 14.3887359178 15.563655498 15.3878984272 13.3576295534 9.40425649165
8.83109535132 9.33577558902 4.01392049172 1.10361150807 6.21645365261 5.95856080871 3.91705879528 6.81039778214 9.84141103748 7.9702179615 -14.0138452637 -19.687875424 -18.1702751655 -18.110493523 -21.8826435299 -17.7963193616 -9.17144348465 -2.58290107952 -4.99032598485 -8.88603939127 -16.0049911131 -12.0858920309 -1.18693608374 4.46521729622 7.02542135479 4.44250931126 1.63346483705 8.54732567745 6.54146723783 1.40075212477 1.74344961628 3.74372228369
8.23380763261 12.3427625003 12.9529756852 10.0689796002 6.98646919515 12.5060388403 16.874919262 11.907523905 12.0325503268 11.4443162757 -6.22833520189 -14.0992918915 -10.8160151944 -0.0807844607573 3.61306563618 3.60805914764 6.35541135507 3.83470415648 3.50579806939 2.70625769693 3.41404175515 2.75195661165 2.90047274618 0.811987229701 3.67872864383 4.27823677477 6.1670473237 3.43235272724 6.23268895972 10.1118699785 8.39916429875 9.67152582756
-0.73813186695 2.57273080595 5.03943624017 3.97732613515 0.865667323764 4.62194327116 4.39826805125 0.711138447426 1.08035904581 4.07530711667 -10.4519835473 -13.1158131437 -12.3758352714 -12.1781148585 -11.8143295317 -12.6146699705 -13.3610001088 -13.0403114603 -6.91445805151 -3.2432032139 -4.74015127309 3.87795668404 4.86870217399 10.2665919452 12.2624429592 7.91960214764 9.29151871948 12.4268901636 13.919529738 14.6520762744 12.6529195872 16.7626987325
13.8836338375 10.2688585283 10.5692658491 6.98655189104 8.75786909052 7.51425505149 8.55886802792 7.35220750927 8.52249357341 11.4245253085 3.51715118786 0.472126946316 -2.0342025427 -5.07123664234 -9.97436444201 -3.43335951333 -1.42018918954 -2.93923763856 1.45413051377 4.44555588254 4.52869400815 6.62885166953 2.28313989482 4.79814447764 3.59377435842 5.44311484504 5.84107895757 3.38932500574 -0.195389676704 5.69673509253 10.6091319199 12.3972653157
2.14200676408 1.98862269443 -0.615436345307 -3.45926742303 0.673590273522 2.69041792096 2.63152497809 3.47010166938 2.63451657983 8.15193462607 10.1475360938 7.46599566643 2.91527486273 3.45607031166 7.17458159608 9.79778774035 2.16534423924 -6.32919303451 -5.5245114782 2.41136215886 5.69649646546 -0.0663240585224 -4.07049302031 2.66282265167 6.83700822554 6.32960790305 3.95395649198 7.86974862063 7.13106079085 3.01056171829 7.95406945756 10.1832019203
