-147.529658928 -134.353566844 -130.571587229 -137.895894207 -137.093259813 -132.59369244 -131.231868117 -132.903287686 -128.746359734 -112.533965436 -99.44751471 -96.1334056842 -105.015166722 -105.70510812 -102.987412856 -97.5000474848 -72.2827572869 -57.5936421708 -60.9064877265 -69.9140170301 -77.1896720779 -75.723918778 -75.2678848469 -82.4247723289 -97.3704640298 -112.657077048 -113.024335586 -121.939533265 -131.935302158 -134.636844475 -133.969058547 -137.309601264 -141.510129707
31.98016424 36.8249070536 36.8914737711 31.2040274971 33.031134971 37.4021123894 41.8066453997 39.7291588292 44.1100308612 62.7763699899 73.8240063312 72.9835010202 66.5067537127 64.4342956561 64.5480277595 67.7463549463 39.673981294 6.87645915543 -16.8564567217 -27.3911416909 -30.9656236894 -20.4703078429 -11.3653464224 -4.05224269977 2.96041395951 15.1903534283 31.568920444 37.0134845557 37.2239238595 38.0219684316 40.2761798537 37.4778879188 35.0602099447
-2.30952783379 1.12236053083 5.41900072669 5.74962002508 3.06418257841 -0.406274873775 2.4050606307 5.98340341564 10.1580046949 21.7486142081 24.8205411527 18.995054734 17.7461501499 18.9229546395 18.9815760801 19.3118854939 36.3101080472 53.4310576617 55.953228908 57.1273276851 49.4673335276 47.3285607109 47.359561912 44.8202019753 33.7615939368 22.7167078139 17.774728471 9.31025596301 4.29663598823 1.54012512055 1.11285615234 0.465677307257 0.943097144858
14.1151068736 15.2354977598 20.9504681265 24.1773678018 21.0250201655 13.1893781696 9.52623483343 11.8095439564 21.2803033959 27.0273500215 28.8750363015 26.5138324221 25.2496986274 26.7815037344 26.2057196871 25.1100324395 25.2520718024 24.1998860968 15.8154136205 10.9354735722 4.19181273271 -1.01234140708 1.98783434892 6.94167219086 10.5454027459 12.7593762102 14.4456679703 15.5877038706 18.2249944013 12.9915449208 11.7375695767 7.69438203076 8.27596627141
3.41068827886 4.89589016078 9.00024621853 8.93274468095 5.60385689999 3.40456831723 -0.906824380993 0.901087107214 11.3280262733 8.64073284665 3.5423457111 2.67942104378 2.83184595853 1.23792129465 0.0644273022577 0.0447575205304 -7.76576036404 -10.1314917463 -1.93223023601 4.26223869072 1.75179456382 -2.04882025182 -4.7168863327 -0.713446228284 2.97485378735 -0.311222768813 0.660720255171 2.77542625278 4.84697858315 6.34361276445 5.67699050524 2.70309613265 3.66475528772
19.3335590758 15.4174714896 12.4468650658 12.2583710061 8.27451118874 6.91415836259 8.40749802321 13.2267079184 17.9899792513 8.56656038682 -0.0066743207235 1.53444050564 -1.54632569184 4.06808478852 9.60829544933 11.3510424138 30.4264811719 40.3303826277 42.9270906025 42.8318676718 39.6619352284 30.1789032471 29.7101042923 28.3856024748 22.1851544847 23.0167588921 23.0009049681 16.0598509726 14.8990681496 17.7259376671 15.5721305301 11.4871314008 8.40351356143
4.95375423617 3.6666996062 2.2949030144 1.67189880208 0.589608156383 -0.733507482099 -0.940423020435 5.06917990462 7.27726672336 -4.06774575319 -11.5426026809 -10.7352919484 -6.16117604208 -1.94593084815 3.4140110108 -0.173296331677 -19.944440387 -24.4378363601 -21.6305833027 -21.3073914371 -19.0494998804 -16.1789899238 -15.4862011132 -12.6710861092 -11.3744712966 -6.62968326973 -2.24875883464 0.975518627967 3.54262070642 3.59289637832 3.64362984931 1.32614077428 0.300363583323
5.36343602241 7.59119295619 9.54170917583 11.8256255996 12.1443668286 9.79813893479 6.32995662823 8.82776680568 7.60084966323 1.46037208586 -2.48740821247 -3.97324883671 1.34462691484 6.59632829751 4.81529941556 1.92052745112 5.38631240204 12.4873307695 21.7216872276 24.8707261363 23.0521139943 23.8421818828 22.6108263239 22.0516890684 20.2030799148 25.6212503389 23.2192037327 13.6300914583 11.9357089102 13.2342663668 11.7665163287 8.42832266036 6.09245295054
2.75745485541 6.82722587417 7.16948651541 7.011708429 6.07916783781 8.82074168257 4.71658617329 0.0294713243781 -3.55173090098 -9.14093775472 -12.3671654675 -15.6594047903 -11.0573383911 -1.90054128208 -5.42784112646 -9.95610549091 -13.7125858719 -9.64225339419 -9.04914085882 -13.2974280462 -10.6858135923 -5.33611463446 -7.96058619846 -12.8633882696 -14.6542289896 -10.8037215384 -3.7094558241 -4.73521671307 -1.77355603143 3.51215081245 5.01566689097 4.58710091741 -0.969166546623
7.25626939693 10.1518936454 12.9395085062 9.41109908442 8.28535695688 10.1961942709 7.50713650431 7.45529999823 0.395476332241 -6.57017903056 -7.6329860344 -8.68922955982 -8.417692662 -5.24657555789 -6.62500360567 -8.89011510438 -10.9342823025 -6.17207616749 1.75556360646 8.55489210967 10.687701509 13.4076125604 12.3175508788 12.2587062117 13.4688367002 14.2348784432 13.3739907264 5.66910403389 4.91284441638 6.29137391015 7.22240198989 7.49499744911 5.29108013254
2.83401623939 2.07771878419 6.78593710988 4.15417706257 4.06032275399 2.24746023249 1.10277833085 5.56153721118 -1.25863206797 -6.68968747807 -5.92403483056 -8.09953762791 -10.1096577186 -8.53026725291 -12.2598027286 -10.2607460315 -1.94277812163 -0.404574369461 3.47743644451 3.71214558505 -1.01637497027 -0.598017701553 -2.15242343632 -2.62564828868 3.93924819414 4.48896394086 2.48009274526 3.57045589156 1.18781396756 1.28060147021 -1.18303719927 -2.53750668827 -3.17369800507
-0.241809618787 2.9319103366 7.78298030011 14.4165381662 15.1095185357 5.7691928984 4.13988342695 8.12710887612 7.0780795327 1.71027159519 0.0374627405528 -1.24925679864 -3.56872028737 3.2293144116 4.73303146824 5.97546247749 4.67111919356 2.54746224198 -2.48377600652 -6.88621836497 -2.97555236877 7.6262744804 7.17870825631 8.53772860951 13.9612269532 13.0073030613 8.29422338247 6.22444542783 3.97182192994 5.077040257 3.3422600797 3.90505799951 2.52026156003
-1.95559636802 -2.51528977168 -0.317641338128 8.59544378301 7.05203171967 -0.272486792337 0.256615999087 1.70621450471 0.281323617674 -3.85510327763 -10.350204284 -10.0658154543 -7.85011801191 -2.17229325591 4.02372398957 6.44322102435 -2.95393725063 -4.67021534355 -6.67908813317 -9.45326690647 -4.83160981073 -0.238734013278 1.16729043734 1.63153911475 0.44494255623 3.06192462052 2.56171207216 2.66769707977 0.587915890488 0.533644407067 -3.61860988811 -3.53329680826 -7.77367772647
