-160.021440828 -154.70522476 -155.209873602 -157.584164599 -159.467043366 -156.689591139 -155.493602594 -155.881364489 -152.976609708 -146.093766396 -102.154716887 -80.7692004522 -80.4275621524 -93.5738314748 -76.8266583949 -74.1238055453 -85.3244682101 -88.8223602553 -95.881956599 -96.0039217562 -93.4540946528 -84.1579949265 -61.5500841511 -60.0309904552 -73.4446226865 -86.7943994505 -94.3719510624 -99.6984457244 -98.5517118309 -98.2394645041 -102.41660484 -107.402553334 -106.486274683 -119.913426678 -144.325741383 -152.809970241 -155.740557723 -152.274941631 -138.121482067 -140.008852298 -156.393572297
31.3551584091 38.5720313087 38.7961548463 35.1293060038 37.4988179056 37.1651779694 36.696988266 35.9917077392 34.9818832978 39.2527506775 81.5657730688 101.946136018 99.7437012094 92.4353261996 92.4629721485 85.8421743698 82.6237476996 82.1996819943 79.703264307 78.5210122467 72.9187435054 68.8058367965 21.9108756972 -20.0933859878 -30.9480738977 -31.0062423901 -26.9394858377 -25.6311784873 -23.6999593411 -22.2011917526 -19.0206704937 -14.0667900593 -5.98552298053 11.7639622923 32.003778539 37.0197951196 38.604467344 41.5368928415 45.7607038164 47.4878393526 42.5872205003
1.64765511455 3.75804039259 7.73935467567 6.29348915264 7.84976532233 5.97418656303 6.31128153379 6.99633371144 1.35562745665 1.84551747952 16.4253666164 15.3949873391 6.8448776626 6.94636756661 4.35872528154 -2.03450021021 2.99680555473 5.12335214627 8.64641877583 7.46869628595 4.00206390647 9.21703731833 39.7872410901 55.4743078667 53.6665539279 48.0510718706 50.2951288639 50.8128902402 46.3519921689 43.5241698385 39.1565845668 32.56647202 28.0823492184 25.9102727428 15.745021594 8.39155690711 7.17413970482 3.53007071846 2.66443286517 4.30368089925 2.64328011588
16.006098851 17.3917407137 22.6366651757 20.9842787133 21.4981178995 22.3197051194 23.3446381841 21.9658175525 20.1660189456 22.8632074834 17.2916062221 10.0302639393 4.93490757207 7.5306383608 16.817221748 19.9565859149 23.6303727811 19.72789205 16.5446594588 18.829298184 20.0347859981 28.5585545054 26.7968450682 20.1306585958 11.0798504962 12.3309152663 11.1883238155 7.71053131587 0.696490668074 3.36700997499 7.2304166432 8.56482378849 12.8675159048 17.34975902 19.2819024673 15.5084917297 18.0854984311 15.4997335558 12.4277948776 13.0287982138 14.957026204
0.967021387949 3.96627801667 7.64529853517 6.83738640168 5.02883821648 -0.171836147625 3.43979705024 4.04380828242 4.22788024135 8.87213230354 -6.07814195058 -6.96996463871 -2.40814732646 1.88652181408 5.80743953328 -3.93534206231 -16.867170775 -17.7130580185 -7.85124285139 -5.58141021411 -10.2285939708 -11.542942942 -10.0128923035 -8.95152375328 -10.6114192734 -6.15536405464 3.08860850977 0.280904119481 -4.67775200281 -5.10386148862 -5.36962682439 -0.3157763127 -0.214471484748 -4.07179500979 -3.30744380813 1.2023231904 7.68867185371 6.64306993614 8.26872533543 7.63451044059 12.0511804472
5.59572065594 8.29135083666 11.2704054893 10.7893472877 8.39686151243 8.53853587927 8.68923284137 9.57210901037 11.1080446719 16.5131526767 3.84150351115 -2.63723388378 1.42291716387 6.90643878876 -1.72503015624 -5.25744539787 -8.83213513286 -12.1550423785 -1.75492546668 2.78333757895 7.45366521225 15.548422085 25.0307514228 31.3616412045 31.3570088038 32.0561972914 33.0077005247 25.3978707562 27.8948367924 25.1470366545 25.1273915668 26.3537897722 25.0404135985 22.3316308146 16.859184271 16.6791022806 21.414643851 20.2466327282 19.7214834346 15.4672257414 9.30499787204
-1.22419993233 0.682138174302 3.78155060816 1.71122732029 -0.0227932534461 5.27965245916 2.90264235179 1.01862373718 1.2056100541 4.65983987257 -3.27618034892 -8.2224223321 -10.6049815089 -5.03217540446 -6.6842396101 -3.24512802791 1.3723996401 -0.397950300622 4.2636543969 7.7431629533 11.7077040199 12.036267339 -6.81563102023 -14.1963110876 -18.5764192131 -15.9888453539 -13.5837866794 -16.0853515517 -11.1684303109 -14.2204978953 -14.7207829434 -15.720992085 -17.6172891012 -12.5737291378 -0.74499525813 6.16949863689 7.34563967223 1.09169717062 -2.96079016729 0.261423373938 3.26813447218
2.17081156962 7.34671186966 10.1816371822 5.7501886272 5.00089767495 6.06857465364 7.75093106957 7.13076709389 8.11770521156 9.48900463177 -1.60922969908 -0.122894352655 0.164539691681 2.68887253659 13.0486981051 14.3702044095 2.7934411568 0.632968868537 2.1434442062 3.06345372745 -3.64474906288 -10.9002131257 -9.81734843157 -4.08498705632 5.1685124986 14.020604142 15.6634265245 18.0031573112 26.028350234 21.9828671874 16.7377505372 18.4730107256 19.4468530285 20.1825490562 18.8204835632 14.8501270487 14.56756672 4.19869089403 3.13191573976 9.89452235329 17.1573257678
1.1353621057 1.86803947357 2.81874035868 1.49239509996 1.28176838734 2.71312270531 6.82772941743 4.64768648012 2.39289630085 -1.92253491721 -14.8540166966 -8.92457021612 -6.79506115481 -8.29284666456 -12.6045630164 -13.869999107 -12.8299521263 -14.7169137193 -17.1928386139 -17.5561932325 -19.6277799155 -17.5674322678 -5.84959047611 2.06179235961 2.67096911366 -0.3001100286 -3.59045754872 -1.22679417261 -0.160622860979 -6.53072122452 -7.32237347509 -6.00752123126 -6.75856344514 -4.79558721973 -3.60636846031 -1.28344022279 2.98560797895 -0.170092631803 1.51437404042 2.35027331171 6.50238103202
8.58147888388 7.3304281198 4.62118829348 3.35347856033 3.21661773516 7.34365982852 11.6071340317 11.5283814748 9.10740208442 5.96091312681 -8.48942108226 -11.622639164 -7.27533230471 -5.12777854297 -12.1296346382 -11.9381334431 -3.14418768079 -1.04112795755 -3.20826583802 -5.082426592 -11.659537033 -8.68025396341 -13.2223044838 -7.1676256832 -4.8551340515 -3.10113372216 3.07252784269 11.9944889857 7.54136689368 8.34162555011 9.64357373897 8.10469444206 6.64743351462 7.89082206877 8.09682882228 7.06709660313 7.77633904454 11.6566521595 11.9679151375 7.27922463988 5.4787348146
-0.775597680344 -0.504717641494 -0.537473093628 -1.8151523096 -2.60268596742 -2.40245640074 -0.94810067088 1.92911740149 4.94828339143 2.65881805828 -12.9835907326 -22.5134808136 -23.9568112345 -18.6300443891 -15.1859666032 -18.1097146667 -16.564934559 -19.7038321944 -14.9778173603 -8.93260025287 -9.47310131501 -5.64379144469 -2.7390366281 1.28089148235 1.55371502805 3.0469998822 9.88894774679 11.2448955192 9.27803525977 9.91810668625 5.64187227128 4.56711006583 4.97019480345 1.58317096754 4.31908510486 2.61988048626 2.20639732452 5.09711973174 6.63548801509 2.08784591722 -0.913543257643
2.73951840159 2.40350274322 4.74415789634 1.28226686486 2.81312421814 3.07674571338 2.29045533092 6.29528635775 9.82084549004 5.03774091507 -1.96318750144 -5.41562543565 -9.59047222155 -10.1388140546 -8.72101842185 -6.30686198739 -7.33026936788 -7.30349945502 -3.4183938876 1.12901936993 7.39737206174 10.0864666531 6.24272200374 1.63378974092 -2.293557699 0.790461277072 1.56692352956 3.87492077449 4.95754142289 3.44990587224 0.272049350277 2.19261330751 1.28363027977 -0.144852139769 2.22684234176 1.9588515728 6.50850099891 11.3197533395 8.34302286592 5.40642751087 1.49902094554
-2.89872744976 -1.5814488825 -0.0146352686989 -4.17141981521 -2.74268459352 -2.15056780529 -4.56135414394 -1.72131854431 1.06829995633 2.58363597134 3.86625689406 5.01278468441 2.13055803612 -2.40212397084 -4.62978522585 -4.89785423281 -1.4145807804 3.64601038392 6.42376292585 3.03967710132 -6.78087083689 -7.89900986863 -13.2488494115 -13.4587836401 -7.49111240887 2.65961027227 0.418269919518 0.306203457318 4.79289947858 8.15259408581 2.3857738613 1.40281157347 7.1891359566 6.96574856769 3.50680151312 -0.814527461546 -0.417475767994 3.59537596119 0.350621994025 -2.32052798273 -0.128938692771
