-302.734823376 -301.237012214 -302.811807553 -301.201904515 -299.411592425 -298.483100156 -296.83447952 -297.871588252 -304.688973452 -307.480663459 -208.767815136 -132.345279516 -120.232849376 -126.456060003 -133.601802065 -109.662970452 -97.532430875 -112.49497199 -104.049866451 -91.689319706 -85.0367877194 -71.3216830692 -76.1363312892 -95.6556800885 -119.631003451 -144.300862571 -166.372573851 -184.91424475 -204.450098926 -220.588845901 -236.478920773 -263.211433171 -285.106515377 -300.915828079 -306.380609576 -302.632420927 -302.631253663 -302.438121426 -305.212750579 -301.658127453
41.2657151053 42.2698747482 38.3663454467 39.017708712 41.8400700264 38.2715013783 42.0018448237 42.0918917919 36.1922106371 33.2674518031 65.2138435992 95.1662094723 107.662357063 95.8508502375 98.9801730324 94.8154285115 76.1930282593 58.7097822783 66.3779125772 90.0283121068 93.6539892161 85.1030904671 69.5159180717 33.0882927533 -7.70492970203 -29.9041171576 -48.5773951197 -50.4301442647 -36.471997568 -29.2107273859 -16.0139251974 2.25368554591 23.1710264223 34.059627272 31.2628921313 40.6356958746 41.4119820672 38.4175950621 35.8233934757 36.8507928168
9.63052863993 9.35679736683 5.62146420832 6.81364462673 8.42212071446 6.37950840055 6.50162500958 4.97566787334 5.42725140927 7.33891174206 -3.94090852499 4.69575542395 15.3546000057 22.1285357111 32.2593378657 37.5598566499 33.3198069331 32.5099130984 29.4377641984 32.0927173551 27.1510449213 16.1088137831 21.8112761469 47.8608163242 61.4456601696 59.7830488969 55.7659135506 47.7098851121 38.3585160208 26.903840248 15.8863107877 11.6320265413 4.99981537747 -0.0956497060153 2.57987729531 4.04334977256 5.12009146008 3.02979262997 5.3632729362 8.86963252709
12.4494534264 14.9765007124 17.0118200974 17.992189247 16.3497395738 15.8248955115 17.7033616986 13.989415017 13.7076366517 17.2635236147 31.6276448824 38.5041504984 37.7848437805 39.4567893158 47.137022853 45.49203852 38.7972939835 39.9184176256 32.4106148664 24.4274160641 15.9797685063 19.8653537147 25.7850898315 23.1273118911 29.9436235595 26.9319140324 21.6637011783 21.9400281179 23.3153764562 29.625121472 35.2961518258 31.1160555361 23.6096259431 13.0690498013 14.8590580856 17.9300709861 18.4747009393 13.5189493462 13.2534673826 12.8934135225
-1.75248828722 -1.58645861164 3.73746895626 3.26331615292 2.99646118044 5.48770256342 7.96227993803 6.45010114567 5.67206516748 6.1039284439 0.508227288741 -17.104520502 -34.6682065506 -42.387922457 -43.7137496321 -54.3531700929 -62.0936228303 -57.0477511108 -59.4493246038 -67.3045693276 -56.879076758 -48.9025109689 -38.5797985184 -30.6238648697 -15.0374241513 -14.7653614984 -14.847450874 -12.227028413 -17.2043550233 -13.3994999591 -13.6088124895 -11.2265085844 -2.57931436474 1.75716545158 -1.30702245346 5.20236296484 6.14168529969 2.215854057 3.13502560068 -0.331467416156
4.54350275281 4.38425617184 6.98810078505 6.70962970339 8.51095865479 13.0450982507 9.23070303284 9.50075908162 14.7221517069 12.6725961521 -0.240486099977 -12.8500163346 -26.2991915678 -23.9119232624 -23.1293900697 -32.5951362255 -31.1749952569 -19.9793038468 -21.1325743436 -23.4768772972 -30.8973779553 -23.4750052292 -2.78390139884 6.28491899716 14.9181196785 19.5009572121 27.632942318 31.2814675462 31.9645613056 25.8170288523 18.2087758777 19.3911796013 13.5102489862 12.044071171 12.2562172674 10.5951471784 10.6295914587 13.1667365777 9.03656981051 3.83510333464
-0.314387464311 0.256328048344 3.68775986894 7.08270845621 6.58113910078 4.5544942986 -0.799249275698 -0.764745686625 3.57551314314 6.65930159884 -3.06158362282 -12.5827584337 -13.7281970619 -11.7627646245 -21.4315903235 -32.1152971323 -31.7902173796 -34.8173782821 -41.8724970539 -41.8213090923 -35.8503364576 -20.9470957764 -9.83563355217 -4.78900582697 -9.5102218845 -10.64561854 -9.81193599574 -5.58332471664 -2.08167498151 -8.42925224155 -8.0185039115 -0.278042760975 2.56517842648 7.81964839261 6.27401338313 -0.418854088498 3.03472518626 8.77684051139 4.83368913303 -1.27019898912
10.8774781738 8.66962655421 14.0611873073 13.5684365434 12.3902595728 12.9554806547 12.1333861924 9.4817133907 9.92665267181 13.3747461824 17.3845543129 25.874405926 29.5173476196 25.321889689 11.3088211906 10.026361532 13.2912071573 18.9218150485 25.4842220899 33.8204416855 40.5094357248 39.3529144417 38.5073102207 31.9903426028 20.6225404694 12.9907988215 15.2524975646 23.5015307081 22.4182231647 18.5769299993 17.3426847095 12.7356466893 9.69494102764 10.556484305 11.9754206438 10.5605516927 11.2182572428 13.0149892295 9.86759876253 6.87969681063
4.25927795915 0.829112244155 2.9334014786 5.25228504772 7.73482410755 5.28264618905 5.95342239481 4.75564626231 2.4722592626 7.98764158663 0.782001040665 -2.5542620858 -8.65478756017 -15.7025257006 -14.7927044791 -21.777179895 -27.0632677938 -24.7489555377 -25.3379674209 -24.7845744928 -28.5623152701 -33.6868009936 -30.4673014311 -19.0897889527 -15.4511376452 -17.3345952851 -15.7368668037 -9.37927577065 -12.2734971013 -11.9579144033 -7.99169322006 -2.00999622163 1.112903425 2.85495204811 5.58267050382 7.6510502156 10.2616026236 6.53202960497 -0.663519330888 -0.967433819078
1.17717729994 3.41092748722 11.0890864223 11.1913392656 7.08516379451 10.551133873 12.780897815 8.98901955734 7.7743317035 9.80722733732 2.30704593027 -0.564098968733 -1.22302145243 3.42221458375 8.92943226608 8.02051231999 5.46308459606 6.57807937684 2.69534094867 -1.67861868362 -8.05645129703 -10.4452870703 -9.76689260588 -6.45005598139 4.19583635951 8.52780925617 11.1494849947 16.2296742946 15.9675714836 16.6980770606 14.5308295824 12.5008383504 15.5044734669 11.0360109744 11.2536370954 8.14945074289 11.8922194896 11.6354948038 5.99214883019 6.38957388696
-5.77562897143 -3.21412391862 3.92631261299 2.93669281749 0.508667855912 1.81196998352 2.61503587059 2.46050882701 2.82787986013 3.54957445505 -0.72936048552 -6.00074022652 -11.0571508833 -14.2912626519 -8.91939382691 -16.4021079004 -13.7932253837 -1.71048326239 -3.65400968326 -7.80781724092 -13.1624573095 -21.2236565939 -23.4319587862 -18.5167074975 -14.3521509402 -14.5519785129 -11.9665536285 -7.99108471863 -4.92319531785 -1.02223623594 -4.0686999693 -4.52717860109 0.343599332065 -0.946883789637 -1.3375447989 -0.467732993542 0.302829605597 4.08217320668 3.58433182438 2.52822145532
5.78037497288 9.74278781418 11.2133839741 7.47583187084 9.47249478243 7.59629188798 6.94798237523 10.6440167711 7.2084556895 8.50647008209 -1.94919336167 -8.50168584629 -11.3915991897 -16.9965936272 -15.894231393 -9.37447841781 -5.9288615263 -4.90714896666 -5.52659230716 -7.67652848867 -5.759320893 -2.55195131202 -0.209905644569 -1.1637164698 -2.43331733481 -3.94197400341 4.2204389141 12.7846264267 14.7215935033 11.7674803875 8.47289811378 11.30936413 7.35691169936 4.47446942677 6.09081376161 7.79326769739 9.41544649319 12.2956063546 10.1674951368 5.82922766622
5.42801148955 4.73517817126 1.06859369084 -0.9594789778 0.303836794793 -0.412544281565 -2.29745405786 1.96055543673 4.73058897536 4.60855456072 -6.0562047297 -13.1909950676 -24.8332702204 -22.6072377861 -14.6756508703 -14.7337374056 -19.5480117115 -22.4112641119 -25.3494936996 -23.6656619111 -17.0002614067 -6.23722846562 -5.1226530026 -5.16643769743 -0.771391257906 -0.527856008442 -1.4986046777 1.22378047713 0.748020485173 -4.1809712915 -0.923848814069 3.45001654766 1.32761566534 -0.378520144817 3.12638843369 5.32564020097 4.75820452074 3.75342261089 4.0555481434 3.16602291125
