-203.381147111 -199.182270069 -201.050450538 -198.954536103 -195.109368258 -190.40297776 -191.987053435 -196.693248271 -199.493849578 -180.207465834 -131.713027824 -109.695569336 -106.742765205 -98.2262855863 -86.8596287597 -90.8080475631 -92.8226962693 -75.0670484967 -57.0897103215 -76.3510817032 -101.885889873 -106.871908644 -117.461375187 -126.595114596 -129.787148677 -138.776872549 -149.881852201 -151.284317754 -150.99781978 -168.451282968 -189.186929932 -200.099635792 -198.686511058 -194.00786613 -195.807861355 -195.847920925
36.3802877869 38.899659338 38.4219971991 38.6807291816 39.6039810063 41.3922217776 44.3012312906 40.0088655491 34.9930499776 47.3647869554 86.0102987665 103.04157629 97.1994575859 89.7394219099 90.699685129 91.6007288168 90.4712410893 101.242801327 61.5377517716 10.3598951085 -27.7701461764 -43.8601180325 -47.231264735 -48.7751213906 -39.3534858149 -32.929811133 -27.4050374256 -11.1922159842 6.80239692656 23.8904536547 38.5097301937 39.2819280104 40.0802722724 39.8884196868 35.9156780318 34.2491042631
3.52499842047 2.50316393032 5.70754174523 3.40940418077 2.8914847116 7.05634551479 7.11871935019 7.22727069661 4.49695876921 7.48998035155 12.3878103573 1.58452237391 -6.86070904316 -9.97268233748 -0.686353864728 5.4303125496 6.54232099398 21.6415707775 37.853555637 46.9220711991 48.7822659817 51.7821583984 53.5973009731 52.4396959591 48.4136101423 40.4106898996 36.9192334755 38.2415539088 29.7413923087 11.497613677 5.25122589178 7.50022531405 3.34306371351 2.97846102775 3.65998266428 -1.59952426354
9.04641018697 11.6634757206 16.9510135498 20.7996736069 18.0846370611 17.9293120606 14.732357514 17.2238033153 18.0061761613 23.5184604657 20.8286968673 6.74934556945 1.86359137906 8.33976846303 7.16723109435 12.5617207369 8.91351989578 5.46794109097 10.2491049092 21.1704216019 15.241895054 10.8649295937 6.1105973904 8.57168124957 5.42719713003 -0.552702281518 5.4952771102 11.3403057524 14.8640539063 21.2431329115 15.7442391425 18.1259921917 16.3413617225 16.6401333019 20.844899267 13.9885300892
3.19033991677 5.7597488373 7.51160097747 11.8449339866 10.1045129098 4.66198465071 2.21781260047 3.49025486057 2.62214868556 5.41337441389 -0.580103010179 -7.35253889625 -13.3182194549 -30.7407107602 -45.6337497004 -42.5974875881 -39.2549663559 -44.9206550155 -30.9115714553 -11.3586937311 -6.45410243503 -11.2137502341 -12.2683930582 -6.20194222794 -2.5137828585 -2.86958672009 -6.17272640165 -2.96201922252 -8.28193789524 -9.94378409905 -1.79824522483 7.01915476763 4.4579662059 1.57607747224 4.34174175315 6.21979878491
8.64369268788 10.7261599836 16.2782589054 17.2664362431 13.4608193371 6.63278661083 6.1628716633 11.0622018916 10.4290599712 11.1243497367 5.07362044808 -3.606950152 -15.8048718796 -27.4488437012 -30.7577701139 -31.9847349702 -18.0825566984 -6.20048616102 12.4774357017 23.2926240442 34.8954529668 33.9795302726 27.7628245063 30.0827857188 29.8651638136 29.3969196067 24.6387719145 26.004114632 21.2458797537 16.7553694068 17.5677540863 17.4865947303 11.3203884894 12.6032807339 16.1002584309 14.472768987
-0.278754638876 1.83091068065 7.97387821434 7.83944418783 5.85858612902 4.04765104651 3.7453746178 2.36403940514 3.61666794289 8.31816373068 5.22871550788 0.462131557591 3.92061255953 12.5196282325 11.6451375025 7.49701743804 12.8095196547 10.6371749645 9.18592559556 6.41811250711 4.47730471313 3.56234383179 -2.90607270302 -6.34794205316 -4.26868065669 -4.88416143246 -16.6954622054 -18.6644980788 -16.7094978076 -10.9263543146 2.01911911534 4.50313884825 0.880045263959 3.1216675174 2.55465632503 0.624174726731
7.43016312558 7.39812280202 12.6461836265 14.101725481 12.3682964848 13.5343535495 9.89987301139 4.79262792312 7.61796334955 16.5213645342 18.4492249356 19.5261759576 23.0668048162 19.9789875481 16.4676900356 13.6484950099 13.3134940967 13.9536724274 8.83667550736 3.10890307322 10.9134860152 11.44392944 9.31191184297 9.12039319634 16.237394265 17.998327229 17.5732984625 18.4528906245 13.917676801 8.26416021429 10.6681261113 11.5933362276 11.3913682704 9.31630913279 9.29801045401 7.11108821157
0.947832987439 4.19690825207 4.82310767106 2.96629546968 0.800095768157 4.27334035994 1.31535044886 0.140277371969 1.52499729204 5.70791484733 -1.95827175949 -5.12003552675 -10.4485469667 -16.3762616508 -13.927986789 -3.9438383501 -3.12660487739 -6.25049114823 -2.1512544664 1.31128696241 8.98694626503 7.82942196941 7.15638502525 5.224633871 -0.125878806844 -1.98755512236 -2.70824573465 -1.19690681871 4.327607335 5.82118529008 4.4052599899 0.0526500243655 0.998231967656 2.99332618242 2.35685548315 1.16320167127
9.86519730979 10.5471334384 9.15465745569 7.21264543417 8.23424438335 8.19892846564 8.74402615727 12.2654939133 13.5089923395 14.0584145154 -0.72866946995 -8.7471197479 -10.2738597687 -1.63394379504 9.42861214199 15.7619845551 6.15322444909 -0.571998896561 4.67636460607 8.93764773906 5.33150868437 4.41849114872 3.24387424143 4.59337565021 3.56984041869 3.44639122881 1.42746433004 8.74682368764 13.4243192129 11.7037375577 7.50998296671 7.88615405618 6.62204327941 6.3968010212 5.36800967278 5.24534431035
3.93715702595 0.475918979377 -3.55806536613 2.42013264349 1.4845630258 0.455708049565 5.87648517208 4.41950291526 4.48643136057 7.82064461465 2.9343279256 -2.37810102841 -7.30211907677 -9.98016723771 -9.02129486788 -11.2211337752 -22.5365892245 -21.6240254508 -7.74350001663 -3.62325777194 -4.30243555264 -0.0316283984228 -4.58517518099 -2.22124055665 2.39182301463 -2.23979458267 -6.72149325484 -5.39201259815 -1.66933568376 4.58503337273 -1.98564824641 1.2116958832 4.22362731644 4.72767718882 4.14129658079 3.97818443879
11.7476343504 6.93319783235 0.001035369613 5.29219924401 4.72423326655 1.47545050104 6.50447242061 2.93999901816 1.43216338768 5.45465555353 5.1364926075 4.97245321634 -6.40584370962 -15.8327138555 -18.6891540481 -18.3879237267 -9.14836099092 -4.54225655084 -12.2381761317 -11.3129283312 -3.08989881245 5.86085778871 9.01445909423 5.55747613357 3.71505141177 3.59303943055 4.6321248914 7.31987337577 8.85107140093 12.270741335 6.62252204103 2.86134917648 7.42350568864 14.0331074222 14.4959937374 13.3279814328
2.19038131492 2.02077708028 -1.42755892833 -3.65836369574 -1.83873364186 -2.00105785424 0.816379739694 -4.55920286008 -2.92990183367 4.97297988725 3.60465606164 -1.66113899072 -2.14909252349 2.05487988274 -8.36193647156 -16.9677925151 -8.52692869171 -11.2557937731 -13.2952544271 -11.8389570304 -9.93990941751 -4.28924853509 0.740505926649 -1.30660583362 -1.7037356806 0.337336252222 0.163414783301 5.24950024756 5.19719887218 3.89491263692 3.48897335655 0.254330010321 2.50655741095 4.11753943405 7.21408457491 4.05550831826
