-167.370802019 -163.570783681 -164.58746372 -160.909401956 -154.491360374 -157.441902493 -160.047807884 -162.545046631 -159.982946395 -126.579563969 -90.9044561477 -78.520752187 -71.1084389718 -63.8051251694 -71.4283301234 -78.9002695822 -71.5396783375 -63.0486869286 -64.4799477755 -75.2491151519 -87.2073387893 -92.7034753242 -95.8011928722 -103.470317294 -105.026410244 -99.2056858243 -97.5044437973 -102.606145251 -127.32994318 -152.416543631 -161.514897766 -168.694816662 -167.703216822 -162.910043987 -158.157155535 -164.130439999 -176.389805095
39.5043885119 39.4083426013 40.0205330211 42.9194706791 46.4587396032 42.001554421 47.9046293428 46.1945244333 46.3757551768 47.5091170009 70.2856242373 82.2315931915 79.2038223233 79.0485178543 70.7388422008 66.7598614456 73.3913748948 67.2808844866 40.6594685427 16.9164823396 -1.94920946027 -14.5871761216 -18.008488453 -23.2300158402 -23.1321226171 -19.3671267843 -9.02414453673 13.238524212 35.2255336313 44.2067904935 43.9367881606 39.4515670194 41.9786315216 49.8098001704 50.9809360096 46.8473918311 42.2999981675
6.31786839026 3.66543310836 6.78224769097 8.11741383095 2.98587525237 3.25172731599 10.3811063203 9.76617944727 9.10867748404 2.09542767408 5.7538510453 5.90824331887 2.54803431663 8.04842139393 10.3954874565 14.393765916 14.6990197157 12.3150500178 23.1963249535 31.7093339411 34.8273744472 36.2858050019 36.770713401 31.5940291298 30.6242886054 25.9278932202 25.8839888751 26.1633090382 9.20245016223 2.79023346406 4.1215215819 4.68970114875 7.54027105685 10.6435788312 8.8370582804 8.7510503959 11.5887347979
23.443047908 23.5773028857 27.0701902882 32.5750598805 26.9661685674 23.6347738782 25.9960198187 26.7518874187 26.1663197154 36.0435666395 40.64217969 42.8650619595 45.3018566824 43.4637870909 42.4409820069 37.340355191 33.2797603246 42.1294826355 43.0550411377 43.9984357742 46.8213949875 41.3565122903 36.5118001933 30.2561174388 27.4812427715 30.3593434189 35.3270354307 40.3210120231 32.5773813909 24.0536288779 19.0777375958 17.5858166435 26.177847686 21.5856097109 15.5863907763 18.3930344539 21.0628661783
5.8644055507 -0.0641366802291 -0.593223100071 1.42299474613 1.06757565193 -2.57627330905 -1.92585003059 5.50228564086 4.79435761979 0.000149530819422 -3.82603083644 -12.796379315 -20.8662858226 -29.7196557153 -23.337938949 -22.0631686023 -26.3485394003 -23.444673376 -19.2719356702 -14.0890245 -12.6121027815 -15.0616651558 -13.1677327565 -14.8472276284 -14.2487959321 -16.9289509515 -22.465575225 -16.1321523538 -5.38335097985 6.52363924397 6.74714240568 7.11400656789 12.272113164 10.2084702034 3.39664817812 8.33162965214 10.7487625932
10.7431311421 9.19680026714 7.77761577186 4.46153961798 8.09847297258 11.0585057569 10.562448105 12.4464218105 9.40363870584 11.0543208846 8.30748094561 -4.15355524551 -14.4100028677 -17.167726795 -12.5287129317 -3.07897373551 5.35426036586 10.5719562094 25.0785477465 26.1638991111 26.4244120342 27.0198414653 27.8833134962 26.408020613 32.6501533531 31.8986812423 29.304817686 28.20235111 25.2738788269 19.2666905563 15.9500217953 12.852901658 13.1708477566 16.3536776957 13.8733733156 18.0093413796 18.2568381025
7.86707281527 11.1677481601 9.21278984926 2.26060577832 11.6824622014 13.8217651763 10.6886554357 10.4816226701 7.99500189092 11.6125643781 13.3317998008 22.9616423448 25.9727498334 16.1154399974 12.1483010232 15.8954683838 15.0919993219 12.847450542 4.55589330397 -1.0799448165 -3.90742154887 -4.95072229357 -5.97328455768 -8.94641569101 -6.01634867057 -6.07606593636 -2.19071197303 2.26992224725 6.49588178666 6.41059157906 8.90198026682 7.70571906976 2.91309189882 3.94413973022 2.26637682431 9.35546581824 12.0572724333
0.403574066265 5.23984418485 7.80632998273 2.24836793082 3.97424229799 5.09903689188 6.13893266083 8.5635587661 7.69021573291 8.0941594003 7.87179041168 12.1738723141 6.01366822604 0.0232833129003 7.29730653254 13.9637441297 6.23690626041 0.22951264834 3.78486830265 5.57741030058 7.13297658937 8.565337148 7.61071030239 7.23210741613 6.61602409495 5.00466205129 5.32657649821 4.45446890135 5.76090975783 8.4176025821 9.94596628152 12.7595573006 10.007769024 13.6111790775 9.7568271881 10.7840262435 12.5714577718
-6.88030827987 -1.07703130466 3.17443424335 3.62504866425 4.05670014804 2.8505488647 4.77358041295 5.75121526967 8.5346033707 -0.912218297137 -13.5013354831 -14.601916312 -12.6699029899 -16.1432294401 -15.2042000502 -11.0741168331 -10.8970900872 -18.5535108289 -17.5817221727 -3.2068929865 8.00521132654 12.7361175403 13.1816169662 9.51608465929 9.66209992654 8.29813856742 9.84489825157 11.9956367913 9.42963668546 7.39226585046 4.75557592971 3.32461510202 1.56499433461 4.42311465159 4.5499792946 1.68421271359 -1.52569519497
8.53669379044 11.2853526086 10.7661260328 12.8754218289 12.6437098034 11.1981935338 13.2806946191 13.8058791345 15.1071076851 2.20096685031 -9.31568416854 -12.0033441491 -9.52368680458 -6.96881624613 0.0443852887782 4.41862637349 1.04696743646 -2.51317183676 -1.2113772953 -2.37607803949 -0.23888255743 3.74801037507 1.80529575078 -1.03066673684 4.28509753449 8.59859835907 9.35245569341 8.01432427365 7.39170720365 11.6872731509 10.6521759172 12.587733467 10.9850916659 7.30010333033 8.52931969319 10.8120553178 9.66135953431
-4.54078895318 -3.08955112617 -2.6369810184 -4.49853786896 -1.60369973025 -4.8096621116 -6.08775818877 -6.45823631757 -7.77132749446 -2.30788029973 -8.91872435945 -14.0922838445 -13.2425365166 -14.8688475293 -14.1060576332 -14.9721731415 -14.4748386046 -8.21994253493 -8.76589407787 -15.9414026118 -11.7394247046 -0.405108082836 -0.67799470072 -2.85141777122 -2.9255131446 -1.3853436726 -2.73448374175 -4.15198649639 -3.58736577202 1.68056990353 4.39469091143 4.268352211 4.3847974818 1.85946723141 0.763555946071 -0.461171608501 -0.765755458372
4.71148260865 7.08062960709 9.49156599467 4.8207593624 8.24470615963 9.5485954747 5.88459730357 3.61195050006 -0.212300190404 12.458064959 3.48233716006 -2.48473176412 1.83319144262 2.99736636583 7.45161900212 10.5550230995 13.0552844694 7.85963344773 1.91698320624 3.38734600347 7.44487403722 9.93907833437 8.93405356913 10.5241377131 9.02811075777 13.5699881576 19.7196409632 20.1463569078 8.59664825273 4.97365699303 10.5264994179 6.41806925427 7.86672424738 8.87335610609 12.4377460407 8.93553180919 7.66638023944
6.12005415609 6.00552903251 3.61026786988 5.27421526093 9.85571544086 9.76918536575 4.57135081616 1.03123771388 4.67451003064 2.36955942116 -8.65778217591 -16.0730252369 -19.9164241445 -21.8984088582 -15.9250936956 -10.3317096768 -11.9396977603 -13.6030260275 -7.32610324413 -5.23861697383 -5.10205399399 -0.274166777078 -0.713625589809 -2.41270461164 -5.34492303141 -6.31308232612 -2.42618479967 -0.561839731359 -0.124185801473 0.212954449543 4.24420566853 3.26641446841 3.68021032901 3.18772039321 1.86756701878 -1.79865622806 -1.72906093752
