-172.406289928 -171.658756185 -172.899774104 -171.08034444 -169.499845965 -165.389972232 -168.259798324 -169.677329374 -165.605511775 -143.835182619 -92.2896109117 -67.8696699881 -70.0096288256 -71.8283575994 -75.52755884 -93.2251642869 -100.451896014 -90.0070922428 -91.6882464883 -96.1610262934 -99.4223736888 -95.7091770598 -91.9504966077 -90.5288973155 -95.1485630403 -107.02566911 -112.430677994 -113.635211745 -111.393480666 -122.591663421 -149.650131778 -160.738924636 -165.062015939 -170.195771239 -174.79775809
36.4533462673 39.0792581668 42.2623257201 43.1607504025 41.1469997212 42.6820447765 42.919989798 41.9227589974 41.5987864696 51.0860009822 94.9843528985 111.28071243 102.238065528 96.9728711423 93.250710221 81.981264134 75.0050714507 77.4447039166 78.1830966166 69.9439036097 31.4951743819 -0.434354232025 -14.6428560323 -18.7888832183 -16.1066783676 -18.5709531443 -11.3540162958 -6.89304183321 -4.97654095719 12.2341957286 33.0141977854 40.7743743827 41.1550133913 40.9264226526 40.4572238502
7.82697825188 8.00910448791 8.26924387251 7.07683803525 6.99218359673 6.94276489255 11.5901385057 10.7346490599 6.47226395707 0.476804153462 10.9223692908 4.02684174049 -4.59401694503 -1.32257124474 -0.138483671444 2.53787904817 -1.75365061488 -5.84547718317 -4.71115814617 -1.7728507444 7.58291955729 14.1164795104 21.4977199096 23.5469160345 21.686148464 17.6341475074 17.7808516073 13.4516208522 10.3771008948 5.28934069096 4.27734295252 3.98557222598 3.15858420959 4.7681560745 10.2140409683
17.2943287881 21.4518861367 19.1355528773 11.5207873113 15.0649699213 19.0244647505 22.7891174958 23.5362743063 17.7876326116 14.7265208562 15.699252595 10.4219247848 13.6076270575 17.8259452701 17.0288704344 15.6124388549 14.3065881388 12.4852046847 13.5106850618 24.3967010201 34.6534941046 30.3103624414 19.4449257069 19.9191494521 18.8171787187 21.0654603331 26.7500003428 26.2545242767 28.1419447928 33.6016969513 24.6338576294 16.9890211654 17.2459320138 14.2298910133 19.687347427
8.13277412049 8.29307085331 7.66443762849 3.14332755806 3.05103729032 3.24379400277 2.30599947323 6.13705078799 0.0283135038752 -2.42078997096 -13.0475263265 -20.3592599908 -19.2884531772 -20.1666358443 -29.6402177017 -34.9658669607 -34.9723559898 -38.181009041 -28.2553565718 -16.7868895959 -12.2652580169 -8.56017337855 -11.5187488767 -10.7624284434 -9.01578376173 -5.55808141572 -2.0703264783 -4.9649306166 -8.68860176903 -4.35448084392 -3.116136428 -4.48138260348 -0.075911350757 -0.470629817428 3.07453166502
13.2795921388 11.6856646224 12.4439800884 13.0749346518 9.3520314952 9.80496619436 6.67069634835 8.73382856715 8.13270124943 13.1546181685 -4.7063718121 -22.8288219872 -24.5768020729 -25.1968445342 -24.6711448122 -18.5868832836 -13.6206663009 -7.54218744362 2.56016117367 5.01073797799 11.8082340589 13.1192432985 15.0830805594 19.8022965462 28.0284369042 24.2987292036 23.8342153911 24.4215616138 25.2449473288 21.9037050998 14.0481001361 11.4561951098 9.60323365384 8.95710932403 11.397729542
4.75101767756 3.33584264514 4.80089328999 6.28190231407 3.32324941411 1.86398972311 0.955698183741 0.884836923312 0.958805890875 2.01193308066 -8.07898138036 -5.05340985815 2.25900258556 0.259455959582 1.94563176567 4.01093211936 11.7966225392 22.0979865051 15.6812067749 9.39930771646 -3.58725844596 -7.62200292797 -10.0894411183 -9.54361855583 -4.93039418483 -6.88459448641 -6.84725593848 -5.59068411627 -1.14380659163 -1.00094009774 0.274027287442 0.557268562181 2.90127589776 6.36114868661 6.87714694684
15.6620857449 11.7006862081 7.44836183331 8.3011679638 9.32276589555 10.6189432491 10.8676830301 7.48198157789 8.89456157276 7.80814216448 4.49779287048 12.0873550309 18.8103487633 21.9862430084 17.340809811 6.94378626824 2.1616985685 0.400698421576 -4.57898346375 -5.9354609221 1.95846439965 9.81369493675 16.0280490573 21.6412004509 20.4667886844 18.4902270988 17.7902698005 16.6010943651 20.0852023504 18.4157350404 14.5211726643 9.36735883077 11.7763506887 12.8718640731 15.0420395347
9.47672956023 4.37417508915 0.904831512642 1.05677182686 -1.49756098331 4.32532163487 3.75485262046 -2.12364004609 -1.03859156867 -5.96723491403 -18.975851178 -23.7752935873 -19.287588866 -18.3901571198 -10.5332224841 -6.68029504274 -7.37966905211 -10.0648254468 -15.4567939738 -9.6559662575 -3.95471967837 2.47111316574 5.16466308702 5.78549987418 3.9051412738 3.60451995881 3.20989174959 4.56106304595 2.77503482754 1.39120008484 6.04029904127 8.75793479013 6.74036289678 1.97546449308 3.54653669763
12.5052203499 12.285378032 5.83066450837 7.08162868133 9.15700435794 8.38345579633 8.46815889373 8.37156811163 11.0568463032 1.97202236634 -14.8646321328 -28.3713212014 -24.2313827129 -19.7467281586 -7.59672943482 -4.32874712487 -3.16904033791 -6.62826958353 -9.38473021838 5.82035952485 8.54831109785 0.724582179748 -0.125028168831 2.77774242423 8.17611719003 5.28284139338 5.2094485787 12.8293107419 3.93946801076 -1.49438940641 3.37925166362 11.4937357367 12.0238968442 10.8858658109 8.62436966315
4.07864110839 3.91749044845 3.81792267308 3.2545926756 5.11382112335 5.01541057971 3.68916991193 6.61731607409 6.10151133273 3.11972662643 -5.90843907359 -7.37451790713 -3.75297615679 -2.73745160537 -4.71016237733 -11.3561600988 -14.1999906903 -17.9944607999 -12.9186396351 -4.83605433589 -8.57473239112 -10.2317920373 -3.54410707206 0.305051752196 1.62130431711 -0.901843566823 -0.738014645922 1.97027401648 2.07276919438 1.68161645694 1.78099138021 3.06581881792 0.870579726262 1.4143989299 1.66735638888
6.76991544441 6.21431479965 5.56267461208 4.58483382843 4.37235387532 12.1863610826 7.15555966035 9.11810852489 10.8317848138 8.66533730202 4.27226209294 8.85379632334 8.61475811436 7.94738330436 2.51642421312 1.82146168285 8.55039017187 10.4903013248 6.5589162419 1.8925702754 -4.34129874043 -3.00839307372 1.39569220367 4.6943696071 3.114719454 -2.79209017876 -2.17346781269 -1.53370805912 0.945493616826 3.99850426733 6.4526356671 4.19965259915 4.5458980849 3.96514452591 6.09708100564
3.75563130727 1.88322142927 2.2931775506 -1.15992003879 -3.82943176791 2.9712473245 -1.51842012541 -2.4462466789 1.58956791181 6.74828021518 1.2570035275 -4.30691979705 -2.07455450054 4.31347399935 0.381534033854 6.99578126914 9.75502600256 9.22205617447 5.75032329553 5.43256441167 10.6150540571 10.1215711595 6.62216923815 5.65509939156 2.76948344652 2.26240912217 3.8968801739 2.87390580932 6.91605980856 7.99635265623 4.81287747088 -0.992418556643 -2.89512732926 -2.84481149497 1.10186774354
