-147.519856044 -140.402281707 -136.296449402 -135.665954383 -131.181708723 -129.299099272 -138.811895001 -134.911855179 -122.825009191 -103.2350064 -83.7239308504 -82.8820411832 -91.3808398224 -97.5232477542 -97.6314852236 -89.6438553671 -82.2663933552 -91.8015990789 -110.023099904 -118.927871464 -127.566052164 -129.346422527 -126.952565078 -82.0358270973 -43.9650227059 -28.5064377611 -19.6996803519 -29.1023466838 -46.224127973 -59.6754713767 -70.989691895 -89.7167215448 -106.574951774 -116.282655511 -123.219773508 -130.489082402 -134.085076305 -128.836310891 -126.459555663 -130.486651009 -125.420313594 -122.914802093
38.4193793009 39.656585267 41.2575608663 43.6309548021 46.8036780974 47.2352957296 43.7775231917 46.051837759 48.4880373285 62.0811290049 93.9815638227 99.8801847567 92.2869715794 84.014656235 81.9207318744 85.8422251182 85.6294106255 82.738047979 70.4048666602 62.1782263437 51.2621190145 49.288615415 43.6939223588 74.6612629968 103.350183366 111.517611192 103.397125236 95.3812475756 92.688592092 95.9875117839 94.554562068 87.082153814 69.6396077559 59.3898259229 53.170334536 48.501655489 46.722781168 48.6566448501 49.0192619285 45.0636756954 45.5884794909 42.1850607035
6.54016756626 9.36474049709 10.688572856 10.4832445392 12.437719772 12.4626977575 12.3307418991 10.4039878511 10.2677236411 18.0262626778 35.7687528111 38.4247502219 31.9778430132 29.5277864491 31.0590948202 23.0198925294 15.2614999949 20.7988236851 24.1164638379 19.7107546415 14.3641636516 11.9752091822 10.7863867658 23.0100565677 7.3423729895 -9.72686690729 -21.1778110247 -19.7686068132 -12.7653979449 -1.79398360167 10.089326128 20.9723707505 19.109998066 14.2850197066 12.8210721501 14.0144604694 15.8713133883 11.6849995473 9.09008992585 6.64262749121 8.10500308303 8.07527266508
12.6000970509 17.6604941654 20.2159823563 21.4732796785 22.7795111847 23.2785644797 20.9508963855 20.0244386902 25.7940197329 30.5496429773 31.5267199683 29.308791515 24.9897410902 26.5052398168 30.0440498162 20.4088846011 17.3020045531 21.3253587091 24.5921218348 24.7099260042 23.9576296742 24.848564123 22.785897971 23.6918017189 10.0982345996 1.19734751665 3.60850446239 7.55525178622 6.32605002175 1.56521703261 4.91474397791 15.3132940453 21.2615571363 21.0645161778 20.70116098 24.0381915388 21.6254517795 17.3593240923 21.8635852445 22.8644907113 19.8793916083 23.3870451279
2.85514290223 3.09575882198 8.03504591959 11.7839383523 10.1345411645 6.12051836865 9.03085132715 11.1106141383 8.70839535022 7.13838385643 2.22090968811 -1.72453560061 -0.229169319787 2.30001267174 3.78816598796 2.68054206111 3.91231897167 5.9219346301 7.76390880483 12.8574258208 13.0178936379 14.0040044873 10.7000489105 1.57936492735 1.67090060035 0.179579936489 -6.76262530485 -12.6762412839 -14.7262815373 -12.8766135777 -12.4990620716 -7.64642588244 0.397026209021 9.78525958524 10.192735423 9.47485426109 8.25583022704 5.97977815552 8.44257483935 11.6043563712 6.40915312496 4.25093762842
6.66693453316 11.1120365416 19.4637854752 19.385352191 13.903899525 13.286529591 18.0746692469 15.6255484821 11.1588340047 7.33134751566 -1.86536761299 -9.13754432115 -6.31632927632 -3.49462205206 -0.790881248504 4.04663565969 9.45997163077 13.8761570535 15.6942102588 19.2325247368 18.151940389 13.8175740443 18.4169739452 10.201415495 3.36437534823 4.97709066123 2.51031132305 -4.79713949626 -1.5342761728 7.76250656288 9.45432845152 7.29587894074 14.3971229515 20.6673068026 17.3300298091 19.0980837661 18.0407324824 13.8623662297 15.934630257 16.7034157827 19.8544815873 20.1299858609
-0.104097928146 7.58519967953 13.0975429907 13.2985644823 10.6376629413 9.76899784015 13.3781782035 12.0550198004 6.46686110365 -6.70439444281 -17.8109228311 -16.9700401758 -11.934835758 -12.2885740758 -6.87001399525 -0.860584641314 -2.57693794564 -3.80019901493 -0.0185128111285 6.4533009555 7.77237015289 6.02761190701 2.26841503752 -22.1134713031 -28.077851474 -20.7676840762 -10.9900728017 -3.75382108325 -1.75138352124 0.192584758699 2.34646971147 3.27694711475 10.6511325202 10.904534547 6.4363038853 8.26415872956 11.217760677 9.99867170424 12.4798801242 10.2488666351 7.32750336798 7.59922339282
13.8066461413 14.7918408116 13.9950654384 14.8996786978 15.756292852 11.7420832479 13.089290194 17.6744013006 15.0101537632 3.88529822341 -6.65514224423 -5.75795189555 1.05259692176 -1.67279725382 3.3985950426 3.26317388027 -5.16424615216 -8.4066346144 -1.28792834288 10.4597494605 12.8455171722 14.0497655579 9.43082198567 -13.4855315687 -24.5642538354 -22.9463990765 -14.6683828021 -9.81368602663 -7.73819160589 -4.26248192936 -1.60365781595 8.17770811061 17.4918460715 14.2606381604 9.01270980832 15.4734176492 21.5761736577 20.8219708121 16.3308971054 13.9279953617 8.73639225289 7.92166707777
4.74579882504 6.70709785502 4.24275804567 1.83018922427 2.16512666653 3.81605835318 1.70774689612 2.51278297799 1.72791445667 -2.69752082611 -9.47169908917 -10.6438911389 -2.58799248191 -2.254128162 -5.66085334766 -13.1421619094 -15.8077255094 -15.4099380038 -5.34554976931 6.2089544613 8.07967303988 7.6652108656 7.33586819598 -10.7796274556 -15.5969866637 -14.6416614603 -8.88313983763 -7.62163211314 -5.38345288423 -4.68889489019 -4.71076169184 2.82092439268 6.49365946041 5.98463076352 4.70402097653 10.3366386109 12.7459043751 10.9894177902 9.68591123557 9.17796061647 12.4634670193 13.1626102629
8.76856502964 9.94802148528 7.26373568329 4.28084467711 11.1398149383 15.4526804025 11.3160037809 11.4819521673 8.76832564916 3.41705942666 -1.39659681404 -3.20987975366 3.16226593218 5.00908752966 1.09722710169 -2.91706046818 -2.04590657416 0.718003297971 4.4504253315 10.1293811099 11.3373460653 12.353446882 14.3481106624 12.0173842885 15.5843750518 15.7055067005 17.757746057 17.4406458121 15.6867296694 14.406777202 13.8893379376 15.7975275943 9.89987332477 10.3978253583 15.8322902887 14.1788057582 11.7959055311 10.7349376726 13.5955044814 16.1871504994 14.0411186245 11.6769810461
5.1452234841 2.06676133695 2.26307039488 2.59774322568 6.75478533233 10.1449317372 8.25264343018 7.0772280492 6.43700258863 2.61715481132 -2.32554882314 -1.17180284626 0.559249280667 -0.158800199973 -0.917657136599 -4.91796348963 -1.88092133953 2.87867457151 4.39913659866 1.92528930535 0.891296247449 4.66473262213 4.81181896747 9.40461126099 12.4304262967 13.2626715169 11.0038050274 10.2375268874 12.0542778948 12.4582293642 9.82476964375 7.47717908729 -1.08464935203 -0.674019907242 3.51485167417 2.37668244738 3.67903219305 1.84186414606 0.877095625699 4.08156592183 0.503746094423 1.30233450618
6.73662665751 8.16991340842 12.1960330731 11.1990747535 9.74629582066 12.3064732771 12.3535467035 9.47686908013 9.98816257212 7.55185940226 8.98546842077 13.5835294708 8.29414785926 3.25303944612 6.23660294472 5.2029305907 6.40091211906 6.95978482846 7.14910722785 7.80031281199 5.13033079683 9.41263558192 8.77297244686 9.40958940201 9.33289752986 12.6514948626 15.8413100622 18.8312932799 20.2208808144 16.9453729114 15.6417611303 11.5975474535 4.17351291674 0.420839254456 6.5033842916 12.6885297665 7.50340071467 4.70958526942 3.71630934387 5.5094310434 8.06226140167 9.03648085838
4.28667715677 4.11244341012 5.53685758897 7.84121865097 4.03997947233 4.06692099677 4.35668039764 2.88281705535 2.60419588771 1.98962365648 4.61644831507 1.49023347042 -0.552290064886 -1.91855074041 1.47356952429 -0.454670427296 -6.5702729383 -4.22469500315 -1.90206316888 -1.06338820838 -3.43032046246 1.4685800736 4.57941402783 6.77723188135 4.05098901097 -1.53076807365 -9.72691529216 -10.5802602324 -7.78371246679 -7.1648381685 -3.53700840917 -3.05828545813 -5.30587886954 -3.55607514057 -0.622878378028 4.59198592453 -1.57123105134 -0.527940435099 0.26644450875 3.34632282906 1.24487564763 1.05265486362
