-129.669416036 -124.844766176 -128.876893286 -131.90616957 -131.140671936 -131.968351155 -130.014923573 -128.725802569 -126.143087958 -114.4374721 -103.360169505 -97.9421517477 -100.012814486 -94.3723787249 -87.8351131277 -73.6381723804 -68.7660453182 -91.3928271863 -113.664018651 -122.95027581 -93.6878109401 -64.3091464397 -54.2974396098 -45.7127506443 -55.2954922241 -73.6961720067 -86.560618315 -90.9758489871 -97.4708380968 -113.445471885 -122.176865738 -126.613630055 -128.690374266 -128.789380287 -127.45306004 -131.984197102 -139.232917611
46.4306155904 49.2830340296 44.6325386073 45.1039498781 43.5923070493 41.0479817447 40.5055751868 40.2584566736 42.0141537317 54.252445393 73.4615245087 73.7477380466 72.2658363464 79.50909556 81.3322722805 82.9609603366 87.3036914744 78.6276543855 60.5094182557 52.4732205925 36.7949855268 43.7521480914 71.7100771189 83.398897225 80.5260681567 82.967431136 74.647550336 74.3609268088 75.2697895064 61.3750075192 50.9934841623 48.0508954838 41.6069008492 40.0616173024 47.0807522493 43.1269253113 36.8452476862
11.3086262924 5.77342569772 6.54211334002 11.0630437621 8.6338821276 5.93353439529 1.91800392506 1.59908014961 8.11538404284 15.6155150123 24.3048608742 25.6978371564 26.0170000829 29.5046580867 27.1293171287 14.7518966998 17.9669025047 26.0035763916 21.5207041963 13.6553584612 5.46152797072 10.6413732322 12.4407224256 8.89114902252 7.57075933185 9.59766922844 10.6285658716 12.9302289679 12.7638609357 11.8780092954 11.1883520381 9.23897436727 4.43786182025 9.71346152411 13.7087858907 11.9059833581 9.23974295157
19.3511210128 13.6322978237 16.709701055 18.9646385193 15.7234537046 13.774830434 16.0510518256 18.5558560563 18.1415055134 21.6095203082 24.5413904133 22.8242548402 22.6979921242 24.0104710067 21.5066696039 17.4336103958 21.3422792743 25.7463132509 25.1158527663 19.7544680657 24.3523376223 25.4479225959 19.088859008 11.4668948011 10.8647439647 6.62889798039 4.81048992254 7.80019911621 8.13523933283 14.0021365024 20.3484915199 19.1516359409 17.4131874187 26.1725986403 22.0479951957 16.5590059438 16.3733375616
9.82059070235 6.03310314358 7.6814077784 6.82344378404 6.00002961499 4.304192775 4.18277621072 6.26920491071 5.8620067652 6.78546426319 3.88527636897 -0.726526105049 1.43272874136 -4.37339083823 -11.792511588 -7.38939879177 0.473275202012 8.84573051144 11.6648218631 9.49560814199 2.63756592001 -5.85149673502 -10.7130266616 -16.1396855421 -10.4362600443 -2.05537821009 -7.36927724555 -6.02387758303 -2.58790559246 3.55441064855 8.44584617187 5.29313388989 3.26462088072 6.00389206837 5.89398254041 5.50084977496 5.18714648402
19.3789173242 19.1557601038 17.5161865632 13.2099153081 14.3179175192 13.8217140478 13.9061510245 17.3388997521 15.6730474885 12.7336464227 0.64774212735 -5.34603048399 -0.613143848629 -7.09048607539 -5.84683054552 7.52513306919 7.60077745101 9.65289663693 14.6391048532 10.5868574594 25.754616725 21.4910438781 7.96247874737 9.16468184318 11.8641954053 10.9713083654 11.2612428675 6.92926462913 3.59169687251 6.28188235462 18.2980304115 19.4517008476 15.5001282201 10.3984320091 9.11476591298 12.4761097338 9.45333332963
3.8800782223 8.57485918162 10.2456544263 4.5985808997 4.64716069476 3.91070309341 1.36314250408 2.33128544762 1.89347582521 -3.31133106471 -14.0681579533 -14.4456153005 -11.8699034626 -19.4639207778 -12.3099425446 -1.83549552437 -11.1398446463 -9.63607027376 -2.46404665151 -1.90938884482 -7.61453645257 -14.7430574776 -14.2705523967 -4.82845650728 -3.32796523731 -3.33104774611 3.56414896872 0.869062135722 -0.405615112963 -0.729359503678 3.78513879069 6.75459433604 6.31255587819 4.6918462371 2.88069967169 0.355140360601 1.82185782787
11.644076895 13.663757416 15.5823461923 11.4865313184 9.98135511556 8.69041778741 9.5755575009 7.64963265498 7.8509882409 8.04577523092 -2.01891266539 -1.34896675242 -1.76162571425 -11.5984813412 -8.30564277756 -1.30821726425 -10.2406844678 -9.01696727656 -2.99891260621 1.55181952185 1.1001736402 1.43534586222 -9.06027958607 -17.6427086635 -12.3789532368 -7.97129288713 -0.791487448084 4.45327911497 4.93707119403 4.86832074212 4.17892641066 3.53316601968 7.74266771312 10.7780604191 11.733867897 8.36788985891 11.5258887535
4.98002755486 5.32531580398 3.92067753961 2.52063977568 2.01046935464 6.39565700979 7.76990171949 2.6138130621 1.51449189075 -2.22381186885 -11.2560406765 -11.3692061432 -8.86040196121 -11.936081784 -11.6651086054 -17.3663138953 -25.531449398 -17.2807703536 -9.84036327791 -7.65772665557 -6.93211646348 -8.16590024876 -15.5038200763 -17.4857111075 -10.0987784488 -5.97018447246 -9.80411498208 -2.86174781388 0.92289330399 -0.181879408704 -4.80514646866 -4.3513071774 -1.08887720304 -0.753284609608 0.433693503457 2.35298172139 6.97700120082
14.5385798647 11.0965668492 8.37209131148 6.12459462113 6.61542580509 11.7890297509 11.0116744313 10.9588029508 9.90020311505 5.69994421262 5.18442668015 5.08457364967 5.21966438139 3.89167877366 -1.89001676212 -8.67844869197 -11.1010994937 -7.63331439581 -2.85635820455 1.51730523994 11.0966331197 10.8447526634 8.59661595933 18.6337495099 20.5117214446 15.0725749246 9.79101657287 9.38894894047 6.74726525362 8.82449231431 5.17467390618 6.04945523684 11.6639200459 9.45172603655 10.5444036562 3.58777841024 4.63307581049
3.53198796451 3.83347253286 3.95074027709 4.17798889763 2.69848366225 3.87140502985 0.0514888846125 3.29101670556 -0.00206020928462 -4.87340002276 -1.84314789736 -3.43174346567 -1.0161933401 -0.11817533394 -5.56099615255 -6.22307975872 -3.26718349517 -7.35630601939 -4.96825302934 -3.96596015193 2.81752090173 8.12115087927 11.590189706 4.68854554578 4.34620185237 6.43460836975 7.59606752172 5.64017699602 2.05979825804 1.20257754833 -0.888209906208 1.27501222883 4.05939350972 4.59417229464 1.72269448061 1.8073973609 6.04515576147
6.229004665 7.44695266997 10.7574128903 12.8354420578 8.57986247146 8.28545880572 3.46163566414 5.83397834235 7.57052916833 3.2526421864 2.45911164078 0.749541076904 5.67321856887 7.9178423731 6.63833964676 9.78283684679 5.42881655339 1.52638864733 0.307190445494 2.2043900434 7.04463389161 12.791033261 20.0687056488 19.130074061 14.3205118965 7.44631604467 5.95972576672 4.53498675163 2.44655254801 3.06534787273 5.19006606698 4.02376604031 4.29535290385 4.34947654915 3.54927897842 9.50881803542 11.460285883
3.43540900127 2.08908497883 3.20957768203 2.44657900671 -0.740364241012 2.21108856399 -0.0293552460117 -0.304453334268 1.52933082959 0.949312690892 -2.00100383686 -7.81200249287 -1.89371258515 -2.9570834416 -6.23042311368 -4.67165758441 -4.64255989775 -2.85019919694 -4.02829214518 0.556056957157 0.715245334156 1.78953918137 2.43637688052 -1.45762974288 -7.37326514238 -11.3658064709 -9.53578660698 -8.02553415974 -8.05869449554 -7.05661069442 -3.48116306374 -3.41466055435 -3.86409081664 -1.72545262114 -2.4887713593 0.97484406551 8.46697016693
