-120.439838024 -114.182796611 -109.665430249 -107.469577184 -105.884940561 -106.699863968 -107.522527372 -77.5449416476 -60.8461892561 -71.6477492222 -81.5238607813 -85.2111615399 -82.3050320769 -79.7626987818 -69.4060744502 -59.366128633 -73.7409870657 -92.4340740491 -100.148302375 -107.905165258 -99.1790526826 -52.864093483 -30.9648317268 -28.1005751423 -27.6819629171 -32.4032879342 -34.4842335802 -41.2817285633 -58.4605036792 -78.7453823767 -91.4757291665 -97.6082961987 -99.3274849328 -104.009513011 -105.045625002 -108.24161099 -105.071097679 -106.343304673 -106.203296336
32.0112633561 35.0221697857 39.5270098604 40.389392462 42.2701795838 44.3244846528 40.3150517627 56.4157230393 80.094646672 87.7155870765 77.8789645457 69.0732524921 72.404416708 73.5960123026 77.7559010416 82.2671584594 78.1013228419 61.8390808719 50.4125337601 44.2374821189 34.5599521177 38.963403971 71.5195284159 91.7812066238 92.4041353366 89.1790979964 88.8043537111 89.0262083396 81.8908061185 70.0114750481 58.7428146869 47.8985757847 41.7079357178 41.2066302678 42.7047815067 38.7326359505 41.2068763832 39.8819954206 38.1892878547
8.41045084054 1.68386067059 4.0705247173 5.35116387017 5.74212392792 9.86606992309 6.02335130426 -3.86782418765 10.0879305094 29.6472435513 30.1484111726 26.4936046648 25.2259595122 24.4850654186 20.9292917335 23.6858337755 24.8489206945 15.7585615453 12.9516343895 11.6363740564 9.35185230225 15.7295447126 20.2251762451 5.47364316459 -5.53560885749 -8.34913505253 -8.29388467775 -0.16915543539 8.21969888397 13.3395857573 13.3825037182 12.0946005655 5.79123720687 4.47936307072 9.11444061934 11.3588238222 12.7754453571 10.8071132986 4.59497078003
8.67753844636 10.4361237672 17.8876770615 18.4707787911 14.1702246247 15.6720770579 18.576497386 14.3864383131 18.0935813117 23.2822889506 27.8739110907 29.8882461372 23.3065710006 20.8820087201 18.0784613921 19.6442909705 24.8984961648 27.9192087594 24.1418711829 18.1268474897 20.5769024017 25.8789149943 16.6572256912 -1.99403647722 -8.07397768798 -6.50110060157 -10.0414546503 -6.43263918811 0.406845768307 9.16873456121 16.3488095001 21.7517447519 22.9153561299 20.4520704026 19.278737777 21.5975819079 18.2708829033 16.3267623651 12.3326422456
3.415599534 4.12754649789 10.3425395122 10.6254798337 4.11232974635 4.6877038856 6.93953148742 9.69631497645 8.49968380989 0.0451181662643 -0.234239048933 4.26143209888 3.29839751414 1.49266234927 -6.67718406647 -6.94558541453 2.21223628326 12.3429642586 9.58063814401 7.41645438513 -1.82887402812 -14.3649874798 -20.8082019505 -24.3167442386 -23.6525101428 -19.1266134446 -18.4133330442 -12.6926270862 -8.02938160496 -2.55402478893 1.70008395186 5.48953873998 3.768612755 0.0757362130112 3.4980214962 7.06209455688 7.07929166595 6.67758537956 -1.1279575347
20.2894178437 13.6774507414 15.8852596901 19.2065716357 14.2037081108 12.1374552243 12.5518087419 14.6598018679 11.0281422175 0.145588527882 -1.05954381204 -0.820319837707 2.78453258795 5.19611362533 4.55282388415 4.92129071817 5.66713151851 9.82311213647 10.8804829673 13.5412296719 20.1152257271 25.6926966811 12.9828853951 1.89223250151 4.20482441262 6.174104936 10.2941577707 13.0438259413 13.3106863512 10.0695739238 9.35245400998 10.7756149694 8.65604834274 6.85219048959 11.3745259536 12.3350788103 16.3254271134 19.7869537882 11.9287518068
13.3099514575 7.95118950274 8.34659325591 6.98661276482 4.35513557623 2.16055555759 -0.588125215553 -10.3240970952 -12.4813850896 -11.8650375824 -8.40946526648 -10.3810224142 -8.44967619573 -5.03371878999 -2.14773158153 -1.19390693527 -5.05369677891 -3.76291004741 5.8286269332 6.75951722443 -1.01146488952 -14.4286700009 -19.80972987 -7.79895931702 -1.90857128802 -0.863020748931 4.77708693963 6.95462471044 1.77983384556 0.616468861768 2.95597986728 6.60516017578 7.61829941629 4.12855968059 1.84078726692 0.472909138635 -1.69115759693 5.29477514709 6.98385800399
15.7787574584 9.91609603085 14.6923697004 11.2744411152 9.96197869019 10.0972510136 10.4090407208 -0.0335497043343 -5.71936099816 -6.61471616333 -2.11180218779 -1.96684562495 1.1498704315 5.28506117958 9.3205847142 1.8465491481 -4.42397176284 -1.81085906221 9.70095626085 13.1290879062 9.48308404065 2.88817746933 -7.13598901549 -11.1759449508 -6.96438415428 -5.10228221322 -3.15610126989 0.519374863051 2.49606841232 8.55265997801 10.7126502327 11.9362932261 12.0533321903 13.552597621 6.12846325534 6.20559069606 11.5271924729 13.001003023 13.5125850483
12.3718768678 6.483095359 7.20326058869 4.7995664272 1.75877923159 4.5045812388 5.9366549132 0.106292225102 -6.29905050844 -9.86779940111 -6.32589454989 -6.53078500186 -3.75607328545 -4.05525589326 -4.90162481612 -7.51777497616 -9.83171726739 -6.01246549945 -0.0496551819273 3.79780704346 3.97406995689 -3.7030098044 -8.33078562533 -11.6674228923 -9.81966746536 -4.45122136187 -1.30868539386 -2.09266703465 -3.44437892294 -2.70513956648 -3.93526586587 -3.72559952238 0.389509050546 4.29985868338 3.88284537485 1.83202557509 3.76578308892 4.64342468146 8.94195104519
9.36964645395 9.17830190275 9.35803994826 6.09530018495 7.05419883582 11.2266919375 13.5224352253 11.9399259584 7.49113531594 4.66497059782 3.74096052331 2.82145484023 2.29005240204 3.1722194674 1.72619723617 -3.49550251794 -4.78021293452 2.85128069089 9.16400242116 12.3805340206 4.04352569469 1.90395362982 1.24448681647 6.28605447664 10.4550428566 12.3188282137 6.93826690717 5.05323095871 7.57119871556 4.74791107479 4.1492147066 3.36035700935 7.69279681367 8.8281647205 4.75753145692 8.78875298726 11.3296878347 8.62285242619 7.63263636207
-2.00221092236 -1.81352359912 1.40313219014 -0.789161604434 -0.827383594345 2.65981745664 -0.281420900909 -1.8638725863 -6.56973218085 -7.50855552726 -6.58681322054 -3.56848403937 -3.3588768668 -6.50321668761 -10.267126964 -9.1258170323 -9.05523357769 -1.86066036845 3.28635731563 2.04081148778 1.54492693156 0.212760155424 3.25044910564 8.74221524404 11.4642545577 7.61170397705 4.99094020955 3.95153549312 6.77196112184 4.72374234388 2.21241994076 -1.27747313908 0.142896627468 4.18453430181 3.15777986223 5.8539642513 1.75561682371 -0.388906358446 -0.803113095903
4.5188975561 9.57024375468 11.8271151748 5.19168448416 8.91195429699 10.7881068065 4.94470100297 3.24421092364 0.899838944441 2.68347970732 2.58864432858 -1.20912896964 -0.652487005743 -6.15348909358 -7.20996831337 1.78276685941 2.77829508767 1.98006275618 10.4534810713 10.7110396943 4.01934613036 1.85203992286 2.50761226308 5.8578621574 9.17841465541 8.66511841053 11.2476451015 12.5970164724 10.9365418239 6.76391875704 1.8303228696 0.696750045374 0.359089221059 4.45675544655 9.88427572457 14.4104021847 9.07151439393 8.26576210942 7.99689311971
4.7363903777 5.88611223313 5.93579579593 1.11921018701 3.46203228031 2.29879608477 -2.61169692394 1.35433275069 2.79825495166 1.91202364069 0.912846104859 -7.17378254169 -7.55276511041 -7.87294614972 -2.41659377851 4.48341819503 1.38069004301 -2.65727830197 1.51442572055 0.775535376428 -3.82243381678 -5.59085472031 -8.81451361758 -8.55797256899 -9.37861545518 -8.25995988133 -3.88145185423 -3.77741781384 -3.92307245574 -4.45453830451 -4.80667487471 -3.45833078976 -4.6908747256 -0.712823955147 3.57310175048 8.00925418627 2.35611869268 3.39767803305 -2.66171892714
