-378.597534726 -369.31904935 -365.684183667 -356.463042097 -295.706605495 -267.574979006 -264.744685581 -248.034463837 -222.680009232 -187.883306609 -178.192443458 -231.652586499 -305.927354297 -333.294522178 -255.294588743 -117.649555471 -55.9896737784 -46.4762854054 -58.8090459348 -94.4540773184 -139.820223328 -199.874889868 -272.55213969 -311.225738366 -338.385854967 -352.7115119 -362.254362211 -372.997753026 -369.945982778 -370.274894292 -370.78566152 -367.935647741 -367.453608332 -374.513955714
39.4118090154 43.0142259843 41.3863574209 42.5803306672 73.1438633753 105.919284019 115.716940484 108.334207093 95.4685438205 90.0203506419 94.8290790174 97.6565288659 92.5167460014 76.1995004288 49.5554616856 78.238215027 93.9299115526 100.502202263 104.91100747 112.531304967 117.096247565 114.290635088 107.390176183 86.0864417702 65.5917971923 53.1044251187 50.1246731152 40.0191064504 41.3196066211 42.9799700061 40.4876147419 41.5861383593 40.8929258369 35.7441528864
4.86422345615 3.89347261212 2.61523782283 7.1711321863 19.6566872517 40.9316177836 52.8365585684 51.9228870157 39.2537028359 17.150330278 5.82353423624 15.7427338671 37.035178394 30.8804108601 2.25584892985 -5.00374556587 -27.4047265169 -42.1073233012 -40.7502632541 -35.4200467624 -20.0264595829 -8.6006811133 10.30803605 15.9336038504 13.928518525 10.771854154 9.65477873725 12.6658591058 17.8628265933 15.7651520028 12.464257894 9.61954714366 6.08538824563 5.87456689635
17.0242415922 14.7340265509 15.3546257942 19.765362161 29.7392852578 30.0106265735 29.0093632236 31.47985653 31.8564786484 31.8068672324 40.0480557218 47.8009211346 43.2896392625 36.4397921294 48.0521820394 49.0529901278 40.3273817679 21.4055911354 6.67336003365 -1.68869114934 0.703751045542 4.0628187405 10.2922094956 11.9188691388 12.1481539551 14.216081329 13.1065895091 16.0234030397 18.5145633168 16.9911816757 19.6039643023 17.4505004455 13.3229107485 8.6714874264
6.35695808569 3.55406810879 6.36699213403 6.21014473799 -7.0305018987 -19.1811499592 -27.8055398068 -33.4831840028 -47.19658658 -50.1075799033 -36.2343983017 -14.424577857 4.12286309859 11.7315504023 -18.4779047886 -44.9867835206 -57.9527446941 -68.5605171763 -69.4642718307 -64.2345405602 -52.3361025904 -39.7279413711 -15.8592637808 -4.00692410041 -4.31838185071 -0.230794962266 1.1873303895 1.29859233047 4.25344563957 2.63646005088 5.84500332408 3.08545642175 -3.48244694852 -3.5593007584
12.3346695375 12.7934350297 11.651816248 14.1768793881 14.3296545154 1.26560781918 -11.8559954072 -12.4442238608 -14.1488635078 -3.09476206162 -2.73674680451 -9.30295189562 0.108036611872 14.9206962558 20.1027641959 7.26604020215 -2.61846705447 -12.9192643238 -12.3042896854 -10.4214098503 -4.19501553866 -0.745920493773 4.33459669158 10.2124074207 5.8512135981 6.5854443209 6.80029425424 12.3398219091 14.7502408965 9.47443465212 14.508039629 13.2881008897 10.3782084084 9.68818478495
-6.37864438643 -3.9371951492 -3.10512586998 -5.2832588935 -11.6242184308 -21.2622056745 -28.4756168241 -31.6132274455 -26.4588799895 -3.33452441324 7.5201040057 7.07487596878 3.48588311056 6.76396768906 -12.791553659 -27.5304995912 -28.7643039679 -18.3713281554 -6.23086753854 -5.79844785229 -7.51777489447 2.28037130975 4.97357301202 4.13980157502 3.71973802431 5.68248066649 2.01878417987 0.405173381443 -1.76910292755 0.489583989546 5.67257250985 2.66720887826 -0.460590864936 -0.476212426082
7.2246438159 6.15525980875 3.15647163183 3.50733149576 7.04094855062 4.60448295293 12.6532152947 18.4016299263 35.1403193876 37.5588781059 29.2493648232 15.6772484205 9.57180556176 4.59135411722 2.01693092276 -1.19064900377 3.66741985319 7.9243383948 11.9230890205 12.7378499171 13.9188473669 12.9537349191 5.25758056799 8.32936822388 11.6296271095 10.4221311578 11.2496069311 9.65598291977 5.28557846952 12.7274499369 14.5817496371 7.6134421964 7.65695309466 6.71238200205
1.53334323017 2.36435867133 1.24669327553 1.67457647124 -2.1188813635 -7.24552642023 -11.4861698917 -17.9950920817 -18.2481654027 -33.250554473 -45.3714886823 -42.0512943527 -16.1418972173 -10.5484993726 -9.68186469022 -38.8353554265 -47.2488007997 -41.7669623923 -34.9626507951 -30.4437949185 -24.6668075614 -22.7353664792 -9.14333867217 -1.54542106788 2.74225451963 2.11281483777 3.6098972818 6.11005452863 1.04856494119 4.87268338644 4.41651101649 -2.70764138357 -1.58180630283 3.23488117097
4.90545966709 7.69136994191 13.3100589315 6.08749889544 -4.13996616626 -1.16040668292 -0.587304142741 -3.50215004718 -7.34235130467 -17.2654831001 -19.7575991756 -13.7100584083 -0.811133165373 -0.63770478813 -7.8579892656 -0.831219969989 8.11087354595 13.5959273057 18.7519381328 18.9916010563 18.1994702997 16.8415699073 14.5441816329 12.9057853185 13.1484468996 12.3993537169 12.0941982734 12.5674111399 9.69805603258 6.68837470975 5.38381573636 5.61929929762 8.03741288794 9.65474545344
2.32647322595 3.65124568217 2.48175683107 1.78598550884 11.6858692664 9.70623064187 7.61619868501 5.5833715913 -4.81349273791 -20.6708308083 -25.6901535704 -13.9655789177 -9.21959349372 -6.45166900153 7.25643245257 8.43978387861 5.31853821667 7.90840220172 11.416480651 9.39883782297 9.97621524234 13.5318729333 19.6664586817 21.5061396831 18.1005576435 13.2076091213 8.53027752926 7.92684297449 2.52832782525 -2.69565897513 -3.29668487954 -2.37263404354 -0.948036417894 0.986641500333
7.1584143318 7.33332929457 7.48252545058 -1.64196721966 -8.87570074333 -8.99182045261 -13.4168535976 -14.186780581 -22.4076005016 -22.700542346 -20.8795794028 -8.27500999184 -2.21557822014 0.742323115507 -11.8652664134 -6.061920697 0.861568280877 8.8137453173 11.8256869652 14.3528687661 15.6774277698 13.560369739 18.9190925358 18.4294768584 18.2239479602 14.832699822 6.2469167233 10.5457073745 6.6271051132 0.582965584399 3.83386768158 4.44298721397 3.07937444637 6.64447693168
4.31953383421 2.81637136749 0.328483717526 -6.89732567142 -11.5988200527 -9.43475544042 -5.81927173425 -7.60647214524 -5.14372422211 1.47689294155 0.214672261473 -2.7144344733 -9.19599641735 -8.77480339016 -11.4699049956 -6.16100132151 -2.26782462524 2.33965939249 3.44214559557 5.08097486735 0.5237015578 -2.07603132565 -1.84000151333 0.932301832318 3.15515484359 8.32131147117 6.80016532389 2.57254387436 0.617569950871 -1.30850867345 -0.219967649166 4.27187191709 4.36072259506 -0.115096791875
