-145.014346214 -141.373636802 -137.617797289 -136.478252082 -140.352718591 -140.628240727 -139.320110528 -141.374261176 -140.869169449 -143.075059396 -124.490355826 -93.8399037261 -92.0225912924 -97.7057804761 -99.0573096122 -99.09302234 -95.1302822523 -86.3094937202 -80.3489562582 -101.592764411 -136.658210201 -131.944015682 -59.143920629 -21.1557930679 -27.2880724247 -31.6126975696 -40.0630888907 -49.6361293706 -53.3637445577 -66.5323820048 -86.1114378746 -104.859174751 -118.412360631 -126.11949062 -130.924543998 -131.049228438 -134.093259188 -139.121762175 -142.780566139 -139.380841238
44.7807077724 46.6283182205 49.4988177807 47.5424889996 41.950362001 42.4063559677 45.2883432152 44.596639323 43.976129875 42.8254575661 39.2686557622 58.662395161 88.5246475908 90.6245313123 83.998884383 84.7576288014 87.6484928901 85.7381693491 83.9758365401 72.6201300954 52.9902357461 42.6461957371 50.490391819 72.9896145653 84.9443837493 89.4498650029 88.6514574934 83.7799922306 84.9236967525 82.0714867572 75.4087147894 67.657228737 57.6791007003 55.4288144113 52.1544982698 50.0664227401 47.459117444 46.561280759 42.2825985918 45.6361747145
11.9940465224 13.4622745557 12.4555427141 11.5994692982 6.77287919573 8.16298632948 8.08170140949 8.87702833375 9.02758135032 10.6469341879 6.64349230678 11.5562025609 25.4797563522 31.0060672563 24.46002101 21.821502015 17.9667671637 5.51027372462 13.2689972603 25.2423852276 21.6226250936 14.5831602941 6.32711023186 1.45751342538 -12.4805150547 -22.2322796251 -21.009437869 -20.9159351893 -20.2202627401 -9.81451897695 2.50332432061 8.40053469879 9.80372621967 12.426300889 14.1693705021 7.47172766504 7.39061968848 12.2169720981 10.7214969799 9.85951600771
24.0081779777 22.6833195731 19.2458350729 18.1101786554 15.7947736043 20.0078168094 19.662158203 23.0537598587 21.1960347613 21.8455064024 29.6259385912 35.0181615942 22.5379170377 19.4056980136 17.6187036515 12.2043083295 7.16584601091 5.99113314864 15.7163501941 24.8652684315 29.0928159352 29.446873926 31.8748589282 19.4989559282 8.93138462417 5.33821402556 -3.02710558428 -7.98754809854 -11.0789744742 -7.73256789513 5.7665186369 13.8510347938 21.9429448334 26.2741174705 24.1890053817 22.7429396047 21.7852554359 23.9653656187 22.1452752619 20.121620008
15.1420616754 7.17128862933 8.39507308113 13.256481561 9.40993683702 12.2086584502 6.84637446203 6.20813125687 7.85493205581 13.0160381645 10.1283467038 4.43560359234 -8.92312429145 -10.2971367748 -8.71879393006 -16.1717953695 -15.3469319983 0.949078890483 7.88161310305 8.14691181427 11.9846865911 6.0025214861 -5.86899661924 -4.07591204608 3.14338149787 0.683343369016 1.31252499696 -1.51976056312 -7.81071178115 -9.09736830984 -4.54320935976 3.42864352553 15.169025734 15.7375271389 12.1997690657 8.69676265962 9.16274103352 12.1484805254 13.9659868649 16.4302022202
17.8388611947 17.2605845924 19.0973690844 20.0225827379 18.5359376377 22.124304117 21.3117065287 17.0418674802 12.9621275601 19.3758030691 17.8987233629 6.0289845488 -7.58514589588 -8.49936339197 -2.53915690374 -2.17923768624 -0.954538263978 5.69537016309 11.9026144352 13.5419463105 15.6245560259 17.3324658487 17.7990018611 12.2383937123 8.53090244043 16.3514940509 20.9187761172 18.5226009941 20.6855839385 22.9920525961 24.7421654609 18.6740464448 23.3645225695 19.9417635449 15.5723219253 16.7161010772 18.7911466804 21.1881002554 19.1172239152 19.0138043933
5.20188831634 4.31727801225 7.20522927275 10.8342709177 7.35046685505 11.0198919654 13.6862059068 8.74518416958 6.03142836929 8.12573896636 7.07613126542 0.768048219904 -9.67386963414 -9.50198273437 -2.03039922679 0.946680862022 5.62810744862 2.08090471262 -7.41256683281 -7.03281540848 4.09563621077 5.9100739668 -15.5792029676 -27.2720434883 -19.9657099459 -9.44133682598 -5.24211812957 1.61224872275 11.4868741459 16.284247143 12.5268051678 10.5082741438 14.9362643273 10.758781317 7.292741011 8.52692473508 3.55962152531 3.01213767493 10.3232619366 7.27246007319
13.4916957325 10.9337316656 10.8634789115 14.542103533 16.1731935605 13.1147651705 12.0569704885 14.6237366247 14.7606345408 6.76639165776 2.92209552264 5.18127705185 4.40070204358 5.31681022672 4.91997923112 4.55636476397 8.20129577681 4.12042600442 0.176345572246 2.05213412143 12.2401856043 16.5594894125 0.830664950535 -5.35155117441 -5.40439094126 -0.615756198957 2.37336822588 5.68442729674 7.33529375577 4.59526842337 4.93364179018 10.4765686239 13.2208918797 14.6844308556 12.7037553025 13.7559330507 7.40730888236 6.48558642471 14.0981291554 12.0286621954
6.96406432368 6.19090626161 6.17324947564 6.6220928246 6.57054179868 6.64732943803 6.28404613913 6.02461139668 5.6214775938 1.03037464371 -8.30243719209 -11.5552497955 -7.26482252334 -3.82499589361 -3.61185787322 -4.33266647844 -14.2992636382 -15.5563719225 -9.154752894 -4.03593874351 0.834223688652 1.5337865044 -13.0649705126 -14.6991798193 -5.31561076359 2.10494289137 1.6617813603 -3.28689524399 -0.989606382764 0.770158534674 1.884874625 4.59179723363 3.83606288996 2.69194240865 3.78989873722 8.88539633329 5.88152394031 3.75817858475 8.52614117088 4.26707804995
1.88774888686 8.44074459753 10.1282376708 10.4038712487 10.8495645821 9.50169196691 10.8989099746 7.79053221691 6.97318058519 8.93079394436 9.72075683754 5.70149040087 2.75292960261 2.56732202068 1.76925035941 -0.327490204984 -5.69432053735 -3.7573580563 -3.64009623396 1.88141681141 7.61403818406 12.696810888 13.8496444102 15.9075226048 15.7129504655 16.0822614269 11.303585807 9.2502432781 9.48416656135 8.31392369824 9.0131449009 13.5550286725 8.75948468593 6.0468950128 13.5224781644 22.8668051956 19.9575141812 15.3958993878 10.7604901571 5.42609304454
-2.91653216832 4.59148286733 5.59108051599 1.46740502868 5.38537290308 3.4889637848 5.12991127092 0.138137443626 -0.115691295525 7.01316220375 2.77945918114 -3.37919219653 -5.21162158523 -5.95531516441 -7.88011059252 -9.17341667171 -8.9122200615 -8.92209553467 -7.53419327318 -3.11444661894 1.47674341071 4.03252016786 1.7932252873 1.32813663292 1.75981789668 2.48056522052 3.18478426674 3.7556494824 2.45257060144 4.37584404859 2.53604899159 4.67975594751 2.48749214628 3.81486340703 4.11915729756 3.81198898668 4.19664013555 7.1424590323 6.01407846619 -0.284753416519
9.42456772715 9.71146778247 5.31584575864 4.33178875665 6.50422655635 6.81352703593 10.157987319 12.355554643 8.64703667938 12.8599208612 7.80757361055 0.238329585686 -3.52790708064 -5.47229859469 -3.27444269286 -3.27613194282 4.18033205982 10.0553883069 5.82075405569 1.85216378502 6.6859973075 2.86710107223 -4.91942532367 -4.19120747634 5.99766077363 9.95145899471 11.9245185576 11.9546628163 9.8830660667 8.09543644392 7.09934203837 3.86448991834 -2.71814773768 5.3943631939 8.64611282779 7.23246372881 10.5985212128 11.4087628626 7.62925656819 6.72579238963
-3.86354893181 -4.92695875684 -5.14756740626 -2.13045754242 -2.90956890963 -4.47993287018 -1.64216409159 0.795038739155 1.1249614075 6.14900412262 11.9290901791 8.36113696009 -3.1046182506 -6.39560864198 -5.53818852889 -6.97153215295 -1.09877682343 1.44208123672 -1.27737218134 -2.20319132607 -0.0769668143031 4.70189830439 16.7274251625 8.71571898515 -2.34645377063 -8.38429568613 -11.2507031729 -9.74330432293 -9.63212947575 -6.76885111579 -6.9660845059 -11.2702526824 -11.0422711421 -1.78019943597 0.314928713711 2.10519182678 1.86561579606 1.88175299467 1.38286064616 3.20235983221
