-218.311331518 -213.071965539 -217.554877822 -220.522689765 -220.487370795 -221.884491931 -218.542197735 -211.981695762 -209.807634766 -212.503654654 -158.052699675 -105.530043078 -107.911440765 -129.596728706 -133.634908112 -118.059432215 -81.9518234021 -64.2772092509 -94.2041937918 -159.722430603 -190.360283005 -193.630635171 -130.974594457 -76.6911775319 -76.1737256334 -97.5668043165 -113.269838053 -141.747181851 -164.361900693 -183.400131051 -197.606086645 -206.187317108 -210.844454965 -215.482862946 -213.355972881 -210.852634623 -217.879153355
34.9941542344 39.6098793875 41.4056647829 35.8511405504 35.3297416511 37.2171677857 38.0976641603 40.9324798529 41.0912462645 37.9410417727 52.6662623843 75.752349341 89.1192273545 81.9854287049 80.8243639441 81.3719226425 76.48103347 85.6629825463 89.53628217 76.3446349565 63.5800125242 52.5817666672 61.7046977589 93.5531534135 112.508011185 107.341960342 104.817008821 93.0977198427 75.1374320374 49.5762099957 38.1163214549 39.6966652169 39.2732370517 33.0344430431 36.9014353895 41.6581233964 39.1328543135
5.00767614449 5.03530096572 6.11929780482 1.09803182485 0.433035358824 4.82780050039 4.55502227304 5.09748475818 6.46413450657 4.08638357657 -11.9625539064 -17.6259152862 -9.26387353493 2.09871587034 6.1935219859 -2.95442272842 -29.6304901648 -33.9789919365 -16.1067884064 10.1811387479 11.5690077396 4.19266951113 12.5109655529 14.8616619788 0.0299428742076 -12.3023012523 -7.13123971306 2.12194914045 3.73192561464 -7.63003296135 -9.6848328658 2.24944468814 3.71416935692 1.81327219634 2.45873832728 5.9254155903 10.7415026296
21.2623895771 15.887512922 11.5544512401 14.133946298 15.1955754342 14.6967184991 13.2637780361 15.2112782697 13.1640123091 14.8674536128 17.5224765379 12.8488632755 14.3558477742 26.9758709207 26.4014168476 16.3514794426 7.49105482752 14.4718169207 20.0019857876 19.1609194603 17.7671953069 16.4288252811 31.3319019273 25.0489768981 6.45651485878 -9.7064468834 -13.3639347505 -7.78880695869 5.3267580478 2.2932469616 4.94114758441 17.1042308898 17.7793959281 14.6310879569 15.0528305318 15.0833270487 14.693769994
7.06448834924 1.63983008259 0.535670611577 5.2047852668 5.65626901748 1.08551958748 0.940302761196 2.3857519455 -1.8539252817 0.0508341573048 10.6369552134 -0.910445069583 -26.4760102336 -38.512663319 -42.2158361425 -52.6382665525 -46.5937037775 -23.9832083429 -11.4665882323 -8.67077146374 1.08608912367 5.96222749655 -7.89891688633 -23.7167015226 -27.4826165787 -25.2100598682 -21.9562549371 -16.6274342935 -8.03851951556 -2.7660031064 -1.93380378575 3.71629019817 6.10579461845 5.06328843662 0.784763666641 1.02821479991 4.39759338328
11.0940947874 10.3809990956 12.1408913201 10.2356715077 10.9960962183 7.1303983115 4.74904116943 6.49349346214 8.74330651244 9.62385620517 14.7517206884 5.49413160637 -17.7671785344 -29.4195722973 -30.6289512807 -23.2545858001 10.6928398386 26.3411728055 19.7938527888 9.94199044941 9.27880035056 12.063507232 16.3705021376 7.2823863389 2.35394124991 10.103397508 14.9521000792 17.6273496656 18.3424208389 21.576538828 19.648178058 14.4709915908 13.5590209944 15.5356474291 9.10155211489 7.32669749569 10.1139559416
3.50421390132 5.53750434918 3.7095406773 1.66960587822 -0.26781193176 1.11560176443 -1.62678308786 -1.11766583283 -0.648680145994 0.828636008955 -10.1434000775 -20.8626646256 -9.6653878426 0.828753843676 -6.88457517283 0.37194558352 17.7900715375 13.6869251148 6.29740639836 5.96324866638 0.202156818992 -1.30793414844 -23.6872447716 -25.2971689308 -13.8611068587 1.84207958101 12.0844301269 10.632098035 10.4207541111 7.80998373738 1.88587366504 -3.5638323682 -0.125269881438 9.73864228805 8.0749851258 2.83310414082 1.04909490673
10.7746738372 11.3523006468 10.4304308496 7.77365309546 7.25509960597 8.98965347787 8.41223779546 10.7320106599 11.3334397902 9.6069232114 5.10682141899 -0.656731626793 -10.9031663434 -16.7810661477 -23.0208197815 -14.1044063989 -14.6237272074 -33.0648050981 -34.3883393415 -10.4628588784 1.54109076857 5.37320905242 -3.40350028708 0.469462588134 -1.01426583376 1.78664151037 -0.362421095078 2.17028580438 9.79467408235 12.9318360804 9.18064242551 5.51319808297 9.35981560126 12.6119798179 10.4090638702 9.85682725383 9.95493770228
1.06792316829 -0.0560328184918 2.43929857068 5.93445539288 3.8799821873 -0.34271141568 -2.38561425598 -0.857912156935 3.54005134696 3.41709558158 -7.24209242293 -14.4965776975 -13.8474068542 -10.8918108941 -5.83168281181 -2.60897058879 -13.801775838 -26.5570862029 -24.9406876736 -15.1587409079 -2.81671368866 -3.37052878695 2.44557085256 8.61158377421 5.64076646021 -3.480470789 -18.92761786 -17.0192360405 -9.28408372662 -3.59824563657 3.36469326077 5.95946876494 5.55184612359 4.91644274421 -1.85775519319 0.935163944783 7.7111486731
4.36136943879 4.23587016399 7.29619380315 11.4831673504 12.0923321477 3.80798932427 3.58648426763 8.20958398213 9.94604168061 12.0871494413 -5.36694655242 -12.7365031377 -2.31442627901 13.1965042171 18.273535357 7.26287287201 -10.1199817407 -19.5699083703 -8.70535164486 0.945239299936 2.6054150162 1.35719648726 0.844607941622 -3.17289141263 -6.5757826573 -5.03523877793 -11.2376883297 -9.6257694562 -4.08692315687 0.925569858304 5.83916733282 10.115992873 9.41014973481 8.81605728038 5.41962523076 6.29604783258 7.09049270035
2.37650211983 0.918434379725 0.938282296133 0.933307498301 7.31342190583 2.47350683017 -0.0547258010061 -0.944655842118 0.829326259746 6.63500143267 -5.84298961744 -15.2382748636 -22.1170200684 -20.9159268166 -10.0863463254 -14.2673592961 -20.4947327533 -22.6113633182 -20.4698952332 -8.78161355639 -3.66376246023 -4.57977436221 -11.742256277 -18.4024794583 -13.3740389007 -7.66108521359 -7.99611411232 -7.53946500277 -2.22309746357 -0.720852929126 -0.90745703356 -0.905747938134 0.230851394517 -4.3888321017 -6.92263131538 1.21496796186 2.18103233705
9.39263577828 6.27710293224 3.85435988606 4.96439407322 8.31386706885 9.98603721419 7.86944409072 4.70435740062 2.82738716519 9.36980576806 5.46781448222 -0.357792484783 -2.70591716473 -5.20228483557 0.304885001175 0.78691651324 1.85873568092 -5.11997860514 -11.3169826083 -9.08782073472 -2.17438032997 0.134931093171 6.75544170765 3.22433823636 -4.51870937299 -0.663341527855 3.98907887648 3.3963476206 4.34543436933 -0.257649639653 2.1750082928 4.91368342804 4.59574367277 2.75678702272 3.38671590446 8.94210538009 6.29201602067
0.579594182095 0.364201919703 0.0358878720581 1.27620732274 3.70183910474 1.82501846712 -0.689019346228 -2.1999959453 0.66409746043 2.84847980633 9.73528986737 8.20295220225 9.17411589645 6.51461752275 1.53193399393 -2.85841545717 -15.2674597757 -17.4476791252 -15.6570213984 -14.46005116 -12.9890030542 -4.00006994478 15.7203350658 17.5830362254 9.33029245359 8.13338768883 9.73078270682 9.25903619193 4.17247984691 5.8033958309 5.39587163377 0.514734460098 0.427626397003 -2.44272154731 -0.7513070822 -0.95629577767 -4.80833388567
