-133.390239216 -126.033456489 -127.949103321 -129.092829088 -128.766597758 -130.14683305 -131.33801456 -136.550519467 -131.297772975 -104.631186786 -74.655384659 -81.0266582658 -89.4746088814 -100.251814704 -101.388816679 -97.48378273 -89.9439386708 -75.8092655175 -63.4673092137 -73.8756438859 -100.892771902 -117.216049096 -131.868754126 -82.121714325 -8.74862156422 20.5487927379 20.9984481035 2.88132232851 -5.05581073168 -14.5554470315 -40.4687494164 -67.1333028406 -93.6574293868 -112.087198629 -122.92328756 -126.57421553 -126.433356215 -126.024598365 -127.33730809 -128.399917704 -137.744896044
40.3435162108 42.1979089222 38.0397216612 37.5222364659 41.9400606973 45.1682048402 40.6913580674 34.8144439726 39.2553796446 47.7386605659 80.0368366853 90.7493831861 82.9368242361 74.1653407696 71.9212121277 69.9858842023 75.0756187022 83.8269803722 90.8315014401 86.5493581073 74.1135377141 58.0324246013 43.468331494 48.1757733827 81.612338332 95.5995589222 99.6467324577 103.369435354 107.776988762 109.754542778 97.591663371 82.8808175401 69.2047940117 53.3971840125 46.2945844733 46.1095900829 45.2707286904 43.5906169266 42.8716996768 42.5499328247 38.0220026324
3.81710852928 1.88979290868 -0.411766788633 5.02170864783 9.89821547366 9.81184320142 3.62508384 4.41821569738 7.68433037509 2.73972118344 23.2592167191 36.0765251529 30.9359424045 30.4223619886 25.8284863021 26.6534790772 22.7726305295 11.8763297543 11.7184056443 24.1132379174 28.7771150442 18.9007564605 10.4158550188 1.42701767829 -12.4781462084 -38.0258150717 -46.4052906029 -38.0429588698 -31.3468722278 -24.9276688921 -14.4888837053 -4.65301200889 2.7286667773 9.1403152274 10.4798873441 9.09774440218 4.84211582162 4.35735412867 8.34559016346 11.9689504957 13.3470566828
11.1653359799 13.4864930683 14.0692113825 16.7406457302 21.5850940307 18.1127833374 16.9433411991 20.5370118354 20.6031606255 15.0696359577 18.1123364401 26.3263650556 28.7319792993 33.0443810223 31.0906431007 32.5224290438 26.2770220941 12.230622603 16.5156874548 27.0024905939 28.5886365126 25.9287266273 20.3284872058 19.5199665572 13.1587155287 12.0518040885 3.57625333632 -5.01207602833 -8.86543322232 -9.1358463312 -9.01758836428 -1.1405213423 6.27725560372 19.8431793861 20.509256836 17.6528730682 17.7147690923 18.1167466648 16.2906655945 17.9085706414 22.6736890952
2.97463843674 0.832125228173 3.32704204726 11.2067937612 10.9808014155 8.31040216907 6.68663927506 8.03658608586 12.1582728342 7.7603065683 -1.87562737545 -6.10946296411 -3.3013051265 1.13000673914 1.99760810716 0.320282539435 -3.77739833984 -7.9477550425 -3.20077539667 -1.03000595422 4.91049350877 8.01569961762 7.50199854022 -1.99844226551 -11.0946050115 -14.2606477102 -14.3574446941 -13.1159526884 -19.033622814 -21.7799485507 -18.949597706 -12.3335402629 -3.97419135468 2.38377156517 6.93425980256 5.544527161 11.5657945844 12.9836616868 10.2431483075 8.51526171199 10.5390568494
9.25149235009 8.1968799705 9.93652229819 14.8802933481 18.1145942427 13.7621229882 8.15641753544 11.0323286757 16.5538521941 19.4859382845 2.1160983421 -6.38001615313 -8.18508544667 -2.57757933312 2.05454954721 -0.0773088477477 1.39644487307 6.15553224583 11.2327775179 8.33733087071 6.33425336245 12.4519531742 15.6304946686 10.6271571037 5.52756320813 -2.2265124838 -2.44135737462 -1.63852775483 0.481005286569 -0.747300660317 1.00722351232 2.15118048882 8.89279594232 10.8720050807 14.858837871 13.7880245384 14.142161984 15.7640929613 17.6430666541 15.9264039204 12.9777486807
-0.622170608701 2.85680584525 3.02773837743 4.12120989408 4.8112597823 6.59634519203 7.014736858 6.14019672884 4.02219458401 -3.77527252513 -20.0629070139 -20.1272376103 -17.2346508242 -14.813873099 -9.32593286092 -3.4908366758 5.71031030112 10.1471534915 2.45839087306 -8.21688378899 -5.78058386067 -0.343612177993 2.68827304982 -5.52452431149 -20.8123998009 -13.6000112828 -2.74336235802 -1.18562200426 1.22247471795 1.62058204826 3.35286744972 0.836730204386 5.75140561045 6.43580619209 -0.49034074661 2.33839694254 3.08077417871 3.05437991675 2.89625243066 1.49275754224 3.191529402
9.97244567993 10.366634099 8.82056946081 9.10621627639 10.9792667849 12.5067476826 16.5634384291 16.8318327151 16.0908368892 7.64554884945 -7.36675252045 -13.2463228117 -11.6836541046 -11.3379025643 -9.87749995005 -7.61621018435 0.802283437457 0.276382209526 -14.878646279 -19.3881826093 -1.26118193956 2.90380063273 5.09460591877 5.39520869854 -13.4798966388 -21.5102240046 -12.982973864 -4.68295920896 -2.88603016951 -0.958680888198 2.0905327511 2.76836149637 9.0835747289 8.79908331228 6.81416944122 10.0985387278 13.3094285433 16.1876653216 18.312154723 14.3770587109 10.0414730567
5.84436786429 0.788321252816 0.889004746554 2.05290083941 3.37817031455 8.34137890177 8.4223375647 6.72112696 7.78221238162 -1.83277681017 -15.0310602307 -16.3917215665 -16.6139764067 -15.1568863017 -14.1603118683 -12.6035185422 -11.5845900079 -14.399274101 -14.1142811495 -11.5419684618 -5.60838325441 -4.85306175581 -1.42676898489 -2.26789454174 -14.6995534886 -13.6884340123 -6.50071931914 -8.12375916479 -11.4612077356 -4.02669537967 1.7629341286 -1.95534394885 0.0750711319773 1.74310313098 1.97917942044 4.23363008593 5.92656815614 9.49709330743 10.0807042505 10.2197948904 6.30866628539
10.4155071163 7.30095127186 5.87816715366 4.79019523137 4.20832757146 10.9613333343 12.9491019638 9.14302174558 8.85391156267 6.43495268016 -2.3322397252 -3.55319485622 -1.90892647146 1.64403889588 -4.05723844827 -5.50158811098 -12.0896210627 -12.9696753003 -2.96521807762 1.08245271499 -3.05680738246 0.863513706328 6.83542748366 16.2972643051 21.2531170913 18.4832760797 20.57028392 18.2280256992 11.5159002528 14.7144682785 16.9475439662 11.6847806156 9.40332008573 10.097755602 10.7917393578 9.10859234645 12.1255464544 11.5225148916 7.29355294185 10.3762380574 12.3621081453
-1.82226029218 1.745433782 1.56559042918 2.47025429644 1.70536855864 3.21382177178 4.56417603314 2.04336357037 3.01330987817 3.77810924721 -5.35983034599 -7.57217246013 -3.14335447231 2.6712595774 -1.99363406507 -8.46861238641 -20.2620006331 -14.7958719883 -8.77615570867 -6.76587762663 -7.85087314665 -5.1965507218 3.39864616969 3.191951776 3.78266708527 2.10699140898 1.21136780018 4.29737655223 6.16865856534 8.9970811757 7.34106454524 3.89797765295 2.58316407522 3.51709828963 4.50733207064 3.6790910443 4.44800822149 2.73313915677 -0.909099105909 0.522939192431 4.68678009736
11.1930500107 11.6919717348 9.75106620787 11.7941037706 10.4071228027 13.9022487982 12.1458387971 7.13316603535 3.82122309029 1.31336407958 -5.21729410854 -0.370045410095 3.1179201551 8.36266245318 4.90996151203 -3.23552714263 -8.04110557324 -2.30921116224 4.8262668328 2.59595831276 1.83058189702 5.37392543801 9.537562233 -1.36711953535 -5.77737260367 -0.877229685447 3.40609101649 4.26021757341 4.42431769329 7.29331969798 8.52473405855 9.58434082708 6.73892162881 3.50000103429 4.94638128189 5.31242319437 4.9823071722 9.40791066864 6.1639888589 4.70664685372 2.54622063128
2.29481064629 4.53704774562 2.68493312185 3.71973345485 -1.32097624193 2.31164700789 0.964268621374 -1.23333286852 -0.0971060226452 7.08368317248 2.06629416362 -4.7259615161 -0.767048531707 6.42855909937 1.65359855003 -5.33934649152 -1.9371000439 -2.79242123996 -6.81610591623 -10.1493833998 -0.943443212404 -1.17430931361 1.66064060035 6.88459654052 3.12404510825 -4.92936362802 -10.8638430889 -9.91826016896 -8.5087162772 -10.5009640667 -10.4988757458 -7.89137726148 -3.79291077349 2.6837752199 3.68049102873 4.13350767865 2.37474951098 2.40803939802 1.98306335567 0.606560848431 3.44741695802
