-322.055741251 -322.869138038 -314.552907562 -240.191213348 -209.519687543 -216.364882901 -215.333704625 -197.264546627 -160.797843624 -128.874327845 -136.255957088 -207.194201322 -276.898906474 -286.456244671 -232.765840359 -115.157229322 -47.4676888035 -24.5761529764 -15.3693036603 -17.9049876615 -35.5606318901 -84.6677498956 -142.84406392 -205.259935246 -266.877885859 -301.428972432 -321.54830347 -333.850798196 -337.262354343 -336.832456899 -341.248659669 -345.100923876 -347.243894037 -350.729642575 -354.019296773
16.1551425211 25.792913325 47.6475710601 83.2449963989 111.349793993 123.992611668 105.214730201 90.768838923 83.7025513395 77.7644073818 80.0425688701 86.8560885453 81.6573431071 78.8890680021 62.2508013632 87.9952300919 83.3811761856 70.2001754274 72.0668192758 70.1411709656 72.9069307484 85.6287015246 101.195474416 106.775960107 88.441631745 66.8932574617 50.3454509881 40.3270800686 33.4524541789 39.7645988137 39.01540548 36.705151543 33.0081259784 28.5468620284 27.1772265393
-14.3484645473 -4.79218075058 1.47461177575 -7.2802083225 13.3380101854 46.8341911368 52.0489715535 46.9197133826 31.0032474475 9.85133755039 3.111700214 13.7496634605 21.3644385859 14.8030653704 5.36647893753 3.59675708395 -9.26797106946 -21.0235473314 -32.6626812622 -36.7639569138 -32.6349777634 -15.3517525378 2.15587171257 12.7319052494 17.210737109 10.9803062802 7.80490938011 4.81858596632 -0.617511738118 2.99719922066 1.80023822669 1.37385881758 1.38776195006 1.86308823033 3.54206293877
41.2489275989 39.6033149016 26.3135989013 16.6058515723 22.3960568535 31.700743267 42.4727964617 32.2781190153 20.0848632749 23.490611518 35.5148130532 40.4363269473 33.6245765048 16.3828907455 25.9438316219 27.0078501035 18.5343923215 9.14571876383 -1.74430219463 -1.65453693447 -5.10145300084 -5.70507940942 -2.87669050858 3.82216488622 10.2050892058 9.26355569676 14.1154122027 16.3458614896 13.5054612509 11.6603168189 9.70784555589 9.44507282108 11.0440582492 14.3792871946 17.4875357321
-10.3810934425 -2.91457884682 -0.413265110061 -6.74107194996 -9.66781070255 -16.2854561455 -20.9330098515 -32.0167272744 -44.3335947134 -39.9518666073 -22.8998411067 -9.69730212679 1.02252817119 -3.02798000889 -16.6281539627 -30.9778684452 -45.1097299147 -56.3710796147 -60.8840973938 -60.6343292782 -57.9781145073 -55.2572529797 -41.4234583369 -28.2750120708 -16.7714100857 -11.1662274769 -3.42795515122 0.923801824368 2.48904073926 3.66934395798 5.46408531605 2.38367595872 2.43544078461 1.03824662492 4.91951788526
6.49605054126 10.6979811951 10.2036454097 7.68238276201 -1.07974928134 -17.4857384824 -24.3169212194 -34.5722592109 -31.6609544688 -16.1662821577 -3.85652661698 0.279987022776 8.70178304494 6.21283214759 14.2747283153 -3.0172384556 -11.1252627477 -11.7340591876 -7.57877950364 -2.60308189709 0.243330775933 -0.182579453019 -5.09780525452 -1.29058015895 9.32170144586 13.3715203517 13.2623975907 11.4964883486 11.6504431764 12.5038647585 8.70018290801 7.31323008052 11.658914698 15.1399768334 12.5732579423
22.7382508005 16.8671896054 5.89503576687 -6.43200098459 -19.4520175673 -32.2087981875 -38.1775582343 -38.2182506511 -24.2439984025 -12.0524261596 -7.73450654127 -1.31347429712 5.02599765642 -2.35707640118 -20.3476993674 -40.6758737458 -42.2258333393 -38.9498595112 -33.1230895584 -28.605116345 -23.5563692604 -18.0655183431 -10.1802219656 -0.102614763286 5.66613385384 6.19888343313 5.16625675899 5.75021717739 4.61994882442 2.04567709026 0.151150558338 1.38138684012 4.62484640134 6.06646515571 4.26105954144
-0.894933867743 -2.93173473538 1.95632915503 10.9970864473 5.06283846445 4.89677660077 13.8963772864 27.9646207461 44.1276667697 36.339944071 23.0409424332 16.302207346 4.89530636884 2.1729352011 -3.07597759074 -0.737247413499 5.35931139907 10.2275525816 20.2045043334 26.8418757189 26.2276507871 24.4482500587 18.6992879898 14.6657114439 14.5437545002 11.8000367085 13.4588685794 15.1665928267 10.8009014561 7.14135482232 5.42588996811 7.90969596855 12.0800490343 11.6327724187 7.58722505788
-2.95381373544 -0.961844670688 -0.353854635072 2.16794227915 -3.346065492 -11.8355949042 -16.8209388606 -12.9843861394 -12.1859799927 -25.2294045394 -45.7766162835 -42.9385719493 -23.6008787642 -12.7430528208 -9.53010535866 -33.0662013426 -43.4751365024 -37.7195006644 -29.3322525805 -31.3636970937 -35.3893327196 -28.0482257149 -19.6557598306 -12.0110536039 1.03407102883 4.39295398193 8.09684523875 5.94212790602 3.1683661841 0.222631428907 -2.60907667428 -4.80610119131 2.99880286422 3.25819345359 0.591855460397
22.3616776007 22.6800032889 12.4420945166 8.38685259045 4.71359148762 -3.54302397661 -3.90211360457 2.5332793297 -10.0476170519 -15.883469472 -18.2110984271 -11.5276387155 -2.90021257332 2.35673139066 -6.9869243228 -11.8546910257 -5.59346692388 2.05271494811 7.30475445923 13.1928617057 11.8293847906 13.1061497713 12.7217577115 16.4044908933 17.0139593556 17.1170924949 17.5916379951 11.4651811197 9.61323755723 10.1282343639 8.26612301251 4.84595214023 7.32463598126 8.64813074486 6.0190455456
1.32341861298 -2.25577528879 -13.7032063945 -9.76880261559 -4.06041770956 4.30106532653 6.33968547799 -2.56578852306 -21.0081385122 -25.9472503958 -23.9921587044 -13.1089561169 -8.11419168488 -6.56581079068 -11.9963895703 -6.44563334432 -4.38467729972 -0.123711084235 -0.361538825066 1.37350188834 -2.63107086892 -1.29674789693 8.80363254589 12.4325677526 7.51060047973 8.45852663313 8.58344386128 7.18550320234 3.88527338027 3.38881932512 6.8403168398 6.38020356311 4.79601315716 4.26734198541 5.87668712799
-0.604621184851 -5.26400449133 -7.93878852105 -6.7191076701 -4.30096150722 -2.07443064638 -3.11624758548 -8.49973950296 -11.2555253923 -3.58256552524 -0.185312252076 -0.519045412325 -0.796690821481 -5.74233894114 -0.739547288199 4.49828428603 10.4925304181 16.3867581 14.6600263046 18.3112204697 19.9056515033 18.7352559029 12.2485195156 10.9627541072 12.9628646314 13.4888388154 7.85736484606 3.83133355426 6.42097383564 6.81815914805 8.04385659766 10.2522957406 8.64449672426 7.3697392604 9.22503876393
5.58708425602 0.432347231794 -0.809373461946 -4.4700592874 -7.11929657784 -9.36330155775 -15.2462128629 -31.0542997181 -24.0524095804 -9.78419501821 -3.92058070498 -3.21890672326 -4.63982991448 -7.97917093608 -7.71042100281 -9.91738782938 -8.80175229298 -6.42604078452 -5.55053610408 -6.03186559505 -9.55037222557 -10.3772975485 -9.44884176469 -4.31871332827 -2.48451280902 4.14600293552 -0.0264426385444 -1.22039867161 0.884684631561 0.653651699931 -3.00932078569 -5.3742892455 -5.07424455936 -0.612052981922 6.83905604031
