-239.828902769 -233.961550469 -234.334039514 -234.381554684 -234.123508774 -235.720039212 -235.760912222 -235.846089414 -217.818492673 -182.591010157 -174.719901977 -170.375289266 -176.914898008 -183.91787298 -163.153051812 -139.737104954 -158.243897236 -205.946147976 -221.121768276 -230.009291847 -204.345068192 -94.3067396441 -44.177123321 -52.8336442198 -79.3300374086 -106.969870467 -134.529245378 -155.468494129 -173.91607828 -193.588408219 -210.225832412 -218.622147788 -224.357127587 -228.508253753 -232.196912532 -231.78316282 -228.765747674 -232.331946783
32.3629513559 36.9664654398 40.4048352648 41.2177164784 38.9105705484 34.712970208 36.1612369937 36.067349773 42.5552414987 55.4240090861 79.0325671744 93.7614674604 88.4411512879 74.0944320425 72.6325320058 77.6702802495 79.346971558 68.5615439809 54.3746131813 41.4995904414 39.3870904609 77.8102681589 89.461765667 82.0627989418 68.3255506346 71.8977744991 77.9595207271 78.5472308252 68.2198322869 59.4382714982 53.8565282765 46.2227713332 43.4225469341 42.5702178326 43.1659168612 39.118245581 37.2597064984 37.2664589926
7.88809104099 5.05594444692 7.41667281558 9.33624148305 4.90661371721 1.25844447996 0.163305600576 2.62641504468 -3.76715025574 -13.0776466813 10.0678595818 34.7229769125 35.3540443407 25.0875163083 16.1418529409 12.3202959473 18.1654057307 22.4332491896 16.2272470171 10.6332280599 -1.68141507821 -16.6471309077 -42.7165188932 -51.1992826924 -55.1008661195 -51.5494298794 -39.1432017432 -24.3092012016 -14.2286807589 -8.79027188181 -0.220899186044 5.36756420721 8.07368842751 9.73375455738 5.99739442456 1.31510446804 0.404138502993 7.31889130019
10.89964319 14.5156624124 21.9222857218 20.6173427696 16.0718406749 7.91800889911 7.36157078883 12.5920983142 5.40156441711 -0.673192530641 11.149409258 23.4763748757 25.3421853831 19.9132232067 7.30037670775 11.4816351154 23.5889543296 20.4265060223 19.5456860473 23.3044443374 15.0958097122 1.22643618359 -1.30445323266 -1.82321747815 -8.55900339619 -15.3308960655 -16.2518073965 -13.6808514981 -6.6931439506 -1.63273617407 6.91137466042 11.384199818 15.576936508 18.0681789452 11.5206539914 10.5165902075 14.7096905136 19.3726388068
0.502895639578 6.66266468919 11.5059313585 7.3268034986 1.35011108847 -2.33398106125 -3.83990790562 2.58571781971 2.69097948784 2.48178948759 0.737392336814 -12.9297960961 -15.2419657702 -13.8093936961 -24.1284250931 -18.6615406574 -7.07482268929 -2.65192438604 6.80793113829 10.4290115036 -0.347218848552 -21.3508338485 -20.9838295839 -18.3514890428 -17.0921792776 -13.8779725054 -11.7310779135 -10.1181597544 -7.55813835487 -4.25134732497 1.32876940983 3.70630974584 3.30471038819 4.2525745229 1.19503022768 2.15087745124 3.02442309237 3.92623915397
2.17050846764 6.57547475293 11.6903808268 14.2236442724 11.0661556534 9.23458897522 4.90291531308 8.04274727365 13.3498124151 15.7624420534 7.65848623034 -7.50029903339 -7.76323918946 0.128189588171 10.9906748938 19.1917278356 16.0308713198 6.86614446334 13.8748246539 12.9941688184 18.7508863454 6.03826044505 -11.8942147831 -18.1743749957 -12.3786146785 -1.33974458863 1.71058613577 9.59253601582 18.9072143075 16.058413116 15.1176024731 12.3883304043 13.7161267061 16.7797165075 16.0506641026 9.92083341308 10.9591932579 9.9076180391
4.8319496591 1.50589450754 0.734604611973 2.40668670592 -0.782088812984 -0.912603385394 -2.68438760427 -1.40583156413 0.996373142552 -4.19416986971 -9.96342477389 -13.8257882435 -12.2043255219 -3.97379533476 7.01942981649 13.7320859349 11.2146091409 5.85829515068 4.73350598782 5.02052647306 2.14884751341 -19.6694757061 -18.3892997933 -8.91490679666 2.41514177837 7.19048064012 3.20784025822 5.98130407909 11.5484253637 4.96475036534 0.309586348659 2.65366892941 5.39072030916 5.67085327662 2.66242028698 -1.85926526322 -2.40304235094 0.951898910871
14.8785274463 8.12608569427 6.76020874162 8.57056778404 8.25818337385 10.4855562188 8.86716575148 7.53424068822 14.3206258882 14.8702032594 5.13161672821 3.69189178973 1.2583054522 8.95034854864 22.2354105116 18.1413433828 9.37007235446 7.02717289422 9.82066257969 13.9669147941 13.8076137866 1.99095602569 -7.31286752313 -8.82483581391 -5.51776402061 -5.27079070365 0.83933133785 2.17227588414 6.75810175063 7.28267016886 7.22322408909 6.15387054769 4.9661161574 8.36048981408 9.17924373175 3.41368382416 2.94084263382 4.49960385156
4.66985986847 2.49818750965 -1.14805787996 0.355482350359 2.68001683631 3.41527118039 5.09101972227 1.05037058577 3.31687707757 -1.15674862321 -3.64483602901 -2.05637922405 -2.78664123894 0.204915933119 -1.90774778687 -10.7415384246 -11.0469148724 -7.80431221066 0.890531715265 6.7580642501 6.97144052827 10.3493560913 5.94890641659 0.594956427754 -6.67606170534 -10.025448518 -6.54187788183 -2.07967433977 5.84723985706 9.0864908839 4.6513918078 1.99822159521 -0.0705865917429 -0.0257689719331 3.78197895127 0.487522383924 1.08963397494 3.02045880992
6.21419341475 7.47155876463 7.4194184464 7.96749366394 8.47314584339 7.47839320968 8.42691183295 6.59021218119 4.58908355432 2.83627591232 2.85273148443 10.9554288488 8.73349314147 8.21449574485 5.34740696795 3.64046163535 1.31501683324 -4.6502974624 2.64686046977 8.72966530407 4.40631815411 22.8499790846 31.2829176693 34.9376710629 32.8420473636 27.7184690753 18.8741404148 14.9637784004 22.5320979094 23.9934660558 18.5955390385 16.9927415859 14.9148834325 10.3922811915 9.29727091171 7.45325273746 7.55771116047 7.772771725
5.54042695286 2.37329612269 4.43507852361 1.84504363109 1.10025367252 1.00677432025 2.43542733607 -1.00307257113 -0.589541541948 -2.27511721602 -8.31097480856 -10.4304351703 -11.0965295915 -11.3816154546 -22.3980085315 -23.5369986439 -12.8305209572 -10.5355317961 -2.2850115633 0.674504826544 -1.43217151838 0.962102777365 -6.99937990867 -6.11734390234 2.99573063176 6.99646582589 7.51195159401 2.47058270376 4.41153402845 4.28433448335 1.33758988939 7.66214806038 9.08089145812 2.17472593796 1.85229650232 -0.578686208221 1.55922422672 6.10094785505
6.13634414852 4.95152218203 11.5577158378 6.56870250521 2.65697335913 3.42547833567 1.14478737865 1.93057729722 0.973890706752 -2.85070525671 -8.19208946687 -8.04599468791 -5.18885639068 -4.41766491226 -4.6541542821 -4.36668948804 -3.04809494373 -0.720754023807 3.19428312366 5.79347366917 1.23123776023 -13.8216210414 -22.0463564526 -21.4143186075 -19.0780104121 -14.0687156798 -6.57174190387 -3.77349450601 -3.6567753834 2.26301711076 2.97632738138 7.17710730051 8.87154283506 6.81786475981 7.17679747138 7.34850738878 10.1839005956 11.0755507164
-6.31602835061 -3.47634304179 3.95816215992 0.202710133812 -7.33671919097 -4.68132121158 -1.06460190844 -2.01613794776 -3.48997085665 -5.5224601129 -12.3752866489 -10.5894229953 -7.89588006188 -8.21146864336 -1.34142186681 -4.49265979738 -10.5431277873 -7.01108363169 -0.670738758091 0.263726190418 -2.32164340103 -13.1297334574 -10.5650441879 -7.4937469874 -5.13184372659 -2.85412690969 -7.49056344997 -11.1505981553 -7.52832818392 -6.36915818477 -4.01449387012 -1.4088337879 0.199282069809 -1.50713286673 -1.75263961066 1.68780286726 2.54834215506 -2.59730131155
