-215.628096771 -208.954833095 -204.279381741 -207.948043605 -203.537511937 -199.398700533 -195.462311245 -194.569616895 -188.627884822 -172.722163172 -147.416374026 -132.568357375 -140.136968896 -137.733818667 -129.823228241 -120.321362571 -99.0596566832 -83.3242157719 -99.2639243342 -149.823310822 -179.364620254 -191.608580408 -191.370545987 -90.3218588251 -20.642075737 -6.40785857699 -18.0040078368 -41.9545624419 -49.7127066035 -57.9926513834 -80.9019903709 -116.036716885 -158.984954241 -173.321250257 -186.713499757 -194.019060663 -197.272466289 -199.780233788 -200.552674797 -205.753426618 -202.787705599
27.2288482949 31.5211326812 36.3232635303 35.2229941335 38.685446109 41.201329719 44.4887713021 43.538706801 37.9704947088 40.7067579166 82.6820137037 99.9187562901 90.1637356442 82.5160623884 81.8977948612 79.7015993154 78.6369722921 86.084328583 88.7573359751 72.5232902352 55.3857450219 47.4379318848 41.5305226689 73.0169867141 89.6559536597 84.4451376963 75.2717280951 68.6530747156 78.2791156676 81.8446288671 81.3621923627 74.1262841797 53.4786010074 45.7101952137 42.131099967 40.0284743688 38.4226128292 37.2710391412 40.2330631231 38.1311959435 38.3061352624
4.00773919459 2.95566829486 6.70188413673 4.84231423291 7.8076001166 9.16561010836 5.6248069436 1.14185391053 4.32772693569 8.26361806715 29.1666793649 35.7634356058 32.6066929796 25.785989878 21.3346975491 9.18876440382 -11.4582776853 -21.8908213824 -9.82252937928 8.47451398516 11.955674797 10.3025422857 5.02793449501 -11.5620439043 -36.4865415082 -66.5388591072 -80.3411112427 -75.7191999098 -66.6116624303 -60.2386903077 -46.2905180596 -24.4354703491 -8.23518207464 -3.86299398247 1.21195565784 1.24345906734 3.00499420072 4.03584103662 6.06383688129 6.55604682379 6.565470056
23.145859908 16.3324402742 17.4539406148 18.4229538597 14.9067084612 13.5380624547 12.6939398002 14.4436729539 20.8985365861 22.7727159448 26.3737791406 31.2058878807 38.9092625388 43.5711228613 42.7446165154 26.025893875 9.48532787211 9.80824938637 20.008169135 25.1881027044 20.1082352745 18.9712389 20.0838672838 21.9526444516 15.1658839106 5.01495298422 -0.507898505151 -1.94923897344 -7.78736183119 -11.0502784402 -9.72344637455 -8.9138721083 3.16672931067 6.71555273648 12.2185725789 13.3003996545 15.7211594371 13.3572316864 13.5946633366 12.8010651808 10.9711604876
10.1387898874 7.78919350127 4.79883902945 -0.133048514575 -0.388942796924 2.46082909054 4.92550244773 2.00640667974 -0.498502097333 -3.73987363007 -14.1761394508 -24.9067225761 -23.9823723887 -20.125384412 -27.5467113929 -46.0941898213 -55.2028343785 -40.7591455476 -23.2021646542 -7.28707160284 0.184601189389 0.200346906437 -0.145264248248 -23.7867714577 -39.0253326417 -48.4272690144 -45.1983119413 -38.4045385363 -35.5055070615 -36.8839885719 -25.7267305271 -17.5937658131 -6.18262646346 -2.03455750007 2.74280144308 3.90920579764 2.48089072617 1.87572498956 6.14468641921 6.44890631248 -1.07134355218
15.4634804218 20.4083473099 19.3364210327 9.15673504726 10.5218415905 17.5100123953 14.9966064143 7.29614069372 11.5373415219 15.2680967662 -10.6691260009 -25.7371970427 -21.8231331184 -23.8745972231 -25.4601966651 -27.5393815049 -22.6004009152 -9.76324472703 -2.63491030576 1.42193624681 9.30507002625 11.1351835751 10.366220362 -0.78688281145 -1.9167478756 -2.45915523507 4.12496101178 9.15009825049 15.3012190739 14.5277383061 15.7899147892 21.4271935837 25.3063991386 25.1296417841 21.559373924 15.0125634559 14.3790237858 15.4576186045 16.1653660482 12.779567976 2.57876278437
8.56803236909 9.81384013865 7.56512251544 3.87112377975 3.5513052879 4.88570026743 5.2810731411 2.7886691436 -3.46617613799 -9.51116104375 -24.1714174263 -16.8994001382 -13.0547743478 -12.8167391769 -7.89459731072 4.84641469353 17.1809273498 13.246337917 5.42286107301 -5.23198468427 0.619495808547 4.87708995876 3.52920177151 -18.3263562273 -15.8963480737 -6.52372806402 6.23467945681 13.5947908958 21.9258175946 22.9489361473 22.1300945139 18.0002830437 12.5801326331 11.6884001077 11.8039739738 5.21339259798 2.80241667542 1.1635381366 1.0288361869 5.20659782249 4.27813478003
10.8697068038 12.3008929984 12.6944471985 13.1529450153 15.0007989844 11.6872480183 7.18015295934 10.7791633726 13.1572612338 13.8654975765 -6.22304177436 -17.7206224291 -25.1377095363 -25.5100589526 -21.9161938702 -10.990661329 -3.13203620388 -12.874624239 -14.4329385592 -9.82938834511 3.75807225571 9.73383412671 8.46495519575 0.873874631204 -10.3091449651 -11.9907761723 -8.26765868637 -9.30816069295 -4.73630227036 -2.05115966524 -1.28692518429 0.885257426365 3.26348451947 12.4210870052 10.1401723651 8.38850772391 10.7797108 7.94041861321 8.93137539428 11.7593994919 9.76139157333
3.26382995249 6.23836688048 6.28358402119 3.53679104796 3.64956431566 4.65973815745 -0.675359541645 0.78970424255 2.45727476199 -1.67753340361 -10.0334089172 -12.9059165141 -20.3657856638 -16.6517072038 -10.4778642197 -2.13594027354 -7.66784995573 -22.7744583306 -23.6554445277 -16.9981003655 -5.74791031142 1.11677696842 2.63278328571 10.0423108752 8.77328726268 5.67483396517 0.930366159953 -6.19812660671 -9.44680845376 -9.20017305901 -8.59811672887 -4.26666464361 -4.46753480223 4.81460984397 5.80025571404 2.89869172576 2.99570657511 2.29149388874 3.94740694511 8.22637952611 3.82141195048
5.58338493345 8.87188356364 10.1966463635 6.85043971643 5.51437936325 9.5529085888 8.92390579793 7.94892373421 4.73772027278 -1.90479013934 -4.79181410759 3.56039247968 1.52826805815 10.0148371402 16.5165707191 16.6167032768 2.34780729055 -7.32494434045 -5.39519736447 -1.63230384071 -0.120992388391 5.53768847361 4.66627890813 -0.611073413194 6.76301107201 6.92512920424 6.62352977118 2.02316084719 -0.0861801657778 1.03595890348 2.09700875986 2.47701576707 2.68931638192 7.80609002539 10.7063958416 8.92673391644 6.17518338406 11.0167324587 12.3177832501 9.17258357425 1.92643484732
-3.72177458361 0.436001539412 0.621887156019 3.48223371206 -0.934063623089 -0.788995946422 4.12820176514 5.15735300585 4.53705400057 -0.570871317893 -5.59171664971 -5.90760975547 -4.96035387872 -1.51832728947 -0.695387734187 -7.15208329635 -13.9303661754 -13.3427384632 -13.2296281858 -10.4837494492 -3.71184587081 -1.29914504122 -0.197062777897 -4.55746434835 1.00533450946 2.33047297651 1.64344603847 -1.38158110222 -3.89423890023 -2.77474676432 -5.89707130659 -4.91121384229 -3.90214701983 -1.96723647924 0.64866925803 1.16356479616 -1.2554701561 -1.16527479385 -2.93848186946 -1.97815148453 -6.99323133207
6.59447929403 7.17953544576 5.05560156435 8.34832446832 6.61241631881 7.23954214002 10.5445524359 11.330328768 4.62889015464 1.66077148005 -4.66663269733 -0.066334726629 6.82580501768 4.41358784187 4.18431718347 -1.91313825912 2.44262648398 6.59177703274 1.44266578539 -1.93516136694 7.21461991502 2.12224152324 2.50904664861 3.39840167537 -2.43442654703 -5.90508899132 -3.41704767097 -1.04838415674 -2.85076966574 -0.966749705255 -0.927714149418 0.975059483876 -2.02286699003 -4.99787823665 1.37894772 8.28962617787 4.00031564395 -4.39622728312 0.540830242221 3.20987476348 1.42881997412
-1.72123155947 -3.29667543118 -2.26938185033 0.572509743522 4.36659452045 3.77932378865 5.58411371353 3.10894287383 3.35389712816 8.52925090946 2.26259250281 -3.0746162248 1.14359807533 4.9840694836 -0.162590111546 -6.03059886347 0.981916931036 -3.88484091427 -10.4441065754 -8.57625361726 -2.07793389713 -1.25384384868 -2.68554808917 5.44103804703 1.10218393809 -5.57386725914 -7.26464624098 -2.66138739871 1.69442434698 1.65492151393 0.684605963569 4.13102327887 3.51598983285 -0.578643806464 -2.17899313672 -0.570580246581 -1.88811736896 -5.57722839483 -2.85039004288 -3.34222654492 0.868399460916
