-225.958502159 -225.532156118 -227.277602528 -225.03894988 -225.225092231 -227.308014321 -227.785816857 -184.696811256 -145.006515225 -141.15892188 -126.665555268 -121.684103314 -120.599758305 -106.823582527 -102.843303167 -146.840152733 -197.579387728 -212.23920922 -184.586909897 -63.8139024228 -16.8781551462 -27.1160045914 -36.903160174 -55.571164792 -74.6365686735 -97.3488074838 -132.595817478 -160.080487265 -185.76458306 -206.816119778 -215.359886939 -221.426146554 -222.355853373 -226.209765358 -231.561525558 -227.221820081 -237.673492008
34.8331177318 35.3594149951 36.4484679312 39.6930030195 40.8783373542 38.8096289787 39.1162950333 45.4757259737 50.6626686303 88.0927644365 95.0558723025 72.6020663688 76.2055699909 91.1836100202 98.6877677992 91.7196373627 66.8373618591 55.4165570248 48.2885849787 86.7907165131 95.4056666494 81.9125968 73.7979153184 69.6867507794 75.2135236153 84.8212991411 85.4863340434 70.9420282414 61.6885001096 54.7540825006 50.3493946 43.2220300797 42.5841095143 38.721458856 32.8497591623 34.6116737289 30.0260890093
2.06945313935 4.13996059695 3.45551090434 2.94064546254 2.94684018308 0.127640985056 4.26371960422 -5.34378105841 -8.61680367672 21.3334654103 35.9001006689 31.7893106321 22.0344043686 11.8755849333 13.8166373661 19.435310511 15.412549799 12.952375049 6.24809584446 -15.0785692249 -42.8200899965 -58.4077214355 -61.1498133753 -54.3142266807 -39.7986815794 -29.4154837305 -20.2581730433 -14.797411837 -6.61670231974 0.640756421818 3.44557943916 1.94937126956 4.63872973558 5.96403898539 0.38327496121 0.754373727842 2.03656500726
13.6649488931 16.6830753392 14.1297995706 13.6128806745 17.5484775249 17.6501964022 21.7111554205 13.5069742902 15.0694321988 22.9339499443 18.8463397906 26.8829819626 16.1297071333 6.96613806576 10.0645012528 20.2005892425 17.9533647537 21.3213363448 21.1257785799 8.92187526057 5.20534497886 5.38164605215 -3.02162833027 -11.5146401484 -14.9648857941 -12.4386481328 -14.3756459197 -1.11018751303 4.31033414588 6.34297545277 10.3179240448 12.4707327794 16.1439771919 15.0267176304 11.2277378773 13.7901318856 14.0234379797
4.08446439779 4.52500553475 2.52237923948 -0.918897011601 0.947603547961 9.20784826318 9.2597733959 -2.30933709896 -9.80308838877 -17.2392290735 -30.0881710299 -27.5879912705 -41.3846883014 -45.537177764 -27.6137618223 -12.5053205877 2.37981478652 5.96611120069 -5.9704421442 -27.2561206174 -32.9815977166 -37.9393231103 -39.1589794522 -37.6815578198 -31.6534437165 -25.3173259729 -22.4855157362 -10.9739828837 -3.49792965434 0.598339533623 1.86289537489 0.976446304959 4.46970265129 8.91307965318 5.84832064498 6.44904311369 7.67084288649
10.4275199063 8.63506663821 10.9327919982 11.7140738603 10.5634108222 11.3416476821 12.1704482531 12.8267254021 12.6737334027 -4.77125620577 -19.4588565465 -20.2313924603 -20.9247393408 -8.92179196288 7.41489870658 8.6190108894 13.3713252406 11.0483032568 15.7105120896 5.48756624568 -8.30020778907 -15.7892678751 -4.00846512766 0.860709355824 4.68435476584 4.69858142518 9.29788414804 15.0265703282 11.8294966501 7.90332334895 6.24783065745 5.38594847331 7.9223573336 13.6541872959 18.6687955059 18.9886493648 10.6387970416
5.05613702086 6.25161833356 7.31407917884 7.86959087321 6.13308728454 6.47710627422 7.73325850198 4.18260734241 -2.85476172425 -16.5519355035 -13.5969181133 -14.0694329125 -4.59722774645 13.2535013279 17.5896751741 13.2414124886 4.57186789098 1.35039384466 -3.30925853236 -18.2306301015 -14.8153790636 -8.57787157394 -0.325172136943 2.20938531367 5.22532141074 4.93602405684 11.6410675661 11.0812770447 4.85761931836 3.44461922423 2.3720654871 1.37092441589 0.660323697729 6.54420864229 7.64270341509 5.37672289247 -1.58135420074
7.03729987413 11.2235822891 16.6027691646 16.3014153621 14.0489110857 14.1834259349 13.6989150733 17.4681332084 19.1829435478 8.15242237816 6.91409297638 4.45985332638 13.8890264945 24.545036681 16.8855447352 10.1203838552 10.6773201031 13.1002862323 13.6398656827 6.79320340204 2.03046450949 3.56041945588 14.1686212338 20.4234874103 20.317502312 16.9678661698 10.2483361168 2.02035664788 3.47727219341 9.5036956346 10.1134831451 10.1630877997 9.90976303662 12.1091996166 12.8064879624 8.94682141451 2.98540044596
0.37133700917 0.71319175112 4.04417450896 4.58985695673 1.39622524126 1.07656527968 5.29152589696 10.0833281113 13.1182417984 8.19709189293 -1.06828165487 -5.88259487222 2.12323543706 -8.19081817628 -21.0487256353 -14.7066914553 -4.12516213646 -0.265581323691 4.43455125362 2.12622005881 -3.78866264932 -13.4132775192 -17.4093766734 -13.6878220031 -13.5107043914 -15.218022115 -8.68739615314 -4.9686610072 1.26087045686 4.68229072787 5.30132732915 5.07204705383 5.40530249972 1.27671700433 1.47184145003 -1.93704518379 -4.65386560309
11.131259951 8.52725089335 6.65865154486 6.87242965709 3.82050705252 3.09216055547 9.74741400543 13.6153973023 17.4884311987 13.3281282487 19.6126616828 26.4757668185 27.5300444724 15.4901224604 8.39921810094 3.27288076997 -3.23720191426 0.91614968246 12.0892359241 24.1880694299 29.0806722967 29.3714298898 28.0944213989 28.3319050773 25.9233734434 20.289790886 20.8750368349 22.2406243701 21.8908857876 16.7856095277 12.3215148139 9.27003223074 13.4919617916 12.5987467465 3.83429181734 -0.873838860603 -6.26901549783
4.68832761141 2.42900623251 -0.251558663536 -2.81501426759 0.619266942965 -1.36849619193 1.56640218002 -0.458833920354 -0.77401218299 -5.51543260287 -15.1735358937 -17.8730728209 -26.2935167922 -31.1495500433 -23.9543816337 -8.94401574122 -9.261109219 -4.80297237374 2.85836540504 6.07305815465 3.59681876961 2.68381569501 9.4128139717 10.0109582688 11.9727364436 7.54337381705 3.5411001545 7.74823574199 9.46860497665 6.45132430873 5.10998932241 -1.09410628058 4.91948889356 3.99193285018 -1.19436626692 -2.48646898282 -0.548096947117
11.6178981076 11.2346878145 10.9644842551 8.89942934055 5.68557149868 4.75241359436 7.92407676646 -5.37608451515 -12.1602210148 -11.2897521117 -2.56185358812 6.11679592398 2.36826205774 2.25783448716 -1.59231935669 0.658558923756 6.34397903436 3.60012245619 -8.02927492379 -18.0950757707 -24.3991193236 -30.4561066974 -27.0139111368 -23.7499130608 -20.1241480889 -18.7284434156 -12.6678036448 -2.91896291191 5.08130390334 4.00172366221 5.70794150052 3.86027038571 8.87203135516 6.22855859451 5.15565735707 5.70577201576 10.6162494006
-0.204609714214 -0.568384410665 1.85034591231 6.13122360997 0.131326229705 1.8009777683 2.9122032955 -7.41723666928 -14.2115533414 -18.8380483275 -21.6137331015 -16.4914750928 -11.8575020323 -10.4281283582 -10.0456289228 -7.78137128926 1.32655963458 -5.11347106611 -6.91254481203 -12.8667070104 -10.9639488904 -5.22775181983 1.65597540466 2.71661755191 -1.57748281691 -10.2648589972 -12.6858443266 -2.01936312553 0.0273838610004 -4.93001735948 -6.19379027851 -2.5822263619 0.917411856058 1.99152432348 1.77453019392 2.13126176155 3.47235833151
