-216.045403923 -208.796360098 -203.635570952 -198.870765607 -178.636401341 -137.817925054 -143.045354652 -159.608459807 -159.860288809 -149.570834095 -133.112185193 -116.393661555 -115.31553563 -146.406006303 -181.388021651 -193.245878808 -143.996985497 -45.7436477742 -7.55486711607 -19.7485566886 -67.0929067747 -112.648849564 -139.00349409 -164.301354954 -186.049425538 -196.243394174 -200.880179974 -199.227277427 -201.028708593 -203.270722348 -204.728351668 -212.922457427
34.3625957954 37.489802906 41.8485577727 43.5382530672 38.3767644341 66.601040205 84.136534835 75.7545167522 69.2736461189 68.9643475298 69.1332611951 75.6651404983 84.3859600209 77.7338395137 58.4872339184 54.2474215595 63.0427694677 87.7907900185 100.674333126 108.171701877 108.273146022 99.551629442 82.6726455998 64.544822784 52.2109420663 46.4544028566 43.8950067884 43.6276292095 42.2794365488 39.1050050325 38.0229348172 34.574770406
10.7023496521 8.15269057813 6.50040629709 5.68978932505 -4.08285042327 8.29618451194 21.2882500214 24.9150589588 24.2957276271 19.6965813892 2.9541369927 -4.42036029626 5.38114574897 11.8609604119 9.97709478604 13.4990067924 19.4636656254 -3.10479633475 -35.6828344945 -48.164599563 -29.4243248558 -7.39060096411 -0.913967265086 -4.29686221377 2.13852016741 6.68353888448 7.54592360924 7.58526206697 4.83053280683 7.12850660575 5.07259080273 8.0144402768
23.0497741517 25.4050507779 22.6606222289 16.5731545764 14.9938409067 22.2327418501 23.3204586516 28.1443386467 38.5179780676 32.0820993852 17.3688774527 13.4961037803 15.7311889374 16.9575549896 15.2160453191 15.7924732402 22.86985862 9.54945716105 6.15683180962 -3.461207949 -15.3473469416 -10.8796693605 0.434856558775 6.42949164821 12.1974678297 13.8688885666 13.3398311527 15.1777115467 17.797123103 19.2618028483 14.5975865731 14.4214537095
18.1263158474 12.4649803832 7.40335608915 4.63764642536 4.62331766696 -3.22420009958 -14.4812063919 -16.0379991653 -13.8732139258 -26.5685203087 -35.0031823463 -28.8571359743 -20.8553792313 -6.58398650682 -0.6765278568 -0.212730455874 -10.8037278915 -28.8785672422 -37.9427100212 -36.7735749734 -22.952708153 -16.2190259339 -4.6035513212 1.74713944463 2.93842526203 3.14560619958 0.458788015732 3.73737013321 8.81672249945 6.4352245667 1.32877991557 1.55302617813
25.5856973611 20.9420730922 14.0911068946 11.1986897186 12.8808515685 4.84857440543 -6.67016197141 -8.75861363837 -6.94079182168 -2.72752751855 10.8394408098 27.3541078598 20.0765659618 12.5024649896 10.753962033 12.47783201 13.1933702332 20.8586565266 19.3268361478 16.0502146135 18.7005890576 20.3357810416 18.4533351946 19.3873598775 15.1867729638 7.99226701668 8.59078567609 12.1917207381 12.2736871376 11.9984905803 10.7426302154 12.1647162448
6.22240360512 6.62451054704 1.76946488595 3.88310295298 -1.52316731608 -22.8481171047 -20.8496916256 -12.2898742766 -12.9672586051 -6.67072309582 4.54545149115 8.60450018958 2.65691289627 0.571080564777 2.92150277895 2.4939168006 -27.1298612463 -43.3095860702 -29.1837846875 -7.74637920124 4.57065278759 9.94895582939 1.82102403481 -0.394382772977 -2.34321683185 -4.52834394861 0.591726877959 7.08092856778 6.30587553208 3.53322377206 1.36045501013 -0.747681471061
9.33145974657 7.91338475152 1.64088788949 7.94532081735 12.4060287562 -3.28265919556 -13.710772276 -15.3085068276 -19.5953233636 -19.5861527031 -17.4933667565 -26.7441872922 -33.031156842 -18.7419974157 1.62153982268 4.2439149917 -5.70128167971 -19.801172326 -30.9311736283 -30.2396710567 -17.5635061858 -8.53570386983 -7.26625191457 -1.96685694217 2.87347147327 5.94966741199 11.3720923334 15.8373986827 13.5342457698 11.7767759169 9.0998050964 3.60735460218
0.836806471152 2.69500366971 -2.2399190433 1.94258722771 -1.55685228281 -19.3462927326 -17.1846781583 -11.4410961859 -9.92072339765 -7.38146314113 -11.0400324556 -18.6650634328 -21.7248448093 -17.4485628322 -8.18243506463 -6.90307616274 -3.30421820095 2.44344817544 1.16509469753 0.661055178839 -4.54495860523 -5.20814460335 -1.96241656542 -0.950060772189 3.01540750988 4.49654353899 3.1644516479 3.73712317307 2.61851941403 0.147755986192 0.224306681468 1.74701528784
4.83152318853 10.6260555082 10.4272166407 5.97113668186 -0.0431106546915 -8.12832564123 -3.70109080697 -0.547857582463 -3.32635528526 -6.18059332303 -17.244266059 -19.9377660549 -14.4395786645 -5.31810517156 1.12099764386 7.71884475665 8.4119665364 12.2399092384 11.1460896678 9.88951710234 16.500790542 10.7200746301 9.35223041676 9.24675919203 13.0123994586 10.0619675504 6.0119834852 7.03757301342 6.218555375 8.90162670179 7.76861963575 5.54926287564
3.185889789 5.86484977588 4.20622585227 3.67211085882 3.05442145886 -2.35686666853 -6.32864736806 -12.3563655039 -14.4834750039 -19.3876210087 -17.5184438393 -17.1435918041 -18.9289757156 -8.24041036766 -1.84512127099 0.178204871055 3.08075677394 0.269452824544 0.565391164575 1.87926231332 4.66591183069 -0.290672078041 -3.83331797819 -7.31943485981 0.291417732125 2.34496162088 1.20892056036 0.19507943394 -1.73605332049 2.45484703309 1.66154767446 -0.717371817123
10.5488069272 9.39553026049 9.92156798242 7.73117369765 11.2350180469 14.8022381889 5.71784620451 3.53227860585 11.3982386688 11.7470955321 13.0351144946 11.7414864518 6.16333971038 0.744210360638 -1.23835077979 3.23339985501 10.0018540889 8.58244947123 3.53764555698 0.921613854033 2.09157603035 3.80223347601 4.89655239498 -0.212660980518 1.02701850784 1.0670570881 3.3386434094 3.29384245361 0.982748610003 2.69058681964 10.4389295734 12.2329414578
3.62583439861 4.21740726105 2.66692831748 1.44974887924 5.84736360333 3.37917578856 -5.69584877736 -6.52026606832 -1.61466711043 3.32945441299 2.4041881118 -4.20260863366 -12.6159769842 -11.9422590628 -7.67520057814 -0.0913075305641 8.80315495193 -2.43327068756 -10.4187789298 -13.6038727276 -9.93932552426 -6.0927906163 -0.766910403652 -4.90156908987 -9.34300174275 -3.01525399392 -0.0150123754047 1.15406424501 0.675521634342 -0.741051750207 1.26746090833 5.58160967327
