-236.818135941 -227.839988948 -221.734602013 -223.510570864 -225.099005033 -222.133175443 -216.386708581 -208.027143226 -191.267452636 -176.06577053 -171.702093505 -169.521596393 -166.01278931 -121.88413921 -90.7578590438 -83.4808226415 -81.6592506939 -76.783110841 -70.4699153756 -81.3188441799 -125.334838696 -146.94914845 -89.3176960607 -65.6624736158 -73.8284248316 -92.2654360151 -104.550543355 -119.676826776 -138.491694731 -166.741019345 -194.387202505 -208.552572775 -213.955136203 -216.829718603 -216.781741789 -217.325593535 -224.05454103 -223.926976245 -226.775102574
33.1144938076 36.7548668556 41.4713683995 37.78424287 38.4065940082 40.7042658193 41.4435802343 30.0045425352 6.66561745425 -11.2037491852 -17.6539450951 -22.1567583603 -23.2711014013 30.2259086228 72.7718846127 76.3340612829 69.2489621207 70.9214799717 75.8332111469 87.4701001217 93.2786821296 88.0424772897 90.579235255 86.2556406699 80.0353724637 77.5849287647 83.4105561224 88.2555257704 83.1128347732 77.0464907636 65.6226664567 53.1770861542 49.2164354416 45.651499416 43.8819835047 39.9938133007 35.1561786978 38.6991021945 40.4067078561
4.04986868398 3.31762605989 7.0882350997 8.07269423526 9.51726805822 3.31691877499 -2.01107626457 6.29665068726 20.241717799 35.0515298751 46.7650092683 48.7821977684 46.5155185896 45.7210897609 10.4410178257 -15.7091971588 -33.2857271936 -39.9212263535 -38.952893963 -21.6169004809 0.269761284934 11.9267335952 -16.1994792461 -37.9274601416 -48.1310981512 -50.824452097 -42.4004900119 -31.6117035787 -20.1154141529 -5.59928198318 9.31948570649 10.6336064938 5.92160531636 4.44158153564 5.68328358188 2.48008377396 4.18309781949 9.94710490111 12.6240169211
15.7662842684 13.0495165706 16.7125046945 17.7566674653 19.9394184956 11.9473529481 9.38962589647 11.2196848445 7.47117117022 2.01426593089 -2.7237948648 -5.76590810048 -0.591674126108 11.3990027307 26.6602182678 31.1527908218 29.6057438957 33.8657052291 31.9277500712 31.021063748 25.3645938008 21.2265794585 14.4034355248 15.3374752515 13.2365738185 9.10295260028 1.266720188 -6.19064414841 -3.18471897955 4.43807843445 14.6795079583 20.1664300481 16.4707676208 17.6124639251 17.1102618042 12.7795796336 13.218624221 13.7219837126 17.6081632984
4.23165561452 5.41075410924 9.87746791816 6.46148240658 3.17032574584 2.8061564681 4.28939437372 -1.49576903745 -6.76950998421 -0.69894776487 6.86517396101 11.6995253551 10.7685264364 12.1318452358 4.93612422191 2.31183741718 2.41964070131 3.7751942051 8.47910231558 9.02699525241 5.8513870033 5.80400514627 -1.31958667378 -8.93142986447 -10.9100044272 -4.66520303421 0.173873782195 -1.81459755261 0.871148703503 1.36528575516 1.32140848793 9.3060100832 7.67753251613 7.64696139551 6.74114096096 2.17672435555 -0.423061577458 0.789706620135 3.22704757366
2.07616802859 5.53346114147 9.98904601225 7.49394973417 5.325504542 9.51309611681 12.7322501345 14.3965520623 14.382520748 14.2600703536 7.18329078531 8.21265908473 11.4141759225 4.66248092895 -0.824181039688 -6.67768326308 -11.6370026866 -15.2115883912 -14.8822729475 -10.3684858456 -5.86484849283 -2.15868806871 -8.06321539133 -12.6919594685 -7.48674315744 0.831265446067 7.39600820591 14.1215086209 15.7701246608 11.6691432018 5.85112600519 7.57854259447 9.21388492603 10.6244523661 11.4490194068 6.5567599026 8.22508883864 10.3320085728 2.41591862364
-0.606564472908 1.13031529938 4.19803705481 3.95039789336 2.75456997683 4.67170666777 2.71109126044 -2.5398553923 -9.10720953036 -11.5091923782 -10.5236530432 -8.32634020459 -10.224255358 -33.8314442189 -44.2765023922 -41.8456043081 -40.2495177653 -40.0719035736 -40.3340120099 -43.9130412641 -38.3095573271 -36.4064091952 -40.962904402 -31.5171543525 -15.3962506081 -10.6762876296 -15.9946773151 -14.1341297376 -9.84545095726 -3.9633065335 -3.15915425884 -4.94021320934 0.576252627466 0.950701716392 -1.34149398318 -0.1947015641 1.42095837095 -0.811010743366 2.30124528688
15.1958329942 12.6603757787 7.39454234123 8.55052944662 9.547187825 8.68021774786 12.333728143 11.3319535475 12.3826668924 14.6174020169 12.3162812414 16.0476499502 15.5526895087 -2.64609395748 -8.0740464253 -6.67488103281 2.1788482201 6.26367880177 1.01992441086 -4.22011377532 -7.36605986328 -12.0853366549 -9.76313534731 -9.60219721906 -0.523367702433 -3.25430222188 -10.139910902 -10.5316181876 -7.39840544084 3.99373164492 6.38488438895 5.58286738961 9.757536692 10.60429187 10.1247846737 8.55365017906 8.52243694165 1.06399799924 5.76265979424
11.5602215038 6.24676870057 -1.75813974024 1.41917861615 2.10220103212 -1.22177173359 2.06967172406 -3.06215621128 -5.00183730507 -3.86978397796 -1.27045607541 -1.1611283698 0.0763819120749 -13.6278940075 -3.3506273891 7.95982691608 11.4717937236 8.55283369672 3.77391082166 -2.8851313764 -7.15193912828 -6.61298198632 -9.09353985676 -1.26208222201 7.30992497251 3.16354972672 0.782506928972 4.20244280913 4.2487620497 -1.44697538926 -5.82554222775 -0.158545068688 5.97428111439 3.75811389658 2.80054372562 -0.136341600169 -1.02045357773 -4.42305737402 -1.35504263533
13.06866292 11.7391637361 10.1085085577 6.62200384535 8.96824072406 10.3643198292 11.0376099135 11.6658333468 8.78885132147 9.70487438618 12.4380248831 10.7053311021 6.34371282021 -7.59394282175 -11.44983301 -11.4673730846 -8.98491788111 -2.34157697934 1.66817676742 -2.84217775548 0.755590373268 8.56187312066 4.55077938174 6.98081615482 8.75082098162 10.9681209647 10.6391475403 3.7774713628 4.37840755252 1.11182150751 -0.474389566229 5.14189171783 9.29360096211 10.3313518077 10.0415798392 5.97945718592 6.59105846061 8.9661128152 5.1037610869
2.1979350005 4.64011910061 4.64392047942 -0.57338730946 2.03477445741 7.52032323349 4.24949849102 3.3344383029 -3.46999175115 -4.99848048807 -3.91872881186 -0.9461112522 -2.22988917048 -21.1636006453 -21.8836078736 -15.1220532604 -8.60406681668 -8.4997597028 -9.75650474616 -12.8315137959 -10.0018540614 -5.65900090323 -2.44039346286 -2.95139499165 -5.11509591428 -4.73571445032 -6.6090662687 -14.7582203699 -13.7864716882 -9.85088671584 -9.18542867639 -9.02627849854 -1.3641303974 2.66033319875 3.07247082095 -1.41016761911 0.882501112917 7.29734037651 8.14463335053
12.5206514309 9.30064145818 4.2276570707 0.710421950593 4.0146237046 7.46332187267 8.46664882914 10.9314405361 4.40316244122 4.2889775179 6.24942951652 10.4219216358 11.8014582527 -7.66048313999 -8.10192433 -0.410963865652 4.65532728259 4.00574889393 1.06002449164 -5.08080052991 -6.69724513594 -1.86176122291 -2.62860154776 -4.90291479378 -9.23165920289 -11.4847365223 -12.712636326 -9.76009142017 -8.30800163363 -4.10327711362 -0.166776943328 -3.66774709715 1.64926974963 4.15417619705 7.02329944271 6.72094815674 6.53429012161 10.1339404622 6.62477788019
6.04048680363 1.62374932443 -2.6518492562 -4.24409019442 -2.31364984493 -3.15082736905 0.341972384871 6.98774961046 4.07788343779 -2.512624331 -5.08598169628 2.43628716181 3.98921033872 3.68340474907 -0.575631010962 -2.28003416696 1.5726913019 6.46829096505 6.93859072235 2.68010208443 -5.32522577016 5.01372272654 1.93519182074 -4.83504614942 -8.79647097943 -7.29626868822 -8.49708868935 -11.7672503912 -14.4554358372 -6.08760859402 -3.91185185564 -7.7882449964 -7.42336041895 -4.75805039394 -1.53337941725 4.38115445025 6.41956653243 6.10072217608 1.60609774155
