-138.49556047 -135.242191459 -133.566191138 -138.956853275 -142.081422664 -139.093172436 -134.223228317 -130.450113597 -127.252466086 -116.180037704 -97.8768627197 -90.7318749101 -86.892936161 -72.3989304156 -65.7713550088 -61.2143814884 -48.6774264162 -45.067042565 -50.5295112213 -54.1801681969 -58.100750842 -81.8076340486 -93.8014839995 -76.6941168735 -76.689643888 -83.2410795325 -87.3514969412 -90.0638337984 -96.4038967499 -111.553253406 -118.880314181 -128.60213428 -133.565198971 -137.261501002 -136.764271114 -136.189424764 -136.205354209 -145.657278974
31.6598077111 39.0847084474 42.6957716624 42.7198966197 43.6714246935 48.8139125374 51.6380451124 54.125627218 43.7362616296 20.4560332647 4.85974277287 -14.9517100833 -26.1674239658 -21.6509073985 -14.311635421 15.2034044409 65.7662139014 86.7067463856 84.0806799829 82.7800087315 87.4780446472 87.820308426 86.1433646484 94.2335921543 89.3219017564 87.7366014783 83.3201130852 81.2309939919 80.9576676478 73.9625276732 65.6440064301 55.6145653719 52.2749784155 47.2584183728 45.3772964282 45.6184517437 45.0648406485 37.7424689165
17.9763652423 12.4138675537 10.5145281903 13.663173835 14.2746295867 16.0433707575 14.6589301424 15.5813295207 18.8818828214 27.4695549647 39.4134712561 49.4718676032 57.7682967536 61.8274874752 53.4222070244 55.086276041 33.1534058986 4.55536657396 -2.31566545973 -0.401047164495 5.11161442198 16.1564867556 26.8690082259 22.1670562024 10.3304740655 6.5044081608 2.29373576902 0.308550693569 9.6911990654 16.6622473897 16.9547270235 18.2492498221 19.2899677792 13.8110208298 9.61120296454 6.11871004409 3.89622245411 7.44686638814
26.0343186261 28.2384888499 26.8404681283 26.4552658963 30.8240389072 28.0900223049 19.5472776577 19.5418775166 23.5919621792 26.0659992307 21.8805456159 15.8660850019 13.0846745844 11.194448894 17.1492114848 28.6633133741 26.2975637436 25.0411106373 22.0869278985 21.2325812151 18.6237080196 21.9383343153 24.0666179349 15.7989781328 6.42391006169 1.0739152729 2.44700918105 2.95400137305 6.99250802259 18.8378687752 25.7775679406 27.2338815425 27.6406649453 29.5757390324 23.8632954151 16.8871400247 14.0073176037 11.0869963673
10.7989817067 9.8265179101 8.85872168677 6.58202442919 10.2682755882 12.5428165676 6.94887238271 7.44223370497 1.68271499273 -0.339865345486 -6.33206163801 -7.59313277456 -7.39964547877 -8.67425468336 -7.30706429743 -4.77516274606 0.0530873338723 5.83373842982 8.39121478994 9.28130244383 7.94140412183 11.2997045651 1.51205703912 -9.70603211567 -10.5377152511 -5.73191341733 -5.03553941339 -6.97977165496 -8.9608334375 2.50321716341 4.41134097267 3.5604575272 7.64755891605 13.2458772031 9.02549278684 5.28167817238 1.9164643038 -3.87424125422
25.3601486242 22.4386350047 15.8869180916 17.6943340316 17.0127977746 15.5524746153 12.5244769243 16.2159111284 24.7441556818 32.7679919447 40.9463684648 42.4957821075 40.7783478902 46.1939607063 47.1901978896 34.5848737923 20.4515289356 9.15337205012 11.5442276129 12.612593231 14.16198647 13.2905345073 3.11350186022 1.90267608273 10.3357626156 16.4481704322 12.8017110691 7.42810352933 3.01460481996 8.84630732464 11.370878692 12.9507687342 13.6093901606 14.9996340167 13.1082622512 12.0707423221 11.4779578389 13.3167784654
5.7802119498 10.8640644336 8.6821252238 7.77880194641 3.05904001661 6.5431187805 9.38969976511 6.85684494766 2.08806735893 -10.586942383 -16.0415873121 -17.8145083243 -22.7027904842 -17.4537491078 -13.9801269607 -25.7430481945 -37.5567170547 -37.3806649646 -29.0048104578 -24.4406226468 -26.3349757983 -15.5469363287 -13.2783115633 -11.7602931442 -2.60558940799 2.76897080042 5.62426657936 6.12304178423 1.55366835162 -1.62442827347 2.50847866258 4.53517445267 7.08479030511 5.97462547877 9.83364096079 5.80262206253 4.15129626849 7.7259646574
18.9128830547 18.0293225386 18.3660907532 17.1466889162 10.9118267114 12.0488542552 18.1066715135 16.6092350323 18.8293671852 22.738646825 30.1938889246 33.8278440192 29.466806499 34.7593475735 39.2978683874 24.1139438822 -0.999930768927 -15.6906165019 -10.5845492625 -9.37131247642 -14.4636216587 -8.66269286886 -4.69783457784 -7.04026498077 -3.78343675243 3.39957472606 6.6139047705 3.75543210809 3.76229674078 4.62884687933 5.85414300233 5.50972887193 7.2345386243 8.84781728478 13.9088639724 11.7846618733 9.48163129596 9.90886391049
2.50431020628 5.49544247346 5.24723240543 4.04681016963 5.83088831464 6.22569141839 5.58694773335 8.92644616266 7.08077343147 -3.73741540621 -5.59002893472 -4.3285645282 -6.10664125724 -2.68151579081 -2.71686537163 -15.0756923968 -14.3376448772 1.56822742681 8.11290287684 6.75492079869 3.59853799647 -3.7044568099 -9.01774884467 -5.80006411454 -0.823242893228 0.468428802598 -5.02304835872 -11.8904638248 -7.49771146223 -1.7139253166 -0.128071708858 -3.42153612555 -1.89928948473 -0.746187885015 2.79208927919 5.07087935156 4.06378392204 2.83453339662
19.4740710192 12.4372509019 9.86879992917 11.4595495066 11.7438984307 10.5594588203 6.58344697763 8.32233820346 7.53798616394 8.93428027883 12.084593509 14.0210920694 16.9491646058 17.8630221055 19.0004578328 10.272404167 6.29539733604 0.290335614739 2.21604239861 3.03398289545 1.57894254696 5.08893919073 9.97087628417 14.2377277764 17.5676638529 14.4389454375 9.15746026728 5.74701217688 6.47889471731 5.87633394504 5.55942444942 -0.119055476768 2.54776299567 6.55930326275 10.1698013155 9.94402941992 8.51072624301 7.94934248659
5.31274143463 3.68166046819 2.3413541162 2.5515249381 5.5980413666 1.48129003009 0.258776684482 2.08313712915 7.66314017681 6.24210185139 5.79794806229 5.20279886764 8.40053145236 8.02228585248 5.36100287531 -2.68089487169 -9.47472313908 -5.15500221748 1.75829365548 -1.29909451204 -6.96085506687 -3.46452997572 6.59234515502 15.2366499016 13.9459133587 9.44150400033 8.98846611233 7.84406844862 8.3609664546 3.68698017038 -1.17792760728 -7.27220562075 -8.28170050847 -2.00842452845 1.36910058528 3.85682245245 1.41266377187 0.679824925253
6.95756101495 8.84520248864 9.9659826452 6.12659094481 8.63709349271 9.32234495472 10.4022211693 7.8491507117 6.20280180064 6.03966830514 4.74116264267 4.49626965778 7.83619154065 15.3483470559 15.2528528203 6.25229201327 1.30663669131 4.48654311743 10.2992787145 9.94469739056 2.23226383401 1.40909209069 7.46896624625 9.67503970572 9.65508365662 7.89407564749 7.73940945395 5.94405810182 9.26762708147 6.65513990419 3.39884431028 0.246958156865 -0.882920081469 1.34313350703 0.0463917850174 1.00359942866 0.44712045067 -3.20603859139
-0.954779318943 2.96719285837 2.299449925 -2.19670920441 0.731567584023 0.17789312513 0.33078793718 -0.546992175623 0.510895564247 3.96238254475 -0.899406745798 -5.5513944878 -6.13836422953 -2.42450539611 1.92880296449 3.5643237454 2.48418261632 -2.27311596135 0.482679749135 0.124652654087 -6.14298489836 -4.73460400648 1.0079228571 -2.17003714397 -6.15271459571 -4.91651631733 -6.76305362112 -3.66093407095 -0.276496255021 -4.57602530575 -3.75843906699 -2.84165308186 -3.15277225781 -3.60231940754 -3.00037085263 -1.24318940952 -2.47879899813 -4.17639112138
