-290.143755201 -286.595777962 -285.879226618 -287.255066363 -283.411444974 -280.309898353 -269.143285028 -259.877849881 -249.822295491 -240.412626896 -223.945456555 -178.518604832 -123.211788695 -104.646517264 -111.326187611 -104.445504207 -86.7215763099 -95.8224267865 -141.687772127 -191.126198467 -111.090817027 -57.1771529033 -48.6399507167 -66.6437727807 -105.024787496 -153.70674851 -175.218773137 -190.81077163 -215.574434064 -241.299801498 -249.143021762 -268.067514733 -276.802818912 -276.89893046 -283.918637225 -287.828483475 -287.721491299 -289.435292545
32.7214782436 35.1663984869 39.5696894558 40.0118016636 38.9199058516 37.3838616571 22.0768656258 13.3017591756 5.92245673013 -0.998475700178 -11.9500019685 8.1391694547 49.077055124 66.5540190636 49.9280836771 48.2544902363 61.4553852686 75.4930939627 85.3608363294 88.855758411 83.0797484188 79.588547621 76.9274050034 88.3954612282 94.6749265511 90.9301029107 82.3204146448 80.3854532486 74.936110608 65.8742054637 68.7129812272 57.7065354705 50.726479755 47.1731480413 42.6629707891 38.3421478465 38.2689125628 37.0333166494
7.419373349 7.56099773842 7.88077525131 9.61936200323 3.68405036791 1.56777234095 15.5758068005 21.2859959225 28.5269573338 26.9529824333 34.0987481215 48.8388155575 2.7893341422 -51.9728473005 -73.5708540497 -90.1962167762 -93.192153164 -73.9893346576 -36.772376779 -5.22765724813 -55.9851791356 -96.9607956681 -118.506101379 -107.117753989 -78.7430575343 -49.6391645789 -41.5018786894 -37.2759944516 -22.0755217003 -3.5096436836 13.055772425 18.8379697679 14.566145484 8.37236956086 2.27247539925 2.22087844835 7.69927674863 9.66025896138
10.7295635836 17.2130329636 20.674760124 23.3255049409 17.7058950246 8.51167361278 2.5209394862 -1.33337276758 1.38405002468 -0.614352678839 -4.99147255696 5.4226425768 13.8087202025 45.0798297415 62.451036381 61.3333962825 53.4795476736 53.7375789794 51.8832531151 41.0617626713 46.0621742094 40.0880940399 29.2392589221 18.0998194474 9.54763133993 9.10929116089 10.1388301104 5.28549093264 5.73081143285 12.0646190697 20.5207748968 28.2103092988 27.7859290683 18.0134135282 12.8711586017 14.2356844806 15.2280332093 11.2507579866
2.1386346866 4.15430265653 6.62883457228 9.32369542272 7.5480698681 5.03033289285 8.48680722663 12.4782554909 12.8393817688 7.85128371866 5.56641297906 1.81596385168 -4.34130234121 -13.8693595968 -13.8472174121 -17.153282894 -22.8213349562 -18.567401701 -9.16309251014 -2.99614651674 -16.704974575 -24.9820843005 -22.1466175439 -20.0737330243 -15.4631901683 -2.9081126935 4.9918056365 4.84417960568 6.80876139291 6.04548432739 10.4418086603 11.7352319362 6.62027604123 6.01809525415 6.91295115101 4.7179140976 4.62455297538 3.69637797122
8.88790096166 11.1367947584 13.6409227906 12.5901221827 13.767744265 14.5802362259 7.57695274571 13.415273435 13.1818877572 11.8384418787 17.7401803851 2.84179359232 -21.7449002067 -30.9303904807 -26.0455765107 -24.1594573925 -27.971970824 -28.0400567647 -32.7760148983 -25.3284422297 -15.7952604848 -8.85442028047 -0.0300598701614 3.08448075516 2.45279086136 5.28611737693 11.0666152937 12.8986445665 13.7222786048 14.095036168 15.5097188323 14.7411113128 11.0670128134 14.6917745198 12.6610991467 9.91833038837 12.5104775904 11.3173966034
2.94176440146 5.95716088261 2.5136737167 -1.10243545495 2.36006555332 1.51367915292 -11.2847566254 -8.05109039063 -9.52126478202 -11.6210250474 -12.7654997403 -35.4810074796 -43.4487420066 -24.4132969901 -8.58937779504 -3.51816376139 -9.49393470798 -14.0251658115 -18.9584973593 -19.8118456756 -15.0696055173 -5.23465827535 9.52752853632 18.9516361206 18.256956382 14.2665333478 6.35662890786 4.66482684035 1.15874764643 -6.0403562275 -4.05371996706 1.43136729844 3.56705653619 4.66366575055 6.97901715762 7.42440871901 1.71170089639 -1.30360953965
11.6181193096 14.149826651 12.3411537288 8.63895105717 9.12322587862 13.75457137 16.3271093688 18.1080430043 20.1438711438 23.6890834674 26.6699003744 8.30221291086 4.60414130465 -7.29899155914 -3.60019198713 -1.52150848222 -3.00643441611 -2.53856225269 2.3119334571 2.75339208336 -12.518501605 -14.46482392 -9.48254868207 -10.1605010171 -13.2621404962 -5.55881691625 -8.38053963798 -5.900620151 1.1347638542 -0.209846436539 -3.69501940362 0.745603790773 7.10491996013 11.028057505 15.2095259815 13.7188003692 8.16624298893 1.29284526196
8.90654079094 11.1939015346 10.2770337202 3.17081779566 3.72389703655 2.11965385849 -3.60059771581 -7.42045565312 -13.7547409294 -18.9104738729 -17.997208834 -27.1478089933 -30.1095312364 -18.7586714167 -3.97855571949 2.04270112763 2.54872794374 2.12464898243 4.74186419019 4.82425889061 6.35304990421 8.33958191635 11.0914012687 2.6204822422 -9.37340964753 -5.02635530069 -2.36792559884 -2.4120789549 -2.20597582329 -0.989776950086 -6.32977517228 -6.77316580754 -1.60497575366 -2.87232085478 -0.388359282825 0.0608504891688 -0.0194032588457 1.42607847789
18.1267181069 14.94956798 11.286431281 9.60339359781 5.21180802564 7.98140730354 21.4800766896 21.3940684435 15.8725800197 15.416799867 13.7700481868 -4.63776349892 -12.9287931127 -15.053232037 -12.8541835618 -14.5833544132 -14.3274898366 -16.6634897176 -9.97556135225 -3.11145422908 -3.5125176243 -3.92943242551 2.14599150037 3.9519926566 4.74066950303 2.61331427174 2.64000113764 -2.46879775642 -4.88835218021 -2.95867752645 -4.26807054223 -0.924337359271 2.7371134727 2.16545256451 -0.775753473562 1.06557477457 4.14587321931 6.4046138286
10.392053547 8.63000188969 4.04665871353 -2.02122810149 -5.93374631081 -4.75861355547 -8.80410099418 -8.38896479531 -10.2276461234 -7.38151578234 -7.97836775449 -22.9904023926 -29.3466978792 -17.2171657524 -6.87060892194 -6.11517749611 -7.51036538789 -13.5501950521 -10.5111250421 -10.013441021 -23.1603916459 -22.1552203202 -14.7874224827 -14.4731800781 -15.3833708807 -18.2271630575 -14.0367967968 -14.7099914412 -13.9123374478 -11.2214788365 -10.8137171024 -7.07826060011 -2.86802573894 -0.814169709933 -1.76498365021 -0.565041018679 0.686415540057 1.79077660895
8.30597718958 8.90537524771 8.85929535657 4.90694697559 3.38802958115 5.85166630151 8.8203151469 14.0312354788 18.1016100519 19.3735981063 16.5553695125 12.895936001 11.6868524129 18.3779066884 23.6539033428 20.1606670372 16.0128260433 9.98349237283 8.24979513999 8.76932296379 10.3535357758 4.44565627462 1.94813353286 0.0707936240349 -0.739961570701 0.729221719846 4.94574273382 5.39924248198 4.73301783091 4.93754643129 5.24318542529 5.22973368655 3.99174061892 3.68202796865 4.93359809209 7.94128544542 6.78148744612 6.63903706218
-1.49362521159 0.618693991646 4.51385855446 4.25525320167 1.34452175683 -3.46367628144 -10.1952670944 -9.55105869368 -2.39096776304 0.715996719582 0.332264575372 3.5269361616 7.56888625509 9.8189455774 13.1561560651 9.35268314238 9.24720608349 5.87169101973 1.10970947934 1.42435112103 18.0850025023 14.1018137065 8.60601855052 3.46887028498 1.96938607763 1.12622079615 5.01851633872 6.33178018972 5.31294606886 5.90332901271 5.78266044941 0.173791213133 -5.83807814999 -2.89961208927 1.05272645869 0.388355488528 -0.566113180313 1.04242691193
