-157.510589161 -150.735477291 -150.678934705 -148.343872725 -137.131856704 -122.525647404 -120.117171267 -120.320901717 -116.393078484 -115.268605381 -79.251092374 -53.4578382902 -50.8300141419 -44.9673554191 -41.8709392011 -50.5108942123 -65.9851901674 -89.2058876927 -119.048608017 -124.645120786 -89.618951248 -71.1936133622 -74.2873811234 -81.5319899655 -85.7441783363 -94.9758214397 -100.234109235 -106.875973907 -105.142560477 -110.764632009 -123.468330198 -135.711854814 -154.583302458 -152.158712276 -150.722227315 -157.841215103 -160.870108968 -159.327797181 -155.361765914 -159.6361844
48.34537316 49.468644662 41.1658864544 28.2553557389 17.7477658669 14.2252997039 9.27647620038 6.27838519557 0.353972296443 1.96523863464 57.1964734741 86.1670699001 76.5413695511 67.9103085692 61.9926505053 63.4925967661 67.0969123679 78.1435850246 72.6556072296 71.4330999353 91.6273178298 87.8192932587 76.5799565531 71.6069125451 71.5202700955 69.6912633018 70.7217484376 68.9742737505 77.4238532653 79.1614740248 71.4796037498 63.4527710827 47.7993301457 47.5166972136 45.8405332124 42.9933208478 44.0074141845 41.5891724817 43.3040147659 41.5734732585
14.7810088292 9.85550537836 7.43756580411 9.19586503977 16.0086502889 31.8542274576 35.846855244 36.5400788563 36.9834101879 31.197874935 34.8843983662 8.23756746521 -6.09182509833 -19.452086165 -26.4298766006 -20.092974571 -9.66184689105 4.12354853859 19.9755549133 27.0304498782 23.8360865296 13.0684712665 0.43115195477 0.923773753189 3.01995846784 -0.373495781372 -2.15953820059 2.06875821115 8.44767829594 16.2937860024 18.3067577284 16.5370906025 16.9718711023 11.1790888261 8.64164371774 9.05962100135 8.38622449711 9.63095324861 7.1412716614 10.5118832778
19.0504893653 13.2155305863 16.9618686499 15.7757004614 6.24654476738 -0.629025899761 -2.15716919188 -1.83004974461 -3.17083432611 -1.46252597434 13.4294637815 22.2649747579 30.138145673 28.8255376403 28.3932719733 29.2410521633 27.5193305721 22.6215992679 20.4220358547 29.1059691073 19.1581963119 15.1881736842 16.9264117462 16.8323231428 17.3745962679 19.5342129691 12.6643356937 13.1756096981 19.4271744785 23.340057392 26.9026997051 20.01939914 20.9096639801 20.490607165 22.1918743944 19.8892746447 19.3701309111 17.9898498967 18.7413231767 21.2643624373
5.63908977503 4.53612221686 8.07344546077 6.7307509708 5.42438861409 8.61780763367 12.947599293 13.5089686822 13.1534665021 10.3348144648 9.43154901176 3.1137442597 -3.82437421417 -6.14114882345 -7.98757709813 -4.23456473543 1.26334351087 1.13259480259 1.48898484757 6.0825264682 -2.3973619318 -11.9533619909 -16.5030877574 -18.4555345713 -13.9502438593 -10.8880905162 -8.92951735649 -5.96251658055 6.37308036544 13.5243935013 15.6868924811 7.36387815464 6.59667522658 8.62936388752 11.9093033008 9.96355956817 4.0572981998 3.14519403628 7.04556741405 4.18997789179
14.8359031238 10.5805482294 15.1916354703 17.7383198133 11.3526879784 13.8126215688 19.1843068278 16.9714645736 16.5148305592 17.259150509 10.4470014097 5.15990776165 5.27982963462 7.50396006423 2.68386843398 4.19093222149 9.42743151888 8.18757660438 9.97803002505 8.35548436771 10.0884311105 17.7217607477 23.4317966114 22.3633262549 21.8699588455 18.6896673107 15.0452333196 17.5647365 24.1126663416 23.959116721 18.3378205353 13.2840643498 13.174453784 16.0269837566 13.2629075395 15.3862952421 14.0539989647 15.3805351623 12.9359115637 7.42030822047
11.0285033503 5.08023342139 1.85518417733 0.028832391629 -10.0166869756 -4.78541816243 -1.47779535143 -1.15676099914 2.26192729855 0.975318303555 -27.8408571404 -30.4752338639 -20.8577886488 -19.6557433604 -22.1413080131 -21.9741620054 -16.1024672483 -11.3359554805 -10.1921328457 -11.759886951 -16.4947668547 -11.299129676 -2.90922322347 1.99477360201 2.95644099535 0.99719540744 -1.73067691003 -2.32230435053 -1.97307740539 -5.7096357456 -8.99016268613 -1.79783281456 5.86064377064 8.88092314428 11.0371315434 7.68855333671 5.38582195511 8.21349122693 -0.983193726674 1.51022592784
11.5372895154 15.0633824422 17.1328321737 15.8634937727 17.1309740309 18.7327903753 20.6747395045 20.2878886598 19.8634993663 19.4784548784 -10.4012974867 -27.2494068254 -26.7593859039 -28.1124915969 -28.9892706643 -25.6922473689 -25.7979933464 -20.71234699 -6.91459530828 -9.22249425844 -20.4075037074 -21.0403240837 -14.1176550127 -13.0269485718 -15.8012045098 -12.5055111296 -10.7496331562 -9.88252309022 -13.3486924367 -13.0507681783 -13.1833288323 -5.34639551637 12.2083648796 11.2255874515 11.4897916544 7.57982046039 9.20641212929 15.2158720134 11.2681833221 6.01096101047
-0.668480786705 0.918066025685 0.615368579914 -3.78047512742 -6.21824774841 -9.6025384583 -3.83327386127 -5.24162748579 -6.22476999002 -5.17801643369 -24.3419142119 -17.6642493841 -2.78362387298 3.39728768886 4.04268249733 5.72181903925 -2.92999887771 -9.06263319294 -5.4181929156 -5.65085283435 -8.78010192242 0.353012496582 6.06211802508 4.01073783514 4.15993720751 5.17130848544 -3.96822362405 -8.55468526575 -12.2735124278 -14.2557112523 -13.3717545349 -11.2893373761 5.69793308033 4.02529758319 -1.06379794247 1.92411780472 6.15742492956 10.2391165446 9.63815098625 4.29554018502
2.48196912899 4.15778620722 11.5094357629 13.0888188309 16.768066612 16.4206426113 14.4591022235 13.0764763429 12.6828323432 11.532283508 4.29607208127 4.30434592306 10.3106431787 15.0496863163 13.8468955663 15.178853875 10.6422767595 5.25639602323 4.50419605406 5.56348877946 3.23924960878 4.60472728735 4.69867328363 3.99223993012 4.7105342385 1.81077823818 -1.17555471167 -2.97304095217 -2.2079383391 -3.78851472974 -3.88594468224 -1.43969997277 7.78036506897 5.67002888435 2.06942299191 4.2926858808 8.48813294538 13.4359516036 15.9824268844 12.0334739594
-5.61220649539 -3.72352507293 4.63901304203 2.07564956391 -5.06029815395 -9.27948882853 -5.25339177031 -1.23408871591 -4.64278462044 -2.42082515135 -6.22940981634 -6.9878248293 -2.26482316125 -2.05503669402 -6.50127850517 -8.12649769353 -8.81271448509 -12.6402532164 -7.11605659904 -4.25781715525 -5.23180328049 -0.293519040838 -1.45957551211 -2.0464054595 -1.22390691021 -3.367424262 -4.3351970131 -3.49873072617 -5.21519559101 -5.87654951432 -0.567042704518 -0.585792731714 3.63871923259 4.82392163414 -1.55427727169 0.995710631397 1.65475342825 2.29583671534 4.29279228097 8.34049509483
3.57411099091 6.94833782835 10.4821644265 10.3809358407 9.97331241259 9.25836322477 12.5239680848 14.9098259286 9.18201767026 3.37923162438 -2.29624081671 1.70184521366 6.63582261611 7.97397483059 3.88318555315 0.873813839355 -0.463013848341 -3.50450772535 -3.68698458907 -0.387196525198 1.60000571056 2.24431167941 3.24566387777 5.84789134717 6.8535605469 9.8613199508 7.34517885724 2.53782700245 -4.91503041463 -1.13821656746 0.82672301375 -0.861133440967 6.38782130003 10.2444341619 6.22738388449 7.64505289877 6.76317980418 4.4235364589 6.80337699131 5.37643491027
-1.18009903857 -1.1207808215 -0.155338375133 0.867426537953 -1.96306817781 -2.00865713087 2.06000885556 0.45553823173 -3.26863968429 -5.70611325115 -1.64869931682 -6.22247274571 -5.48630437285 -3.70882190798 -4.10888676905 -2.73138237429 -7.87641077308 -11.1869678417 -10.0445375412 -3.29621960914 -5.8914925392 -12.3016472968 -12.6156169984 -12.9305245311 -14.6414522062 -16.9594299256 -11.0902700895 -12.3068699653 -15.4445029627 -14.6932854286 -14.5558800002 -11.4930483994 -4.42124107608 -2.73634095453 -0.503302911284 2.14646600263 2.22540126845 3.20136498231 1.56480857189 -2.68950624737
