-200.157663847 -198.805757706 -200.969477248 -199.203003599 -195.267413187 -197.067768913 -186.087744336 -170.876636269 -159.093795766 -150.831485224 -142.930433651 -129.270689377 -80.3257301643 -49.026991776 -31.1696316645 -22.6566679634 -43.9058923336 -92.1769614697 -130.555234352 -105.398055998 -63.4029444429 -46.6960522018 -57.5530362491 -80.0890715781 -111.515186866 -141.757835532 -157.34307575 -168.342593982 -180.156769766 -189.083099038 -194.087022232 -201.550181622 -204.708948485 -196.748993666 -198.546490191
54.729180016 50.5624402781 46.8459206226 50.8208904908 51.448831068 48.3880622267 48.2699948593 27.2787874213 9.71864752322 1.47558792716 -5.43995706697 -7.77950669259 31.076471428 52.2389113371 41.5093645008 41.9606942064 53.5707593412 67.3381096464 76.2375388952 75.5447489764 84.9002499802 91.8603053106 91.4744280013 94.020163673 91.580159829 84.3560547164 75.8181889795 70.4764238203 61.16671273 54.6148465351 53.9087230037 50.6205476975 45.6360599028 54.4427730946 50.7291059989
13.052001504 9.24962388488 7.91391668875 11.8225520713 10.6454962293 11.2734636853 18.9300242991 31.9231042657 41.8279784176 44.0094722432 43.8309620436 43.5813111605 24.698439348 -11.6902043931 -32.8068566196 -40.0239124134 -27.6027300003 -7.12727598992 8.30175023719 -6.88887666974 -25.7140447799 -38.7049112022 -43.452496956 -32.410580647 -13.3547608519 3.85485853197 7.88721365002 9.53053298931 13.1753094294 9.44980159809 7.21608517168 10.4704210558 12.0511487686 15.5265793306 15.9529788023
22.7892009621 20.225460642 16.7561669786 18.4579375678 18.002701303 20.6496224708 24.8237424815 26.2295987261 18.8401452459 7.92793895109 3.57219740755 12.9173334419 29.9878982732 46.9653121733 51.9790390167 54.9941093934 57.8838840489 52.2893300867 39.3131647117 32.8760461046 21.2707051598 12.8004114173 4.56408365828 1.06712056982 8.12605879875 10.1215335767 16.0070376123 22.850266507 22.9614293417 15.9968787836 14.9519832627 19.2611631395 22.8767136886 18.9864160863 15.3812445841
7.79928636749 10.2873935478 8.77071477791 10.6660838468 10.7744954471 9.38004581656 2.408964045 0.0961994022034 5.7398488602 3.52078893724 1.09215405924 1.44382559638 6.72287708385 1.36044306021 -5.20690602735 -9.37413704422 -11.3100885791 -0.807591201234 5.62296568021 -9.40853453825 -23.367432202 -30.9648492747 -27.3713893789 -20.9087495813 -11.5093876699 -1.49581137695 5.70785474236 8.86263422784 7.53088936286 1.00707630714 8.58951294052 6.80205311872 6.12991607711 3.44119292509 9.21903125693
15.2520802227 14.6826491407 12.7743470749 15.6745390221 16.7509213455 16.3794442616 20.8358920573 25.4194077756 24.9679896661 26.7792123849 28.9979108351 29.5394981858 18.6120922768 9.29879073768 1.6070005284 -2.7488594511 -4.06442260389 -2.24345894786 -0.817276403871 -3.01331239383 -3.72392894215 -5.84040904334 -2.47557297642 4.27833671097 7.23450598436 13.2612782968 16.7410635902 11.9817770372 12.5535346084 11.4307853675 13.6354597756 8.93030626786 11.8473977923 14.2543578379 17.6746532046
4.2609773594 0.659237400483 -1.93167469809 -1.72005847078 2.9987345278 3.46551244016 -5.20629355999 -10.6274491866 -11.9267693392 -6.39253034412 -11.5741061372 -16.2436843791 -36.2884734169 -27.634938482 -24.1481569937 -25.3742147854 -25.0703602349 -23.1938236429 -23.2511622764 -25.4022924734 -27.6353338591 -25.0898937062 -20.9386236225 -16.4150940731 -15.3415096898 -12.0476364482 -3.62974156313 -1.58028185976 0.740894291263 1.56541455159 4.71099093467 3.27945784708 3.1973193937 2.86197886478 5.8330082937
4.35767742297 4.17411454896 5.11932237812 3.69908395585 1.36634890444 4.31102114064 9.32830358108 14.971642929 16.0306936361 21.5192105552 19.0812237092 8.7620207827 -14.7033905299 -27.3525103849 -20.0142736664 -16.0386806675 -20.2143126811 -20.4842804055 -18.6895198107 -35.618310255 -41.3068734495 -31.700039102 -24.8306487467 -18.9143845944 -16.7431700302 -7.9998944663 -1.47525995265 0.210599093362 1.42141563668 6.80484250372 8.94656026021 9.68395979158 4.67575917513 12.4321526688 9.24386884176
-8.46292126265 -3.81186337545 -0.763840769401 -5.08731180033 -4.03466164305 -0.583720491964 -1.50999896921 -4.47354304591 -3.91457138754 -2.86804000175 -4.94368029662 -6.18940689483 -7.93523106868 1.65832476776 16.6008764886 21.2820952398 14.3980265135 6.30658351229 -3.2994833816 -6.31504091715 -2.666025121 6.45776300211 9.66171533729 12.2376244017 12.1286730124 7.18348060376 3.64133065437 0.732497416307 0.862406359484 3.73416996474 -0.364098698034 -1.6956937404 -5.68860834258 -2.75255108788 -0.495927270321
5.69395195369 3.23283104309 2.90166425415 6.04166912165 9.08810637133 7.86925107578 2.6152269199 5.4902226785 5.25175916551 10.3206875184 12.5052264716 7.63707371204 12.1205956807 15.1718707865 10.5625851868 10.6785379693 6.88143765448 8.15314277797 4.59852052875 14.6130613542 23.5713838825 22.6841341787 20.0115821593 26.374154554 28.0270963327 12.5669820977 10.0195206349 7.86592207024 7.85561653956 11.2960977851 7.52773985997 3.87205590443 5.27631564982 7.01729465498 7.29619206071
6.3296803315 2.04926774236 -0.00895622695932 3.2679585269 3.44004385481 2.2745047106 2.22568674807 1.73880556894 5.75560171673 4.15460192227 3.97182160483 -0.400722508432 -4.73692075021 -11.0933354154 -9.89993793341 -4.8738048409 -8.7325970157 -8.75769969204 -2.90580680576 7.67881678274 18.3587371499 16.2799429022 8.09638457566 5.61342924437 7.41130403638 -0.199235591136 0.128046642592 2.83858764712 2.7001279915 1.0779746589 -2.49307271664 -4.2894869199 -0.491549810801 4.42972120403 11.8678134009
16.9651887006 9.58365180601 6.95080091191 9.20849145656 9.41640858289 12.8655273209 11.7375260809 9.9541540622 5.10867543501 5.29171725196 2.11442585651 3.77687308775 -5.6693379328 3.289319868 11.6627468246 12.7042805521 9.51797950145 3.75477787139 2.85445241664 7.55617549266 6.0969450964 4.96019398673 0.368924726426 -1.84375743971 4.40350238974 4.21188228585 5.12341283777 9.77097877036 9.8970850113 2.50608822994 -0.49593170762 3.11700750981 9.40451889753 10.9353444527 10.1709023601
7.68335527347 3.84262072703 0.089037811639 -1.76531826833 3.81025878747 9.3995654958 10.6681383926 8.37217312597 2.02988042036 3.63621029401 5.73101351994 5.47560673127 -3.25953086439 -6.3246264384 -9.51434173136 -13.1248988642 -13.069642479 -11.8757930007 -8.09017257907 -0.997012061794 -6.72533233228 -9.85466338883 -9.64920265512 -3.25949695861 -2.87488484759 -5.48206927745 -7.00595486788 -2.14782054311 5.55070201848 -2.98917629823 -4.17859544281 -0.455269067437 2.98738000006 3.79844674377 3.83229233758
