-169.035047432 -164.160510752 -161.431461632 -156.135745036 -160.236161402 -162.35106215 -162.569540025 -158.131306274 -143.344028753 -125.664824139 -109.253800242 -101.909691897 -98.2322125214 -92.5065190259 -69.7569236066 -39.392892688 -19.2240154985 -18.5348600546 -30.4729695725 -59.5094689772 -93.4639201713 -87.4100807637 -74.9143447812 -78.9161428729 -86.9638135316 -96.2599445982 -113.426955628 -127.875657275 -143.312418407 -148.855824416 -151.653545041 -156.011059559 -160.550570893 -162.484443691 -163.054127532 -161.014432889 -164.705741899
36.8110568312 38.4688898137 44.1326789754 47.0434233995 44.8569125642 42.1245529544 39.9056559069 46.6130145436 36.5615947249 9.17275050638 -14.682716072 -29.2649320421 -32.2946562306 -35.5435717108 -2.18466874637 50.0499477584 61.6005829837 59.0850978661 63.5371501788 70.7097616757 76.639572542 74.3980979196 76.8217076779 78.5028670147 78.8038927246 78.5580707223 72.3118839571 68.3010513791 59.990817344 57.1574502873 52.5761874834 49.6474420483 45.8302255062 48.5977179598 45.0350572212 43.0351604287 42.2638040762
3.71089466107 0.0562154451667 7.07145325125 8.19506357384 7.96649434734 9.03291790221 7.13878236479 10.1309184409 18.7746466371 28.2810403207 41.6108498195 53.4257525994 62.1145459035 54.6954500683 48.6662422485 6.36356483058 -42.2619221218 -54.6188674132 -50.6816350366 -34.0614529306 -6.41976258259 -6.16643345881 -15.1336097234 -18.1599223061 -14.4364572513 -10.140046975 -2.55530199221 3.79209071278 11.3415416649 8.15415680221 4.95514465818 6.06625153727 8.51210674447 9.00244383403 1.76321206231 0.988912817608 6.17626142948
3.24934256377 7.63665245169 17.155121256 18.0800194716 20.3921913144 19.0772677104 18.9118345986 18.7264882789 19.3062366376 16.1550048377 4.89596404755 0.829302014485 -3.59225626284 -3.04917775916 6.68761366024 11.5889714866 33.217854084 52.6980016847 52.0036335924 39.2911817592 21.3339859986 16.5176469192 16.3063666234 9.53647384692 1.90515231391 -1.85532871474 1.19936726205 11.566609248 20.1928256553 16.8669566393 15.6486359979 18.4020575206 24.0388743704 20.6504689861 13.8604276624 12.5592603084 10.9524639675
2.80377399659 -1.65251101938 2.34217573422 2.16734409713 9.4142479434 12.8500832631 6.9389174273 4.09910278728 1.92064491219 -1.73909372212 7.71339862702 18.8990201077 15.0544866022 9.43773661259 11.5571799838 15.8299021418 8.50721511882 8.20214336588 9.48147444562 12.6587808053 8.71713237781 1.8462084628 0.0999348391623 -3.38064107454 -8.10113543115 -10.6157932516 -9.71851812112 -3.88695174617 3.39526781147 4.66034588406 3.40459634416 1.42121543092 6.26380654304 8.2366066678 5.34531112832 5.66418330562 6.48116086494
15.3506481945 8.46354178681 12.8116941708 14.8769316421 16.8878887354 17.0516081301 12.2884451642 14.7575021873 25.1822533027 28.9174178868 27.2062804761 23.0745268507 17.8312049727 16.8249510918 17.3248993794 13.9611767202 -4.12702921004 -10.0364080036 -12.3614096144 -3.08336098453 11.3490951485 16.3841595495 11.7599890021 12.6459959704 13.9292289813 14.4881426911 13.7804481358 11.2786596991 7.87071587143 8.67178915802 10.0930045951 8.31096736114 8.84954668835 10.6245723578 10.4588969492 12.0165823546 11.588326181
7.99039443739 4.78099547328 5.7960882582 5.56705675075 5.85892535863 5.43105240295 5.12243623205 3.27146399237 -6.5684181852 -15.8380816252 -13.4349605341 -4.90025516791 -4.50060685262 -8.7485239943 -18.9659991962 -29.0161836762 -24.4775791595 -18.7247133776 -17.3993170922 -13.8554768847 -10.026691278 -14.3192964022 -10.1291703025 2.81784972054 8.40379343918 9.03566762522 9.75445258532 8.65876664813 2.63754946285 0.0319565515195 -3.91253575768 -2.89002389895 -1.7576664426 0.295581679654 4.96839842605 5.09572307774 6.04130257042
9.14340783985 7.20745618272 9.57166006266 8.78754936626 10.4816691887 12.8120534845 8.83825240845 6.42474537176 14.381619022 21.4705904309 20.5771155097 19.8949620272 20.066627892 23.0975353677 6.45342243924 -8.47052500836 -20.2890285979 -20.4210473094 -22.7437914683 -22.2267589009 -16.5714598082 -17.2613512506 -15.4238833771 -7.00851476395 -2.1832780992 1.11831399187 5.40655686536 8.62627963887 8.44405322915 10.6314434677 5.38872850229 4.56837068803 10.7676636473 13.1144256682 14.3301443108 9.32488610536 6.34134570066
-0.141847962745 -0.435056206163 3.47662617021 3.92152626454 2.17018739717 2.84405922109 2.5294968652 -0.620629765951 -4.56419600364 -3.31435617694 -6.29921795456 -5.02496486569 -4.6362764321 -3.35854023229 -17.8300988516 -23.8724596607 -16.1107253065 -4.586952146 -3.63300637642 -5.16371563649 -6.18804862311 -0.957275973826 1.79127468966 0.254236730461 -1.17542332923 -0.574298535036 -0.149611284786 0.523638537461 -1.00426207979 -2.35096441233 -4.02488038658 1.351615385 4.64563929749 2.32525089435 1.9676648161 5.03180129599 6.01300124263
11.4382970512 9.25555403769 7.62673808074 8.31452918228 8.71421418537 8.55895620513 4.44184846314 2.44687501084 7.12340074507 12.1965096277 9.19775455314 8.64707250002 9.84440999965 16.8020019123 16.1020687972 14.9372106945 11.7661288146 12.9341144987 15.7155991847 18.4422503427 13.1824654336 12.7000266582 12.2299854381 12.5831555823 16.0252189008 13.9776441608 6.72838636362 9.33249795397 8.46423407444 4.85867542452 4.26207627389 5.43603270105 3.46639494515 5.43191435047 3.19624110967 10.9490654587 9.94076357349
0.878962659736 1.01778700979 0.396626869985 1.52538148185 1.20266388541 2.40294774626 2.61278553585 -1.93980464189 3.1886643375 6.4041482403 -0.134753176656 -0.322375311053 -2.92662773986 -2.18989349152 -3.99829793643 -7.69680079482 -10.9883756883 -11.1555239838 -10.5614314224 -4.57522879276 0.0513930273475 3.24237177675 4.10434634483 1.3478124612 3.06682921054 2.35016444264 -3.50754285963 1.00535403163 6.35502618674 0.500662065358 -5.40702852409 -6.30732680534 1.2409650447 2.42966302708 1.78568039613 7.76737689086 7.02197889261
-1.53075165586 1.34023802784 3.51975077798 5.49990281275 5.19736335327 9.39624655416 10.8965135371 6.98994590907 8.41619341914 5.98764196938 5.35961848024 8.06291345891 5.31055189169 2.78520584361 -3.75649215326 -5.1210917553 -6.00854713255 -5.67729252733 -6.10059320037 -4.06284162057 -1.80391776908 1.47800189349 8.13317514635 9.25379990324 7.84058313825 6.74136016827 5.2459179434 5.78788632007 4.32631962629 4.04071860422 1.1450728521 2.79868338266 7.64442763422 4.30615080477 8.53230317875 7.43028053811 4.33469060444
-3.16375814034 0.132413832196 1.75337836021 0.221961631234 -1.54437764851 -0.1864959661 1.85108899801 3.81887836142 3.23350664717 4.13718232359 1.55690707371 -3.68877990171 -2.11515669242 3.54228733819 7.76103958503 2.59068347588 -3.81872583392 -7.65090994848 -7.88468378538 -4.41645982649 -4.42165484249 -7.47532119 -13.256862642 -15.5066256875 -10.8424230903 -8.27475694738 -4.2668526155 -2.65379318132 -9.06545113099 -2.18066200441 0.00893338891821 -5.01759743544 -4.91608037473 -4.13161292237 -0.901545682668 0.153594133922 2.37997118733
