-164.282838554 -159.937428272 -161.985972339 -157.016994462 -155.83002545 -154.583946916 -137.192641645 -120.111015754 -116.539963748 -124.006952494 -114.992418795 -97.0156287367 -60.8931332644 -34.9116845965 -35.8280712701 -52.5760899689 -57.012702832 -68.1981518968 -91.8049145438 -111.782104578 -96.8978712007 -84.2035502823 -75.9970734647 -80.707735562 -86.7861059748 -102.650868477 -118.588050103 -126.331199176 -133.784975614 -147.22839852 -156.412994104 -155.724658479 -158.106185124 -161.334875239 -159.897955371 -159.035233182 -164.717482127
47.4288148333 47.4569988042 41.379131764 43.8596568623 46.4051674158 40.9615604173 22.0135697972 0.591366184141 4.01390290826 10.088052676 -0.821240353554 -19.875040426 17.8764380784 69.565007152 78.2852849409 67.5758771008 72.2966874982 80.3468185933 79.7289104109 70.6421968306 78.0513225329 82.6455142774 82.9661722524 80.8109012223 85.1786926783 79.7321518797 69.8002330822 63.4648163648 59.9503832527 49.4671253958 46.0165435936 49.6002499884 46.0488885984 41.4897718599 41.6514578133 43.3279038582 43.0735277973
14.6207278927 11.4693180423 7.36153157906 3.96948738165 5.43625886522 12.2349901604 23.3610049464 37.1206172073 43.4194171006 43.6239852741 47.2411935038 55.201667278 50.98720965 0.921771911747 -30.1359582251 -39.383208737 -37.9578496738 -24.7253649214 -8.94795463259 2.51246735047 -6.07002487088 -18.4741079479 -19.4073300781 -15.3804080837 -9.02696890504 -1.7561703297 4.64079829428 7.45567477647 7.58176878528 6.5970945998 7.49910013757 10.9515075195 6.73534075532 5.08432970747 5.00135092552 8.25189216231 6.68316148087
23.6183149172 23.8688992618 23.3460837174 17.7954686853 16.7919636912 19.3907982558 21.8728532853 16.6760807979 9.05531190406 7.20996181801 0.383715382373 -3.05706331876 -6.92780684504 -3.90008268761 12.5207773028 21.8029526718 15.5679960876 14.128925915 11.2576902084 12.6128472049 -2.28862475723 -9.32878049212 -6.19627057188 -0.133180174103 4.69972400946 12.4331418605 19.1193623305 25.4934575371 23.5959484594 23.912778372 24.1934333804 23.4664321724 21.400013631 19.0751592165 18.084069659 19.8560418812 18.0695205532
12.0856199382 10.1865223451 9.65165353847 8.18417139847 8.30758156274 5.9957803808 -0.964623444041 -0.793887084453 5.52665267666 9.35453132619 10.805156775 6.41396037761 1.41789315325 -2.29969826848 -0.509073568388 3.07385691869 6.99633633898 10.3685457364 11.552939053 11.0843650203 9.33547543408 5.47515809506 4.86594312418 4.57179498659 1.8420585372 4.26274781497 5.70547980151 8.79457693154 11.2861687447 15.7987166185 16.5308183067 10.4256552754 6.72136824154 3.2726279162 3.43528995596 3.13842273901 4.11031987858
15.0374556883 12.3985224828 15.1399698555 15.689266954 15.4783873165 16.6949133388 24.057591781 25.4022602824 23.2555730197 16.7110862977 19.7519102625 24.8480382284 23.1476691989 12.6080145183 -0.116675058466 -4.60025826958 -4.91791981448 -2.32821209821 3.60267293648 12.177167329 14.7188699285 14.7704872981 21.4475746186 23.7593533495 16.2180122246 12.9654843657 15.3554074099 16.4876308668 14.2896808779 17.6984373621 24.8761874397 22.2680332977 14.6500179159 10.3873651335 13.6183919522 14.6985272527 12.5163348056
12.5722912117 7.95142595898 6.82461447198 5.42230214669 3.87740766975 0.666333839417 -14.2465909398 -16.0982350554 -5.43762212919 -2.08149516867 -8.56337022854 -16.6071017271 -39.0378805433 -42.7499673334 -30.4824703259 -22.5360309562 -23.0862885343 -22.7846790115 -18.2854068105 -8.25158803727 -10.7501410785 -11.2788603783 -3.97436972353 4.23719433364 0.00224037826137 -1.12703496613 6.70079645217 4.5937885973 4.76285332271 7.46472556867 10.6070255887 7.15922799541 7.65648909935 7.65382267822 9.65399521265 9.10988990819 9.70892423612
18.8387872171 13.1449609806 10.068288008 11.0625035246 8.73540304705 11.5102325491 17.370709399 19.4681626094 20.045539412 19.5776331176 26.3306345752 32.6740373451 11.0127329103 -2.90568199218 -7.58133251192 0.0657197614917 5.17410096426 4.56683518611 1.59029835466 -0.340453113947 -2.72751533152 6.93794465898 11.8112372027 9.26030637044 0.287644412436 -0.93123313676 5.98567890932 7.41209521378 11.5402616441 10.6840986392 8.08791122696 6.41794313821 10.0175443492 12.712440963 14.5737529444 10.9461487861 11.6172117838
6.88878834021 6.27627352629 4.75887850717 6.27835763144 2.53921909609 -1.03175738547 -5.00121482718 -8.12690378042 -3.83739573611 -3.51790221116 -5.33807891275 -11.7418289124 -20.1165200493 -11.1779050428 -0.943972805117 9.36731487224 6.60131465122 3.11057317283 0.00672036727846 -2.14835474452 0.248025222325 4.6223460282 4.67260174771 1.84572208722 1.69373038766 1.33087513108 3.41897716775 2.67383715261 2.75252106866 3.50177729177 2.92398807423 4.28605975195 4.5135505225 2.44128361357 4.47621507908 3.08620199007 5.26934158603
9.91519285227 10.6699874743 11.5315246925 13.4563198983 11.9026908145 9.33039283627 8.3578370958 14.172576561 17.1720647183 19.5992334915 19.7078792372 14.9612936214 12.2880716232 10.5723328601 13.0891939303 14.8193580082 9.46351341607 13.2417943496 12.4012689595 10.6865816358 16.9694363077 21.1730499374 19.397597438 15.5570465092 6.77136536965 3.55769412799 2.65749131232 3.2667527295 5.45831073924 5.75514337834 10.6701591527 10.5195966208 9.60537038737 7.53771498991 9.88999973232 11.9697054664 8.57660346011
2.39553137519 3.96682542911 7.28283875058 8.69311924055 9.95118530027 6.20526815881 6.19652221829 6.59468866481 6.23892800966 4.01380889652 0.51428478817 -3.98204473608 -2.10011687676 -4.98006779824 -5.38105719567 -0.558399643826 -3.92980077646 -1.2928834792 1.36938127634 -0.453909557812 -3.16551466128 -4.03548117881 -4.91589977749 -1.07068057666 0.903643522867 1.7897463895 -2.00841019947 -1.7062853005 -0.390684865252 -5.87526876147 -3.52614083486 -1.40467076827 4.97955336297 4.45601148387 4.90625802108 7.8178386751 1.24210039931
13.3431584966 10.4189800995 10.5424180383 15.7888728175 13.837090423 9.49477328839 8.86338719698 6.10722804474 5.83899530595 3.17182132157 1.01397521118 -0.238567133884 2.54253647175 4.98401846638 13.412184706 15.7427908555 16.6771090391 21.3844862291 13.4253660756 2.39677999212 0.16997982008 2.54554436498 0.175754255993 0.820133788223 5.84900123734 4.2898720807 0.233997007074 1.01936162428 2.60954392802 -0.0904447279366 5.47405960923 7.35731229187 8.60460620461 9.60903914503 11.0242510082 9.50792812059 5.83637915567
5.46734872108 2.14320213419 3.79663486629 4.22254647079 4.53035993417 6.89627519288 6.14876158811 5.32096550961 4.50399528235 3.98952160687 4.89209874872 8.90072748569 12.6594449427 8.05986360618 6.27474668622 5.31487515063 3.18893774726 5.68266607452 0.945909109632 -7.29151799407 -7.26078804122 -11.0052255303 -10.9163849248 -9.05474230497 -9.05863664121 -13.5042201994 -15.0852742428 -10.8730734005 -8.27747807804 -7.50048268932 -1.54292423578 1.21321101175 1.31594073125 2.73134922173 6.33539918037 2.90861541886 -1.87134744333
