-114.459734102 -108.852135531 -98.0818864213 -93.249768139 -94.1687251438 -92.2204503476 -91.9904167671 -90.3173909181 -92.226619532 -93.6840634134 -47.2032891386 -17.8656358214 -12.8066532273 -21.6644299083 -19.8093838757 -25.7701718159 -46.6691116967 -69.6312670443 -86.4070653967 -73.6724075421 -46.5987887914 -31.4118952027 -34.0170094322 -43.9018578216 -55.3567272531 -68.6334563718 -72.9541574061 -82.2352008321 -94.0554128384 -102.658979555 -108.264320876 -112.147304584 -115.985579674 -115.984626194 -114.601574461 -124.484945452
42.0174931206 44.9081076515 37.7559019545 20.9210818674 16.5785953701 15.5790202322 11.1405060405 17.1772796961 30.0556217162 27.3807796646 68.7117702696 99.917886127 101.258389061 92.0380472551 92.1625307129 89.2085249375 82.498631519 82.4861835299 72.7086391851 81.3739378983 93.3971185156 94.9857880717 91.1606766263 93.0574563182 92.7676390347 88.6582208567 83.4405638426 74.6377538564 63.5345444488 50.8991203543 48.4005573665 46.242737433 42.6540650865 44.6331418492 47.2831444261 34.0890864019
7.15893966502 10.7154741617 27.263145315 35.8162617332 27.6484521467 31.7395153207 37.0348536203 35.4613790157 30.2643900712 21.0915107052 23.6134890971 -5.66760531068 -17.3219881257 -19.6488500376 -23.9397118955 -19.4020770892 -0.360417040183 17.7975257158 22.2945004893 19.1220436869 1.34031350174 -16.6914872896 -19.7089981384 -9.83801488876 2.904512614 11.1135005835 17.6168424477 20.267634593 15.8797313146 7.73796537021 9.21781385142 12.6413904525 9.17805531124 7.56161399344 14.2511234368 9.99053963876
15.8110230071 18.447913935 14.6765737879 7.40477153791 8.74455171404 11.9168906939 6.07569993077 7.23075022358 9.8323967399 17.1235059475 19.777805358 7.6267762582 10.8645163599 16.8036713152 17.9822205896 14.1412393501 14.3316592553 21.7446651828 27.1221971833 17.5577180438 0.438623805532 -10.2473232607 -12.7656291238 -11.5111369857 -7.04934448437 0.445394232377 10.9620945524 22.3982277026 25.6896383925 20.7162495424 20.8019012465 25.6823127549 21.0161253794 18.4883832705 19.7540767855 20.8381785038
10.0101880736 6.75635243002 5.4641651987 16.8389158824 17.6997643655 16.9692200905 14.6109828991 14.3586932028 14.5546351971 11.2668337612 9.71339396775 16.7420196443 24.9274182561 26.7516143667 26.0203477558 20.7505208116 13.9358267738 12.3117455712 12.0674134886 9.05331875091 7.78640709149 2.44468475784 0.607509648807 -5.05716454242 -6.82531383965 -7.67251277539 -7.5170588125 -0.400152011617 10.8177066232 12.6332074413 14.0809124689 11.976575048 8.75069241608 11.9864528921 8.1774486109 13.0868199487
12.0149104658 13.8373711239 15.5297470056 13.0328583087 17.2706732345 18.4773703733 8.54078076138 6.12390599731 7.08399405078 13.8228628219 9.67463862595 0.276004998355 -1.79269963271 0.351574615039 -1.26070484536 -1.04778825745 6.69369614256 11.4999724406 12.6350677664 13.5350713946 16.1586947625 16.9815905212 19.0419627165 20.465219549 15.3149876388 10.5659069471 9.63006685318 9.90665347852 16.881840503 24.0187133819 23.8815870532 20.9977554813 15.1901789905 18.4017580379 15.599459609 12.1506626313
8.04599216754 6.83736334868 6.49861820914 10.0866221979 12.6669211962 9.91373628116 7.50636470259 4.99556443526 3.18281122025 6.37865894613 -15.9513081031 -31.2603895731 -27.0335367394 -17.3981577824 -20.9965714032 -23.5011613458 -17.6179049957 -5.89569114633 0.0866613232511 -5.71043093391 -11.8639875734 -5.89022705591 3.39435747756 8.28574919918 5.80752142318 3.77211274407 5.40760514034 4.07490998086 5.77262660336 14.0730396028 9.71229264682 7.63779467873 7.6555433892 4.81337253571 0.089265512017 3.32383338073
24.0288365978 18.6273836637 16.9776176475 10.285317743 10.9261490956 19.3507159261 16.8179186681 15.5478646584 16.1459725955 10.6086021612 -20.3264377271 -19.3271122465 -9.88934447632 -3.99507828648 -8.7358716724 -8.46133633856 -7.53592253197 -5.92038623527 4.16117623882 -2.7522580641 -4.90601755197 -4.03859634436 -2.02849084003 1.32619107027 5.0713892373 8.04124811076 9.84519516686 12.2633466441 12.4418550096 16.6893358758 9.88665526169 9.40778519138 12.8262606788 9.47906630292 6.17905578069 12.328195237
15.3435537009 9.6332228931 2.92184968759 5.62857834102 10.9691551491 7.17105148577 3.81648101265 2.40874103189 5.7933079391 6.72603936499 -12.6568689832 -19.8280350058 -13.606094133 -9.30762946042 -11.9182042969 -8.14995148847 -5.9640790284 -4.87300010324 0.750951081573 -0.291583859729 2.12674326856 2.17663140269 3.84127213647 5.30317793903 0.928367053203 1.79398291943 2.35342080158 2.75282020116 5.07559622694 8.46223393485 2.78461122932 3.10717541349 3.8089960227 5.74493456258 5.35323225553 4.43155035479
21.0435486273 12.4142343869 11.92946425 6.74620870733 5.47683839501 8.41658762269 9.38702619306 5.02669952855 1.76669581755 6.97649123361 7.75134392847 6.35709646117 10.4366826915 10.6932756741 16.1782536611 20.7517584757 20.7139023732 19.435549723 15.0839098551 13.7467422656 21.357826628 25.2824750762 23.8300970317 16.1956989423 8.94078117481 8.40902026991 7.09773131361 7.12974387485 9.13918285037 11.8071305308 11.8901834812 7.88426281192 8.12380640967 8.22834462606 13.7036785273 11.7515146747
11.0232801046 9.21079618273 1.26491364006 0.951486374573 4.25005788701 4.00021968642 1.66592408755 -1.00715189694 0.194454100216 4.80015671962 6.80462207075 1.71817187807 2.48960781239 3.28747864181 9.73701983552 10.3668779838 7.99337459625 7.98866793574 4.43572118384 4.69005134183 10.6587258453 10.2696902632 10.4110650477 5.57071603206 7.14091369945 9.17355616179 4.95825709769 6.3992388584 3.63967887663 0.323536925536 6.40223296488 6.83046090677 6.73036237047 0.341945756865 -0.440521748383 6.38336040346
10.8017902085 11.1189084744 12.7876900961 10.2861001897 5.50642354115 3.16822057195 4.75902454821 8.45506122639 8.07560052599 6.75632856093 0.818750282377 -0.852205574767 3.02523842966 2.63967532326 2.99083187037 0.686342861355 -1.25536704417 0.868723233782 1.9918315582 3.37629399189 5.899413591 9.00184360594 10.1260068176 11.697819082 16.100899261 14.95796489 11.7601806814 10.9657658071 6.74489904898 2.00941430277 8.00278621141 13.017525081 15.5703199584 6.18630381947 6.3690154014 14.5106571446
3.74698052727 5.6746569837 1.44238349455 -0.736903811455 3.61419821855 5.64853043024 5.18805503964 4.88595052086 5.15993599536 1.96366184851 0.0718959444583 -2.34231609934 1.46389072999 0.0353009229872 -0.833272642682 -5.12023927209 -7.37568353063 -4.21681020632 -3.39117395371 -4.84355908879 -8.67310719459 -7.38127736225 -6.366707613 -3.89536261323 -3.9895905986 2.04705425536 -0.421697337806 -2.24734235715 -1.8158467558 -1.74959106315 4.32291075542 5.23708608133 9.04086196441 4.02547696813 -1.3263070051 3.83783924174
