-234.292610688 -225.842561234 -226.506523273 -227.321433802 -229.748964209 -227.879208202 -225.487079242 -222.802553563 -210.785224229 -197.836809135 -188.40372461 -180.82213758 -180.055739477 -153.914400825 -101.223694195 -60.5043327246 -41.661560174 -56.4354374145 -69.1599071005 -75.3817289334 -94.3286053635 -145.184276406 -140.772591426 -49.575061458 -24.9723874731 -40.188288044 -61.6565397952 -99.2576696514 -133.811762758 -150.377429174 -160.2996525 -183.114678661 -208.215974164 -217.710121785 -218.147155808 -224.816822334 -228.270317457 -227.786006876 -226.721164327 -227.72868624
36.9863901416 42.4528429354 41.7124142544 43.8108579709 37.9557184953 37.4611450417 42.663008642 36.4382813531 22.4112708935 4.52834955639 -8.70695889782 -13.3461669757 -19.482737442 -9.59471971451 42.7767237511 79.1071472043 73.5881991544 53.1021404218 45.0807883854 51.1410023651 68.841582542 75.7785169701 78.2960088405 86.4741206871 82.4427020832 81.1638532191 97.7874479608 95.8446310121 77.7340769001 70.3418299803 77.9291659167 74.0337877032 58.5357393646 47.6479012299 46.8332557057 41.8102332464 38.9045332223 39.3797624439 40.3934468666 38.922221474
10.87323945 5.11736734184 2.02785606703 5.67648808498 1.55691190327 1.45987233687 5.92413551057 9.56400236087 21.3078941839 32.5756011688 46.8807985819 41.544794865 39.0388943253 36.3215713363 19.5222330572 -25.3695984454 -52.1911051928 -58.3305923078 -58.2707104673 -47.5959934731 -32.7745164722 -12.6253990395 -11.6167418696 -53.8205987421 -67.994811656 -66.3900250035 -48.0795094265 -25.0186305633 -13.9343719121 -11.1501323874 -2.00135724432 9.51641039385 12.0325725709 8.10014192079 8.48572934017 5.05989061947 3.20191776307 5.43813190143 2.94559173336 3.47027208237
17.583230476 16.3793815242 13.4006537409 16.4277662632 18.0500166131 16.1072253255 16.9188564858 17.7180273499 9.33893107081 -1.53168379106 -7.21918545957 -16.9360458889 -16.7504357572 -2.78909525397 5.66355509225 12.3264996973 32.4230225508 49.4829055866 52.0947239201 47.5213952615 40.1325351558 27.8426804795 14.3706505437 5.70190031406 1.58419803806 -4.48817461053 -10.8588679886 -14.1246846928 -12.1284526154 -8.7988072041 -2.25341159155 11.3925140376 19.0714588465 13.4196418885 14.375136577 12.7208362155 13.4521767884 18.8303984195 15.7579133746 17.049810428
1.73927970922 3.36434746211 2.78534630517 7.05172161842 9.90963329563 5.04018002498 2.64665311752 2.61885973791 5.25627120901 9.98772417456 14.4452611581 13.9093317698 6.39642019702 4.03072545144 -0.509941734925 -4.02971274576 -7.40727567398 -2.99396108778 3.51602636958 8.01091346476 14.1767711412 11.5162086793 -5.82804102378 -18.5730230011 -25.9171157814 -27.7679326906 -28.1799419265 -12.8837353348 -3.10204723827 -1.50781083723 0.485058832101 6.47667499358 6.83799174285 -1.10069022343 1.34872214951 1.93671728027 5.19548032587 7.61044219159 5.6327501815 5.04601559099
2.75728922144 5.66293659589 8.06182746968 11.3468684687 17.0104887729 16.507585848 10.9745275209 9.85641223983 7.28695932002 6.94717169017 9.89472688956 9.59413942876 10.7996386079 10.8661357895 -1.58772472181 -13.493650296 -22.497479419 -25.0700369901 -18.5348090697 -15.8871836852 -9.63634866265 -5.26273306966 -5.0524691699 -15.7906039418 -19.3379798366 -11.8026628542 -7.41853513675 5.35780304524 16.7514044169 19.3985630389 15.3695154554 16.4918045164 12.689443345 8.06694934501 7.29974868862 10.9930636293 13.769542348 11.8309763654 13.3363135263 14.8528177551
-0.229289017147 2.72464845335 2.12276311431 2.27772366128 6.95450147395 3.80548033006 1.17532399056 -3.45738514486 1.28735404365 1.37393730064 -0.617377754399 -0.985086327594 -4.13981993016 -7.99917471784 -32.2399822038 -46.2191761107 -37.8342193042 -24.1389626877 -15.5990862896 -25.6355699344 -29.9453504814 -21.9194598356 -14.2104478332 -12.4463517907 -10.4473169938 0.15036104086 -4.23524506286 -12.4276359218 -7.21334259794 -5.08222010183 -8.10687567033 -6.62393121461 -1.02785936142 5.42625366456 2.55517485885 3.29555909803 5.11088210982 4.84978008494 3.61763927357 4.74026541022
5.94370871718 8.35309159787 11.6282275809 8.0978709623 7.80648499363 6.70219286304 5.57775502335 4.8545939932 10.1217881264 13.044964916 17.7710290314 16.735010311 13.3294622826 15.2281689344 8.29890114815 8.7248916314 10.8292297402 11.7511215126 10.8486677725 11.7792738152 9.11649090515 1.9046906058 -7.32240553607 -8.92692333118 -5.73933120661 -0.668272262079 4.48438146889 10.6515941381 12.047670901 7.89729833338 5.23153102789 6.03366192554 10.1417877972 15.8084249794 11.2843760306 13.4296018353 12.2153936864 9.43887623471 4.15669189865 3.78850248498
-3.13181790668 3.35092899322 6.40198357599 0.0452275602474 -1.63425655481 0.0471555683935 0.441658587228 0.971567672842 -1.36867894338 -0.395365911506 2.89247143223 1.90449500786 -1.44301335496 -5.50126067262 -0.341809022336 -2.43376317785 -2.7210303022 2.29441971825 5.02772325378 4.58256685838 1.02864084456 -2.59862939636 -6.39238734408 -3.02885701338 -2.38376762361 -13.2475247825 -20.8690784281 -11.1407172644 -7.13773002829 -3.04964712943 0.0681363246372 -0.480875378631 3.60832573472 5.28270815736 2.48764371712 0.167196412776 1.58856554782 0.182396294713 -3.36840446247 -0.580085212326
5.38284728348 9.37693650003 7.94391827809 4.07477523325 0.651236962157 1.20531351612 6.04920981332 7.782363416 8.58176822625 8.19356020767 6.32886887373 9.00021963974 9.18044306562 2.93074306187 9.09797935821 7.09518120774 7.56892753481 13.0487585468 13.5036752501 9.08241228752 5.44105103982 1.14698872536 10.9864881269 27.7763353087 35.649857155 33.0037259883 21.5856551695 18.2481267419 18.8252881968 20.3069560022 15.1726265406 8.86067523189 3.7076972115 4.39957975643 5.80733293535 7.85808696327 9.25689314338 5.9092586013 3.61562707809 9.21923418575
-0.370709279411 0.720384393687 -0.792976822842 -0.583190531369 -3.69262285079 -0.499233869892 -0.968004921348 -2.24541040523 1.68584810138 2.98228585761 0.793322888651 6.10642438511 9.36487980641 3.74033490884 -4.64356270176 -6.56973232893 -2.63194769399 -1.70132211015 -7.95182567359 -6.84764662393 -6.47087492931 -5.36757550051 1.68803358072 6.25844042772 6.89465355482 4.9891750689 -3.50723388884 -7.92136009514 -11.5339887654 -15.2800907906 -12.1119218744 -8.56778300314 -8.79035763267 -2.89225262218 -0.928681190445 0.525947241508 1.13708656518 1.0647548699 0.218741339208 -1.26842164075
1.3610459606 3.47813900706 6.04498829689 8.10644825491 5.46195647195 6.03613779382 4.51435329813 2.59081518702 1.42921790717 -1.76168818376 -2.7010819088 3.68128910746 5.17104054277 -1.5253420782 -14.7908870424 -14.805700807 -7.9391463734 1.24322142637 0.504356327864 -4.28032091101 -10.4634334648 -4.45873949425 -11.4511727795 -15.7961599451 -15.4903358603 -9.06091752465 -4.99163210907 -4.94142721125 -3.0106721064 0.553861984253 -0.353505307519 -4.14994565241 -3.02692079438 5.30996223705 6.51949335165 6.90549588586 6.65400466074 4.9439445523 6.21337540359 5.25595682027
9.1006972819 6.93611522032 4.51540392823 1.08547195839 -3.06526108549 -0.620640384968 2.00573837498 -0.375966185363 -2.63062791733 -5.63660625323 -1.81675593594 4.52635986957 7.71840404867 4.69992028232 -10.0662986149 -6.79702934816 2.76456213836 7.36089760328 4.7824444402 1.42616064095 -1.71788112911 -7.68536845112 -7.95120496518 -7.30017871747 -3.84002833389 -2.64394787293 -2.19728021739 1.41171498385 1.80257281201 -0.706760398893 -6.12834122447 -9.35873615869 -4.79807796787 -1.23698855326 -0.88503086827 -0.861842349278 -1.29520916902 -1.21239517201 1.74242967513 2.09992153363
