-151.129801483 -150.592119391 -151.372619492 -147.072287585 -145.50713913 -144.54361646 -149.296896797 -137.03745344 -114.951151305 -105.633566903 -104.307744093 -101.757335317 -98.7220654595 -98.7706205119 -56.164683136 -30.810508075 -21.102922812 -24.8519444981 -38.5750387352 -65.1302403671 -72.9062744321 -65.7988061551 -64.3314885936 -76.1515229463 -93.4161969833 -111.789937079 -125.794013919 -128.08618969 -135.702985534 -141.37247525 -141.326077574 -144.995027393 -148.694722217 -145.644973156 -146.3474479
37.3470284597 42.3783465453 43.4677436906 42.2948218039 40.8688214851 43.3673432082 39.8490519446 21.9530209422 -0.38489179387 -6.79693415935 -8.87720374496 -17.3868034751 -23.0535275062 -23.5543948161 26.2275668989 59.9623174156 57.6204738654 52.9480367332 62.1899449481 77.0376905289 76.3044688199 68.067638571 73.9979822566 75.9472900539 79.2333841342 71.8570189499 66.2965767612 62.1811778207 57.5965123669 53.4382248523 54.0590638033 50.5299616626 42.5424966174 41.976499522 41.3723892397
3.98978980088 4.2696033555 5.52363803511 3.73749864147 3.41521809938 7.39401438535 9.05725948131 14.0148016451 30.558902039 45.1818477287 50.1061698012 50.7486558254 47.1597570856 42.5715511802 21.3109131741 -14.3456750223 -23.0922454076 -25.9341897347 -15.7159750737 -2.45729691732 6.16535043946 1.29943138617 -5.76344778559 -3.85646855374 2.80771918208 7.17109531586 14.1042700106 13.5072803819 16.7062263461 19.0607557881 13.6288910975 8.00555031437 5.5226468553 6.66265948616 12.0886078434
10.0837893201 13.2756062528 12.6070661723 13.0024348973 14.7683697521 16.5704365169 12.1932822192 15.4091959389 15.7722106883 8.94670707039 2.25400813776 -0.447284300813 -0.216311439159 5.44664382275 5.59128479966 18.6227775043 31.6709892692 32.2774982482 23.3560731624 14.2271661482 9.4381836692 10.80515335 8.06341174904 6.73881013341 8.80626167724 13.3710591911 18.796163736 17.5281651997 24.3651217934 27.0795067309 20.4397431679 14.9368035467 17.7532964903 17.2568354202 19.916883134
4.44821171508 5.85161466032 0.543854839537 -0.122075546186 1.72839598009 4.71298414651 -2.79949475501 -6.97808569097 -7.87414815048 -4.305551011 5.00920387683 14.5807339418 16.9882641201 6.31990050664 6.45696622966 6.70312087972 10.2641753042 9.07725271863 2.70160750512 3.87572933361 9.01725177906 8.70818746545 2.7307214438 -2.38431699249 -0.258437176928 4.21480400867 9.21307130127 6.19872285165 10.5838224484 12.5102961553 10.2908385664 11.1125655447 12.5993725204 7.41276678605 5.32088399822
9.74773877472 11.1409870302 12.6839729472 13.6534577805 10.8501825617 11.6643272553 12.228738761 21.3695119196 29.0839062681 22.9483279291 18.077434883 17.0592012108 20.2388734032 21.6399907192 22.0439760136 11.8958599215 12.1208722439 14.9679113557 9.39305588849 10.6778281869 12.1395154771 10.7249935625 6.96128752711 2.52998668002 4.52094758753 9.11869611873 12.5651207464 15.3768237449 13.4714229669 14.0537046767 20.3959430558 19.1715700973 13.8870663442 10.3432529178 8.05649449413
8.61622108542 5.51999836473 2.91778386337 1.68369179469 0.725826713228 3.90134049851 6.16410039652 -1.12333773544 -11.8337465895 -17.0998902113 -13.7714777543 -11.5779956406 -11.189644882 -12.5962858659 -23.6156547415 -27.3832622598 -26.1792223153 -22.3746273441 -24.5715887833 -18.6050480835 -13.2749493064 -13.1749613391 -12.7442336429 -8.49817137264 -3.77817527743 -3.04871302801 1.1878138811 7.38896268687 11.2766210071 9.58688320612 3.74888194331 5.9121132098 5.94643372894 1.86940265896 3.47957609663
11.2829677923 11.009484487 10.459696779 8.98678834377 6.88509507335 8.68717728869 12.794390928 17.7325601211 21.8399250766 21.0335916104 22.6126049248 27.0469564254 26.2547350649 18.2639485187 -8.20040151915 -22.3933561361 -21.8551142403 -17.3377041495 -18.5849231438 -16.12436224 -17.1452892304 -13.3587148056 -8.61085366482 -5.83816046364 -0.668158912958 2.96732468566 7.20259657323 7.28809437327 11.0142718073 10.3109571833 7.04457940614 6.63326096421 10.6180889113 9.94846209214 14.2382282933
1.10546364769 0.769427172278 2.10240239783 2.7290734377 0.907531772228 0.317390760974 1.72058021213 1.25934410159 -4.00937574647 -7.45784217175 -9.6923972679 -10.13953216 -2.90980514878 -10.0243306528 -29.9140295879 -27.8331995995 -22.7462652872 -21.1010289621 -23.7369398805 -25.332548867 -21.9713148835 -17.7239727723 -14.1945767582 -12.9329434057 -10.2326604244 -1.25580657375 0.499846395168 0.317012565436 0.511528875481 0.824359768715 -0.367055962107 -0.489573145213 2.26716362768 7.80329075502 10.7513612742
13.1971581264 11.3796737825 9.89351510723 11.7571748827 10.846039308 10.3180389151 11.2692785699 14.1764012038 14.626966535 16.3241559869 16.9299225571 19.4172605855 24.9735677328 18.5057465827 16.0104597302 15.5823578604 16.6722378835 19.7571670806 12.5918598016 6.68606906488 13.4066206999 19.8782388026 21.40962208 16.2511086324 11.0441717131 10.7995421326 8.21260686261 6.07134922293 7.93073035499 8.95996581039 7.58859155776 5.13411668099 7.66951279358 8.79454955461 8.27120575717
7.37224638139 2.89920105671 4.07835303264 6.25039289299 2.21923293299 1.86083990196 6.80484824942 2.61404488641 -4.90165498241 -5.26325553751 -0.461741678386 2.63202762207 4.36137011403 1.67474471697 5.34670314123 5.74436048553 7.00250752995 11.5591316109 7.84287644171 8.59260162001 11.989731323 10.7945780725 10.6844429114 10.8876203587 10.6695702236 10.7096651166 2.27890631792 -1.76031260002 -3.08125609195 0.426526516468 -2.18550906464 -5.63895340793 0.446438868282 4.31515949637 5.25372760387
6.05953599881 2.9815856607 4.35049076241 9.50608359843 7.59899184177 5.27869918243 5.62724360804 11.320697843 11.9269592932 7.34285622379 10.8911531158 18.3969456311 11.4676084314 7.69584336701 8.08750237595 13.2233623031 13.7265326325 12.842516608 7.22876543909 8.0990763348 11.2919645052 8.50049791346 8.63908959333 9.43858274532 9.16720390126 10.9359992615 3.67555266354 -0.269276405448 -1.47191573031 5.04203364602 7.95011042331 6.40841138214 4.96742399864 3.67885053489 10.2896979187
2.09310199476 1.28954995273 -2.40932898308 2.29039309813 2.10770374257 -1.73254892305 -0.762727735795 3.13030392675 0.260927299464 -1.50127579881 2.71046369814 3.17594348527 -5.6065917051 -2.12256600107 -0.0869455560713 -4.24088651381 -4.45043834817 -10.0593664686 -14.5698092414 -11.5875995967 -10.7937816664 -14.185919494 -14.1255861122 -15.6525637246 -10.0873014979 -4.56954843431 -7.47035559634 -5.34220883089 -3.82924656003 -0.310726646696 2.23254815534 2.36107282464 -0.540674694113 -0.651684030415 4.66191765011
