-248.134410943 -238.870249038 -234.882286925 -231.074852584 -230.189351714 -233.301077702 -237.856293741 -232.361903107 -228.57209993 -212.481528797 -192.59700721 -181.429449983 -178.280370734 -176.681168742 -163.550662743 -99.6740804835 -48.7703860199 -22.0842000626 -35.6950376063 -58.1543354183 -90.806295949 -142.725136711 -155.311554587 -96.7711788622 -79.5232500511 -84.9258282693 -97.8623149129 -135.481827203 -160.907192087 -175.977719971 -188.338761757 -202.700302511 -221.212894047 -231.977916141 -233.726552222 -232.514295162 -234.740251282 -236.750069746 -239.785495178 -246.357887223
37.0321989462 38.7764917223 36.8177872583 39.3464464239 39.2263929129 38.4504701367 36.0782529982 37.2133480184 31.583999764 3.98089494329 -17.7816675811 -26.5749713586 -36.7639964259 -42.5085568831 -26.4581353369 39.0189431055 82.4502145758 82.8883643114 70.9287100301 72.4896003207 85.0858047675 83.849111054 82.7173693243 92.0599512005 91.8674041795 96.9168496544 107.729051636 100.131258155 82.2169001512 71.4555302053 74.9580932724 69.1809618185 52.8591743435 46.2279871274 44.3044165747 41.9329677771 41.2512369531 39.5116236588 35.6968725498 33.5497668639
4.22739840186 8.18647075993 7.47217587783 8.29275808302 3.08889828478 6.92363888931 10.4894854308 8.82405782025 13.1526467128 33.1171551896 46.137524048 47.641752533 50.924684045 52.5519899769 46.652925431 8.83241876857 -50.2006737012 -77.1022858416 -78.7551121298 -72.8665731002 -51.7624180836 -24.0318566041 -9.11815636735 -32.2394563167 -45.0337743677 -47.0327615139 -34.0042550549 -15.8943359134 -11.0172535306 -11.1324103367 -1.84952871796 11.5186037636 13.1625115618 10.6864900054 7.62716696228 6.56626806628 6.62450181318 6.48514576652 4.83726582776 3.65446430018
15.6259524215 19.278023026 17.2191466265 21.3176504147 20.5775322649 20.7445805207 16.9776703016 11.5597707545 8.38537703903 -0.0608680220746 -4.98875203918 -13.0350792613 -16.9266563715 -10.3726841918 -4.04831862468 -6.18827430913 14.2596525942 29.477323395 39.2021143677 28.0226640497 19.5643287704 23.4924871471 14.9128954717 3.34522696763 0.0580599598605 -8.37264061672 -7.22368014013 -3.58155211481 1.55931029689 1.23248290698 7.84043084086 13.1729570973 21.726025003 21.8191539214 20.0756508268 18.8290269664 17.3454825773 12.8676148078 16.0882906471 21.7750284362
1.51415575894 4.79175363649 2.28693918481 4.48202436719 2.85059717811 1.11293174011 0.399962068458 -2.53195641612 -0.269068464403 9.05930392231 18.6925045406 18.8659958925 13.2025910457 7.74164333186 7.19261240294 9.84189257075 6.39087964851 -0.648440575369 -2.67383125908 -4.55453701517 8.40640292992 13.90631007 4.38916514503 -1.62428850792 -5.92122645824 -19.0845151442 -18.6869356404 -7.48716408757 -3.15406588632 0.236054087829 7.87043665348 7.30152285545 4.93488352156 0.833593860199 1.34696369882 2.88433551249 -1.29449815843 -3.18059568104 0.65707414874 2.41911645536
13.3360582635 12.4187880227 8.93329727248 8.94835936429 7.51052153593 4.70292412267 5.8206388332 11.9927703851 12.5798718681 9.71866517984 11.3436754583 8.45910450223 5.14885289217 7.93103465985 11.2430377456 -3.42203271636 -27.0919655426 -34.1153645903 -32.4317355633 -29.3340544777 -16.1480871128 -8.26755106454 -0.293874626132 -3.39349431508 -8.02634013022 -9.36569644257 -10.516789094 -1.20421881118 5.86928272018 10.9168980886 11.3155354612 14.171783688 14.1559089014 11.6604581999 10.3812953515 10.0663042015 6.55011695151 10.144480488 12.8712822207 7.68851328782
13.3294515255 3.25699717777 -1.03864155983 1.55639757942 -0.961258484134 0.402369510245 -0.339134609325 0.794890101405 -0.227548448355 -2.22907612271 -1.50932538911 -3.82470433925 -2.03076383063 -2.90523230822 -1.91167587091 -25.113907083 -25.7816410124 -18.8161127542 -18.3360079397 -19.4546998391 -20.8015469784 -20.3499333823 -15.996928029 -15.4507051402 -10.07206244 3.64937753647 2.68305675093 -6.55186746356 -8.25252443828 -6.719484084 -5.31780667486 1.23349053191 3.81074291573 4.541259549 6.15298565195 9.75633801599 5.95690931645 5.4780132379 4.38330265967 -1.41336459173
8.66912895909 3.87969282956 10.9922217137 12.4859714726 8.0253446784 13.678677646 14.151718793 12.5837243946 9.50074140509 11.7835800259 9.79886192032 12.9708227684 16.2975763032 17.9329187449 16.9435305425 8.91254236416 4.8365950255 5.42081950074 10.5795288678 9.2345820628 9.47330017787 5.27931901616 2.64807047748 -6.70424355802 -8.79127496644 5.62215452632 10.2189823219 3.39511050328 3.42115739637 2.86400528504 3.83811952807 9.2478876365 12.3788687824 8.66108664985 12.0345173593 15.1542361587 8.87951684761 7.70360321905 11.0922794908 7.26384709984
3.80944579978 1.47431146765 4.64910301753 7.37946823214 5.29542415357 7.62951754877 10.3186884034 2.37915342778 -1.57054336057 -7.57851606129 -5.84275256209 -2.67256277996 -0.97252431682 1.37778948957 -2.74913374092 -2.62166015836 -8.47722896487 -7.10365323198 -6.91182361459 -3.57569179779 0.53960791427 4.8039539816 0.727690328249 -8.31477041252 -5.44115539625 0.416284205678 -2.37602693025 -5.4539000557 -1.28933027065 2.12156532161 5.34401442068 4.71646232852 3.03266404228 3.98028412954 4.8894707631 3.18953251789 -3.05260920416 -1.07516705064 6.39036106607 3.89253771095
13.073969764 9.90640737648 8.83327164888 9.15632380384 8.18388738559 11.8666831086 14.3016575415 7.43699105185 8.0543027116 11.1043281797 10.4336254149 6.37594362922 8.92473116102 14.2126866746 7.5278321184 4.59834704156 8.57176371512 7.77360088048 9.89939586036 8.45734833051 4.91462105105 5.90291796759 10.126741643 20.395205703 24.776992083 19.806891092 11.4695703937 10.1133486927 12.6804024495 14.554749912 11.8120043202 8.63937557848 7.32664104327 11.7732721203 10.5520102274 6.93692430953 4.04061872565 7.89449128023 13.1655701142 11.4697712584
-2.01890344287 -3.64533677632 -1.68500218183 -1.10171096454 1.88456622776 7.58213480718 6.90540918355 -0.404919850116 -5.74201057283 -4.2506124844 -1.75482142278 -1.21168734067 4.42562054448 7.62093162276 0.184497240243 -8.64989361004 -13.5944646865 -16.2965128493 -15.4089286893 -15.9776153564 -16.2062453551 -14.0261375428 -1.87276074713 4.13227778601 8.3351073141 9.14606307038 0.507129885812 -8.38848982144 -4.30908637558 -3.23282142913 -4.91112208006 -0.422494533841 3.29210882744 6.40274893694 7.2182267172 5.53014766527 5.5907325349 2.99343098698 2.76196376069 3.15429761459
5.23088902339 4.35865757234 2.18099656483 6.56431977775 4.87997799987 8.06752045231 7.40633260735 0.264948889433 5.42676815358 11.8699527477 13.502951983 12.0495458153 5.00827815617 3.41279694973 3.93017058426 -1.365961005 -2.88738819829 -1.30545969498 3.91126464254 0.612928111346 -3.46473557137 -1.66894710827 -1.37453258991 -12.4959741201 -11.3644232124 -6.70985958537 -5.64177955104 -6.71471930268 -2.94406495628 -0.775857026882 -3.76726539055 1.19925673627 6.08311678212 5.98445573535 5.15628638324 9.44713181077 8.31606477494 7.53189394614 7.85765875397 4.8451636217
-1.72812976018 -1.44816158542 -1.07045559823 -0.241859912617 -5.3026827233 -2.49537210236 3.5785826102 -0.201217358322 -3.42515195322 -0.849904007959 4.05287813214 3.42686630385 1.49960377592 4.44041181475 4.77883210281 -4.78946023652 1.83920713558 10.0164154969 12.0667585666 5.9768248292 6.19454242796 6.77656272493 -0.674203478726 -6.00869946052 -9.43083072112 -10.0371729573 -7.9799225197 -4.25464218544 -1.33753204303 -2.33145889662 -8.1274088057 -7.73442167183 -5.2945766572 -2.6434360708 -2.25988763887 -0.455955658535 3.22526546843 -1.23796718103 -4.99921083941 -5.17737339845
