-219.862739992 -212.064745984 -213.052363529 -212.592027441 -214.705336365 -209.248849497 -199.04283861 -179.015254102 -170.791173947 -166.45611511 -159.111119612 -137.806552877 -123.455013583 -91.5887418481 -38.6803478391 -19.6424064055 -25.5952419393 -36.3948156056 -59.0643083357 -99.8932507831 -134.496905701 -78.9153975121 -43.8256015001 -45.0058832307 -75.0214823674 -125.153047296 -159.708884583 -172.890518984 -186.414599908 -200.547969313 -206.359965571 -210.924792174 -213.214993586 -211.614045307 -213.546008821 -225.622332387
40.1195414511 43.7537184224 41.7161893229 43.456499036 36.9064828261 40.2884863617 36.1784347741 10.6287512841 -6.34940868827 -12.3303476349 -17.2903876423 -23.1896656494 -15.354435479 49.0947694237 79.3124564323 70.689532048 55.746969563 49.7184117464 53.2878858466 60.2753233665 67.1701996545 75.1712381677 74.5433376137 74.936057287 87.3479197875 89.6280089867 72.3197651031 65.3474779727 61.8420646566 53.646905959 47.3443136199 41.6756855449 37.3332411245 38.8092817823 37.5657963008 29.0500036998
9.36971397589 11.6336131354 7.83511063143 6.57508426023 2.46084084832 7.34356287546 16.7475205798 31.8617737027 36.0238684368 36.1779046624 35.063560251 24.1201486282 15.1807980407 9.488155647 -48.5483545775 -75.2461045754 -79.9005807596 -76.3633632375 -64.3654033057 -39.3569515618 -19.4858026619 -43.3680126151 -67.3964414301 -74.5297577247 -50.4971319564 -15.8012553139 -4.71593953499 2.20468728492 8.99416414602 11.4450436123 13.7855285286 9.51190118098 3.955202452 4.42866383017 3.13344351116 1.6442078565
18.2343849376 19.468586425 16.9768287634 14.3584802226 13.1159208636 16.6358585399 17.5244299718 5.11186776269 -7.94399678724 -7.79699497994 -7.62123682579 -6.88494166191 3.63792662841 21.4426755643 41.5156062485 52.2320534257 59.7473641419 55.65946364 49.0637483069 39.356102641 22.8752722866 9.97394431647 2.86746168516 2.02293740718 5.17548552495 -0.946637597738 2.9912330148 13.1907376034 21.4086889164 19.6642686866 23.0905691841 17.8579513731 15.3830025486 17.6563566771 16.2009654465 14.6113076402
8.47667659591 9.20559158059 7.82244359854 4.78210731353 2.8733826738 6.82826587165 8.14233838714 10.167609695 15.1226551885 22.3414521496 20.4708816184 18.1725715216 15.7915493505 -5.03818792962 -18.906383511 -26.4828293626 -27.2256216469 -25.8425029494 -20.5380416075 -10.2388456437 -5.00396731001 -26.1098990986 -34.132012705 -26.8839009368 -19.8117785654 -11.168221317 3.36858369551 4.35404410642 0.479422543673 3.74827044989 11.8319881701 7.34411550057 4.40781261347 4.7270211845 7.18363651922 6.98101418472
5.58880585388 11.7155986022 10.4418786029 10.9896524501 10.7593513171 10.296949118 12.7888562473 5.35680324254 3.00185199105 5.20060569851 1.61285101945 1.59334054754 -0.113783076285 -25.632459701 -38.1537858182 -36.8355415096 -31.4301238413 -24.4594455341 -23.3183534316 -18.1144722975 -6.01387340974 -4.27424730278 3.19530395773 13.0059475151 12.274090694 13.8905283628 19.4348608125 12.4863889262 7.66825050498 8.71706582312 12.8328683709 10.9277894025 15.7126861389 13.8385092321 10.8491632017 9.7755926623
1.06778383811 4.14056005173 1.09942981049 4.00030111103 2.58139198911 -0.375396578952 -0.901095624114 -3.31855947764 -1.82182777934 0.717770967416 -0.342158955095 1.47547509214 -0.429669359216 -24.8815712462 -20.2582587905 -14.21340784 -9.69669155208 -11.4436996332 -19.1529457031 -24.9772518588 -16.5773706123 -14.4702595076 -6.38445750778 8.74923947342 9.31679081014 3.46059213109 5.69666359401 1.96441017859 -1.20981263789 -0.4415566423 1.46850505722 5.38470034839 7.1165022855 4.28829464389 -0.0584200902343 0.948276181895
12.0298608112 9.83274908212 6.11480879203 9.96937875446 13.3992053606 12.4428225621 12.7404841847 17.7676987452 21.6732037299 17.2747093696 11.8859900465 14.8472500267 18.8160558649 2.95034071657 1.98946510911 4.90894293752 8.12245185069 10.2689237478 -0.452052080852 -6.77035006889 -4.60477773037 -2.77698854491 -0.235761402708 0.864176003632 -2.38412002928 -3.65058165578 3.53492375414 3.0577660314 6.40407493771 11.8119608748 11.9723970744 10.5492099828 10.302802054 11.3542251518 10.2218510571 13.0393712471
6.98578160961 4.33552216146 1.66883924873 1.85157187656 3.98461149284 6.04179186832 -2.24819214186 -2.99780133715 -0.340285125096 -0.983905505869 -0.400437853167 -2.1269845233 -5.30198812656 -9.57796529023 -2.44828963893 10.446717802 18.4860314448 19.3624050744 9.77128532481 6.9466645012 7.50357068775 14.1239729514 16.8636123636 13.8760693753 4.30050777436 1.94606449362 2.23357456968 2.26102322593 4.67309883732 4.96418577025 -1.12746185633 -4.66894211447 -0.898325936498 1.19971593009 5.01567828445 14.4345657121
11.4169938974 10.0096309274 6.71077764705 7.65014507308 5.34348049397 4.5306270736 6.31181073806 5.72944668486 11.9246006117 10.4986646315 9.47092330299 3.66800739879 -0.359214327242 -3.072320933 -1.43785166337 3.22005993669 3.81407742088 3.98500633004 -3.87681309757 -3.41637422357 3.54017406921 9.30170320851 12.9809056443 11.3578742969 10.5316706195 9.46799680343 4.58416317615 3.53425817035 5.53148874694 5.40776487261 3.72091267882 2.1204570566 3.55534723098 6.06243504326 6.12361451504 9.88263834809
8.37294292271 4.76791561748 -0.499552220545 -1.23467535132 -2.3510106294 -0.563736294176 0.00089924557319 -1.49041828275 0.550219817811 1.73313751572 0.700726837582 -4.22188041443 -2.35920374233 -10.9293605837 -10.6572864475 -4.69649069365 -2.80876351146 -3.82625339922 -9.7497814274 -11.2327591623 -9.38534990229 -13.2594957347 -12.2892193535 -14.5245186411 -15.6862133041 -17.4915813433 -16.2422209572 -11.8169402958 -11.1237584178 -8.74062699504 -1.94556216377 -0.885251401921 -5.10916131728 -2.0271429974 0.600734542901 2.53312161985
7.91914006366 4.63868768356 2.60656099029 3.04638295174 3.79888120684 8.23085137845 8.17611442103 6.95069680766 6.05929195389 4.79262642469 0.580468928761 3.36010020707 10.3845469924 9.33799771043 9.08076917536 13.213680827 15.386070548 13.1919201265 9.06880132895 7.39749428117 3.11989623531 -6.08066506144 -8.92480191496 -14.7098775282 -16.4577218255 -8.7867153208 -4.79567989147 -1.74076488223 -2.38295478887 -3.80115906436 4.58494382001 9.97098807299 6.89168586727 9.53863433432 11.2009091929 9.52546130784
-0.899602009097 -0.589618562051 0.946527569221 -3.74758650395 -1.88088243507 3.21505479434 1.77719873853 2.31841271215 7.66800635055 8.26121467816 -0.960525315158 2.76885936847 8.13675294243 7.69037878954 5.88715194114 6.91462236378 4.52042629006 8.09610295924 11.2842949233 10.53054456 5.65922186506 10.0837851334 10.8327877141 7.48370902775 4.9275134732 -2.48869171958 -3.53241570743 0.404329481345 -1.43387536279 -5.08661119363 1.78799967669 3.38792542268 -1.99304486614 1.81177339767 8.69078006009 6.74504534159
