-297.870582193 -285.257543202 -283.263978124 -289.664895512 -291.936268954 -286.444815788 -282.40730405 -268.632009151 -255.322558079 -249.031748041 -245.457194539 -234.669090019 -190.356350331 -125.586487062 -94.9167414914 -95.9790284 -98.0267632536 -99.2729851496 -108.781637396 -133.87137655 -183.553878423 -173.819365889 -136.077685294 -127.453234532 -132.690048327 -147.725249677 -176.753212226 -208.351593062 -229.315404725 -249.559265853 -268.760049567 -274.48604965 -285.06074786 -288.413170108 -285.649202904 -288.327872047 -288.631112949 -284.609615274 -286.079407242 -292.593098901
30.6964085309 40.6664922252 42.0038442232 37.2547735256 35.7832399631 40.3830990362 39.0880001319 16.4881978822 -3.39832496394 -5.17002976786 -8.80637196499 -25.7088712591 9.8529040407 55.9789088927 71.1718826916 60.9843406812 53.2186762769 50.9372382356 65.1077652425 79.862036898 81.0521486768 85.30615794 90.5778883082 93.2964687876 95.7088976523 99.1827969752 95.3345481847 87.6846128431 83.4733890842 72.8571178323 64.1136680605 55.1752184952 44.079669043 38.2034927126 41.3109169699 41.3873327039 42.781838833 40.870979305 36.5549422424 33.8492269401
-3.20477574037 0.301497966345 2.5530776874 4.53691964567 4.17986119588 6.62952278345 2.23924196189 18.2397689632 31.8428333802 40.4351477681 47.7286424432 52.3996553166 64.3336152752 19.3382925305 -25.3511357314 -41.8764392716 -51.8129603001 -53.4638677058 -39.1745390099 -21.9004313118 -4.84533682143 -3.91297520577 -23.6296265928 -39.3744224373 -51.6785150793 -46.2483801917 -28.2482792566 -16.2156782035 -1.74286739202 14.9753201623 21.3171991985 12.6620446384 5.57731143764 4.88169257378 7.2109600498 7.40622441814 4.94791994977 3.2226501546 1.66241551785 4.39316655388
6.46994844519 10.960942248 11.1964619654 15.4192645391 15.6145611875 17.4707840941 11.1436561587 7.0745276588 -4.45700737712 -8.86348639858 -10.17461435 -14.5867936024 -1.82907755944 21.2935855573 44.3994492622 51.2912841463 59.0992154533 53.8761216076 47.2307712536 44.076302108 31.2717525974 22.4877293583 21.7688951868 17.9593458845 3.20877556771 -4.90567750668 -1.88134369847 5.1928557476 11.4995055261 22.3263426334 24.1310079472 18.3137909961 17.7997448543 16.513128392 15.8921766104 13.9114488236 14.1714254138 13.992764811 13.0083501463 16.1037740858
1.52988591421 5.71030530585 4.55129899988 4.97748458179 8.64231501314 8.00163012664 4.97475421816 8.46268840392 13.3316099829 14.2089273211 18.9258661988 14.878496028 11.0155113273 -2.23166210113 -28.0735880842 -38.3688056185 -41.0648201989 -38.5027193594 -32.7951637853 -21.9742566669 -9.96196012895 -18.9845609876 -34.0671016795 -36.3664802372 -32.3196743892 -27.698347107 -12.8200667141 1.05211247819 5.54865627971 12.4847556826 13.7709634832 7.25398255695 6.58949744086 3.73598103007 3.91939694733 5.22509848624 6.80234450872 8.27870988379 7.68610436924 5.36424707033
14.5773462872 12.9970097685 14.1938233148 9.6864245912 11.596782811 12.3391565636 16.3357684568 17.7436118916 11.0163643727 8.43964184921 9.22263081643 7.17671889053 -9.30371905324 -28.1063672426 -32.6343081161 -26.5792370134 -25.2448637841 -18.4735393997 -17.4215665498 -15.3571597501 -8.04290457546 -16.8679559607 -24.684764085 -26.4547296187 -26.5169267268 -19.9389639364 -9.16179662515 2.02473030157 8.43645940662 16.1913124341 18.8728037563 14.8271335276 13.3029447152 10.1445715839 9.81684515621 10.2552586595 9.16223876963 12.4190601415 14.9345381972 10.0269755092
5.95668335868 2.97844525357 1.014614212 0.679601577345 1.08535959376 2.6204872017 2.97410994603 -0.324165464801 -2.84261480785 -3.9574025378 -0.319610171199 -1.56670404702 -29.3235299177 -39.6003107816 -35.9458544519 -27.0186043103 -25.4886228606 -26.3244036977 -36.1774460505 -37.0831713189 -31.244186422 -32.6983774691 -23.074199669 -8.78379651129 -1.36742469485 -0.408567023988 -7.2469376402 -8.77682435318 -0.744454434681 -0.0672660488165 1.13129195846 3.6430185162 4.5949128272 4.09206075538 1.57223919758 2.6310539484 1.85807111894 5.32166514311 4.83256289464 2.0882245547
11.3413713938 10.0867373996 10.1650912373 11.2822724434 7.32398118781 10.3047106402 17.0425438936 24.9913838237 17.6121395545 12.0083556521 16.3387962694 22.6744891791 -0.826378155855 -15.5168071983 -18.049217682 -3.95301616536 1.92051247267 -0.955081245487 -13.2844088359 -22.4869349641 -20.4644175052 -20.1418954076 -19.9101959417 -15.0140229949 -12.8547838293 -13.8573297055 -12.821251225 -3.77667148139 2.36377310022 4.37876728943 7.61411580868 10.6429633412 8.87411761403 4.23535813574 8.22673167601 12.9655134426 10.6945170226 7.63830024266 9.30446386796 11.0165813368
7.12831078111 3.32134281619 -0.259981477471 3.2955203397 -0.695583552076 -0.629510015578 1.87021721825 -0.497683584567 -4.84250655106 -4.88640615745 -3.48258160497 -11.0240734073 -29.4675873317 -20.2096621113 -5.30559204014 7.39107760941 9.62235767944 5.07124799393 -5.577970406 -12.0398904308 -4.6966213375 -10.5847447687 -6.79278742898 -0.778625006898 -4.05380025596 -7.99208842475 -9.84002277099 -5.49781953139 -4.27317974436 -4.75469838375 -3.42232653726 0.128513149787 -0.0841605185152 -6.24222263146 -3.1454846024 7.17573656551 5.10082022072 -5.74585213807 -2.74798337076 3.45109293578
11.3687819298 6.69498555954 5.330413689 8.56654957566 8.41497975905 7.7240855981 7.57147388721 17.0424042436 16.2199044484 13.6994274576 16.5666742062 9.58103740095 -1.2163667335 -2.97961598334 -0.508575850726 6.34489868564 3.50852481165 4.71680651217 -2.45310700909 -6.62639431286 1.28702847923 8.92028883977 14.2953539552 22.3882664691 19.4718005287 15.2848031424 6.94364171025 2.26584801257 -0.296921132233 -1.86096992232 2.2238585708 4.64045274252 4.75154369564 0.0736211208467 0.527022581493 10.794471332 14.4020814422 6.84007629588 3.62955554613 5.22275615046
1.45783647076 -1.64409897782 0.488074182592 0.108828767191 0.194250824918 2.29976232882 2.29626706908 0.136816370587 -1.75990518155 -6.99277951384 -5.61366922254 -4.6970263612 -7.69600565156 -3.33151676957 5.22470881879 8.52738846862 6.3685308647 6.93677104518 2.19258416582 -0.410207719611 -3.95638625274 5.66991521918 13.7405885969 22.8987283832 16.0009111281 9.58944934842 0.473625092454 -3.34181983631 -2.33566296887 -1.6923896411 -2.77065841441 -3.07285557001 0.488770095833 3.26796898143 -0.503954664375 0.168998442975 1.51014709895 2.88186836249 -4.50663551821 -1.86516959861
1.76595342608 4.07265660823 8.59399932075 12.0039390472 8.55778295863 7.18332291653 7.37082885416 5.70737088998 6.23451470831 2.34268665614 3.82174228659 10.3148491489 7.97543615241 14.1016925649 17.611081427 21.1633658348 15.5186694075 20.2104178571 17.7977746604 12.627411421 5.36999150443 13.4976227287 16.7818015041 19.4158143348 15.2801896476 17.0827341884 18.7480836266 7.94941643862 5.60839556431 6.21955536052 3.11160660834 2.65163129932 3.39299263658 7.65781479106 3.72747688031 4.98923804702 3.98511683229 6.74112526823 5.84628553115 6.10316031402
1.16087260045 1.90471800042 0.69197332144 1.94167393286 -4.39438968109 -3.63701681239 -4.22663494044 -0.512466129287 3.00650518704 -3.05528739384 -4.37400115437 -0.300059361154 5.13552873067 -3.72410812325 -2.44574167235 1.60258898878 -2.1700112477 4.91535605949 7.88349224797 3.71123368089 0.00564108852965 -8.47319510933 -8.93834998123 -12.1563875765 -13.0677380244 -1.58230217916 4.98941011476 -1.47508161752 -6.67756589862 -3.4351804691 -3.45427708383 -5.1901449329 -4.19869104494 0.00383263426431 -0.142447570521 1.89659994888 -0.35920579531 0.376879242093 1.89728154178 4.87882172835
