-272.612500884 -256.569076549 -249.916129535 -243.184368121 -228.72007997 -210.276012073 -121.660729531 -61.515800537 -37.5808542242 -30.3780689056 -39.1298764815 -48.2481624119 -71.55964064 -103.358169877 -87.5241483078 -97.3671271321 -132.093346394 -172.255931213 -207.155327283 -226.062459603 -242.278961797 -253.209282314 -267.577718541 -281.808793987 -293.497330934 -295.250894023 -291.131008709 -292.697251541 -293.147152954 -297.255621307 -304.191080932
8.22226516009 0.617303388096 -10.6458862008 -11.5516264579 -19.3793414813 -23.5462674572 37.2666281318 66.2751934946 56.2008486512 46.7188072767 35.8221159257 40.0630003125 62.3917432099 90.714238282 105.483889223 115.608349199 118.631580002 121.558693849 114.186871375 101.500242542 90.5028047612 80.2700531022 68.8863749924 52.795767077 42.0546792719 38.6661476292 40.7981826338 43.0546387285 42.8718618812 38.4292247464 33.3837839668
22.7702157543 26.8609140516 34.2059094055 35.6943512151 29.5278240259 28.7021807545 20.7555916995 -17.5076410417 -34.9437216768 -39.9594253427 -40.2204941371 -27.8489536372 -12.0737855092 -6.39084743565 -12.3124136771 -17.7342855429 -8.47947399537 8.74592050875 13.9697534735 18.9326761539 23.365999969 20.0703468559 19.0991828643 13.1413564074 7.83668159721 2.76473872211 2.75096383736 4.82585907447 6.61701170248 4.10413238709 9.16761008092
9.97582245843 10.5277605587 6.51362719001 3.55983122299 6.00310701775 3.07132282688 25.8899650186 38.996630648 36.4195980025 34.1772434629 33.5770951989 30.9862997702 25.4534948453 27.9221827659 12.8943184675 -2.06706548058 -9.09794070909 -9.23172265565 -3.9920207477 4.81211010497 9.69818518747 12.130989319 15.901544934 19.9633818819 20.2834199889 13.962998493 12.4823755113 14.5299199547 14.3758324611 12.965766679 13.6717765222
4.10848921045 3.11228877066 3.31568460199 -0.252173393942 -0.443923018024 2.70177323427 25.0937837547 22.8826370886 17.7275758738 14.9378155601 15.0952275494 13.7609601526 11.469348007 4.43156819525 -16.7306132477 -24.9473821898 -32.442860385 -27.6219256709 -14.0596306209 -8.96891233396 -2.13424684644 2.46478329912 9.43780364969 11.1798328632 10.3868517328 6.42017221667 3.15808672957 1.10629875555 -0.204577821054 -0.0632060131063 3.95932835812
13.4492817849 20.3311582568 20.2718637913 13.6687764084 16.4074233633 15.6043884741 12.1344277477 10.0208198064 2.9402796949 -0.436517943297 -1.25360940411 2.36352260058 7.96789405615 8.6112248387 -3.24807092535 -5.16659558188 4.95299711852 12.0579307431 9.86272838521 10.4527929115 13.5151415435 18.7874470046 19.5711574764 15.7185744011 14.1334090405 16.0622903724 9.11775897749 4.07576284647 7.99678838493 8.10828050663 11.6351399213
-6.89251256324 -11.790723228 -17.7588472752 -17.3925351009 -17.9720953653 -22.3199300436 -45.8572461109 -52.8152176869 -57.7809292282 -55.7106979628 -52.9773209531 -47.8679451391 -39.6528169514 -30.7101441273 -28.696955019 -24.2275650256 -13.2563253786 -1.4045253888 8.13686841084 14.2396963137 13.2540641345 12.0240259494 11.9203099705 11.6301946928 5.88381668007 6.80633272607 4.16718110474 -1.62917744378 1.29528430334 3.8701615643 3.95164859937
13.2196580546 15.6225792815 20.3261468081 19.1866665875 20.9994515557 20.0815676924 -1.56041527153 -7.96800117753 -7.672924662 -2.23249274575 0.407621417923 -5.54612255852 -9.28950723275 -12.2814667703 -8.21009257197 -6.6130582346 -3.33741434738 0.566420391901 12.3030157742 17.6789255621 19.3860284032 20.2508529266 15.087848721 15.9612667419 12.50281548 8.12399206683 8.61900443099 9.14705004969 8.63512667825 11.5953476035 4.06252505085
-8.84616080892 -2.31196940145 -0.682098466163 -7.97637756367 -5.81587595768 -6.49821294158 -11.4867661266 -15.5713153439 -12.8377517396 -5.95338432786 -3.50098668144 -12.3424039349 -21.1906280642 -24.4626616994 -20.0473921958 -12.5998047741 -9.40003963604 -13.5665676325 -6.62702611261 0.810206476733 4.60015986661 9.13397209485 6.79362103413 1.14263776646 -2.04961202275 -2.62900446341 4.10245574072 6.65995184496 3.06910314141 5.02160311951 -1.58622503782
9.39843682657 8.77901411341 11.3707005699 9.86288571131 14.2415305428 19.0291629127 10.2307315387 9.99309236046 12.3733143068 16.3940864201 22.5972298592 23.798895606 22.1439831394 12.0508902968 6.32195360346 7.94351215879 2.82989201735 -5.31669257923 1.05088766245 2.46093586145 2.8908398811 5.77948640639 4.49988275502 3.16602944955 6.3041722015 10.2497376609 11.4584727582 10.41757807 6.22335577242 10.3622359107 10.6853646153
-1.92005425909 -2.3390406463 -2.37547772989 -10.528310942 -15.1914046114 -16.224866618 -25.2280566405 -31.7705769739 -32.1775984622 -29.5170478207 -22.7534539599 -21.6653345649 -19.4782965595 -5.965645753 0.452725028264 4.10368959015 5.60634326146 3.50937389224 -0.737970319064 -5.42649863969 -8.3118484322 -10.7569284922 -5.94621583012 -3.16654683348 0.357533946741 0.459715945164 -3.28192498309 -3.47678181925 -1.70229972977 2.70164779813e-05 1.03509212464
2.7481442493 2.28043019319 6.9629111527 5.88205421575 2.27504977581 -0.951438334958 1.77400895506 3.19968177257 4.1022303178 5.9579471833 10.1294637076 6.23420792981 4.51186352899 11.0334971659 15.3662673577 15.2653601856 10.8139378501 7.75272611189 3.44426510779 -0.589094461993 -2.48836100838 -9.78214854228 -3.29925051998 4.01687553471 4.31635117388 2.98727385147 1.93601511448 3.8423082122 6.41738072387 7.21970752426 7.6163428889
0.675628179866 0.011744737914 0.217369924626 1.25254629993 2.44158097303 -2.19488387974 -6.12504448203 0.0320267691434 3.69213509937 9.19324969123 11.1215834994 -1.37316650847 -10.5102291189 -8.06773903544 -7.42880225262 -10.6532778896 -9.31762510026 -3.94204138596 -5.9313713754 -3.54897700491 -5.87003891585 -13.3326322694 -6.97389635081 3.43132414324 3.78651305661 -3.83463945154 -4.77771365354 -1.04651921168 1.33326964613 1.25285749806 -1.47594525731
