-257.418769987 -254.523574437 -251.000788599 -247.260874359 -252.67812501 -261.365759867 -256.795135681 -243.40105387 -223.143465699 -205.658066737 -197.758919496 -183.843762928 -143.776348425 -83.8328210605 -52.149016405 -54.4156258249 -57.1457273946 -71.106391795 -78.4285807451 -76.6824338859 -92.5157302977 -88.6453332548 -76.4741281283 -90.0175158356 -139.227420786 -183.128581688 -198.478522631 -201.48052875 -208.928613042 -222.672510633 -233.424110276 -248.889235168 -255.063603737 -252.453139053 -257.758112411
37.2679782144 41.2600236977 41.0530728129 35.8626063485 38.8347117583 35.242467142 33.0139311757 21.660126091 10.0276585108 0.624220747554 -14.7562881695 -26.2747794047 14.7977847866 61.339231493 61.4539588857 41.62474519 30.2561064341 23.2617284324 21.9908621019 28.6639714316 31.4889402646 46.0782904091 69.0962009504 62.0219892962 36.6002596923 27.0533922573 23.9815405583 20.3388695767 14.371815544 9.01070983853 15.1879656042 29.4277782014 34.2055054376 42.20843993 42.3994851167
8.33072457088 7.57731556109 9.86599692376 11.1020715711 8.10344304577 6.18417729665 4.89029912724 1.8835249027 3.00017555892 -0.646715967235 -2.63515631539 -0.825188959922 8.54277045714 -28.867788486 -48.2379107193 -47.0222140204 -49.6766168856 -49.0788479402 -48.031053784 -52.416091086 -48.8918745972 -44.9956581203 -32.0463779249 3.15008117323 31.2176208291 29.2288016314 32.4606099465 39.8889001037 35.2850223016 30.2657352038 24.5830711858 14.4330540487 7.3752143403 5.72938417651 9.21058671467
13.5371086739 15.3134244723 15.7491763519 20.2244597155 15.8868295377 11.0371564436 16.7672041985 28.9304032693 39.9462194465 47.1669153092 52.5327824291 54.6555980096 63.8790107905 64.9691584533 70.8454492605 72.9615287127 67.8473971473 61.6504560042 59.3984568513 64.7042068399 71.3853572526 73.6975750553 63.4910142566 42.5621541221 29.4077486817 21.564296715 10.6033163717 6.67208485077 6.41480915266 5.75090813709 6.95171197698 13.2329100776 15.9538076918 16.2009876243 15.9627353653
7.75174848297 5.30104869038 5.82516947886 10.6254424691 2.06272666139 -0.287141244705 -2.48135601979 -6.54986793795 -9.6199662254 -16.7670338831 -24.9844496897 -28.7078662872 -34.2874586171 -26.5862004959 -23.152176851 -17.1883170117 -15.8813264145 -9.73544325133 -11.7983502228 -15.4107643612 -13.2216761203 -12.0627412279 -10.757738108 2.5680056126 21.131982364 24.0463316883 22.7615488582 16.9194117685 16.2973903387 20.2082807659 13.5601798475 5.82759650854 3.84694206227 9.72091029842 4.88766308928
16.0905947832 11.8433409017 14.353779907 15.9534156063 10.9820439701 10.9103638359 13.8248454126 15.1720072532 18.3912988201 19.1771912154 21.0075206173 25.784051301 2.13417239475 -23.2478555866 -30.8551748256 -29.7443775077 -33.369418483 -30.0825227283 -31.052400637 -36.2833670383 -32.9009387802 -33.2743899786 -39.408979499 -35.5646644863 -20.1988524354 -18.169304229 -18.4461955663 -12.2770343839 -2.07837342546 7.34364859501 8.46302008857 9.11948196698 11.0948666483 11.9682469101 10.5354041855
6.06474457862 2.9454418863 -2.4936173753 -0.449450526737 6.38676692618 5.45813582126 7.66751170022 11.1005679427 4.94842492085 3.64759106125 7.8768647599 5.70766217615 -22.2041286942 -32.9601643795 -27.3861261021 -29.3513866364 -28.2619955519 -26.7906197244 -23.4665874921 -24.0830670747 -25.0831680477 -29.4643611367 -39.4454049014 -43.5259622263 -31.0189025218 -18.2522552713 -12.1103262702 -3.41955202754 -1.13445150564 1.03208841167 1.26756768122 -0.63945050679 1.06411419826 -0.281613401024 2.42015479499
8.8643577109 5.07369922593 4.28980869222 9.87037035504 13.699956666 10.8732386144 9.18109218272 8.1107111048 0.966046745949 -1.05975487755 5.27466076823 3.80204405544 -14.5409015402 -19.6638327129 -23.0568211909 -17.3182970989 -9.9138148172 -7.99627896815 -8.10767485236 -10.9139464948 -9.76945534143 -2.53601315973 -7.23542840214 -1.13572782022 8.7307136846 6.30383624963 2.64214376462 8.36368328652 11.3611980046 12.7456017852 12.097444 4.88126911785 9.30792975626 9.78136110073 10.7960304737
3.81795754369 -2.73489239287 -8.16027789661 -10.3990434843 -2.25536026971 3.78702103088 6.05621363324 3.78601538248 -2.32220535525 -3.3481640927 0.87874861683 3.1569026915 -6.9908224308 -6.87938378874 4.76953159409 13.564774228 13.8456106636 12.775902505 9.86910430862 4.1827224738 1.83845809185 -0.536117188045 -5.70505498032 -14.3408805855 -10.7601956529 -8.58832052558 -5.46288385878 -3.54492201667 1.04899626396 2.92582877838 5.21792897123 3.47790269001 2.04430928669 2.1746786661 0.694594168199
10.5309695336 9.63030529375 8.64926841639 5.68707996933 6.74961710124 11.5075077743 7.24680753941 14.1944208982 15.1091588619 13.4126402927 11.5852387322 7.81704361761 0.0166153916669 -12.1112080585 -13.8040321713 -13.3496489083 -15.4967281705 -15.1352105341 -18.064612698 -26.8624931283 -24.9857504452 -24.6077369551 -30.3150448382 -23.0356920397 -18.5223881186 -13.743319616 -7.00274805143 4.33856014098 10.5307859821 8.39597714245 8.46177858886 6.47206532403 6.49868023496 3.88612293073 6.73131596402
0.0878631910893 2.95681054922 3.46474359472 -1.00694311005 -1.73461987251 -0.910435636937 -3.64374116076 -2.29630158945 -7.00549946807 -7.06112061194 -9.12721424083 -11.7705305201 -6.85149681936 -7.31859658605 -13.1452638396 -11.4539831079 -0.507950047017 3.38848388661 7.04853531878 10.3940354092 8.72909566693 5.58901116326 1.44425570952 -11.7014773829 -20.9067618384 -13.3552971279 -4.00357694364 4.99539611334 1.97023821045 -0.877536535027 4.41480226845 5.42443865349 3.57103463369 1.47210641296 2.33474464984
6.81630487729 3.37012543513 5.13669671124 7.66956244162 1.36034245049 3.18064148889 7.76558164651 7.81253787786 6.92492784242 7.53060649807 5.85124401795 7.2010305015 11.8337725677 21.3811311228 26.2071686278 27.8035655339 35.1409490766 36.8201067255 41.3700360633 42.3657330791 39.8384354465 33.2257027807 29.9053920441 26.0802781285 19.1243708826 13.9352276143 10.1225172991 17.3515329418 11.6446160613 6.00698475473 9.33148149259 8.63697899146 9.2709180945 6.23839752739 4.85883945707
-2.21723351044 -3.52231716145 -1.9729722697 -0.288712393458 -4.94870387798 -4.9272242684 1.88982770499 1.61816771978 0.987084425005 -0.3608078758 3.79803455026 3.30731077454 1.50402934264 -6.51661833013 -13.5330550835 -12.390079657 -5.74155005733 -4.91347555156 -2.17202743531 0.00163162962315 -0.872187743573 -5.70044087761 -10.1254515158 -13.2848039099 -8.35858009132 -4.21006077027 -2.13090926168 3.72615501083 5.80006971847 2.49517642317 -0.443677141517 -2.05053815505 7.45141142513 5.53882988279 2.53887550128
