-299.074881321 -293.384318445 -291.791020968 -292.206827464 -297.604051002 -298.420535824 -294.9363887 -290.058902135 -277.745239455 -259.666790044 -241.52299826 -221.474847028 -215.18419485 -199.590387789 -147.574577278 -102.92257044 -81.2415029884 -69.8988660217 -59.6840654808 -55.9692935109 -58.24625687 -69.4365231325 -90.523867473 -119.932859629 -144.720855493 -169.874002538 -196.42544479 -215.054052874 -233.050675077 -250.696544767 -272.576970959 -287.042451753 -286.818701466 -288.365300884 -287.758160706 -293.992706277 -291.791855691 -289.204566356 -301.618736514
38.9711251317 39.7786731211 39.656384713 40.6174024989 37.8183635119 34.9735196879 36.5996016706 35.3306836384 24.0137031954 5.18282732317 -14.2720462185 -19.7321892187 -23.6835922141 8.8774598949 61.9733285274 74.5420901897 65.6471761485 55.8220269396 50.9255102657 47.4425426261 47.8810316715 59.0847048831 70.0161158375 78.4686592355 40.3003475625 -2.29661159701 -13.4792538784 -19.8442656496 -18.6875719205 -3.74963274657 18.5626388786 26.8190531285 37.253180487 37.4447810304 35.4093498286 32.9395059067 34.1896548944 36.2997567127 35.4112324684
7.2006300479 8.0192382432 9.10155678137 4.39742434993 1.89851713498 1.38513326341 4.96498811892 4.94600541159 11.49031138 11.2843530497 3.53293106926 -1.57378687189 -5.09543001742 11.3555748666 -9.13127580774 -27.7740021387 -30.4478549883 -31.4064946989 -31.3452726333 -32.2575819119 -34.8703097544 -36.6317020663 -28.9461857652 -7.70391899871 31.2632392795 46.6626473593 50.3768708721 49.3375380138 39.1224510392 27.3041579229 20.2330774101 13.2394065437 7.25690832743 2.60777428175 3.32106275541 0.322257716741 -3.3413329741 -4.82423530859 5.05133997247
10.4616766039 14.3838370313 17.6872682788 13.5314905174 13.115568188 18.6182934143 24.2133222183 19.1236996325 22.3400851126 32.1956010944 48.6699569476 52.5221807437 50.8240950557 63.6271705464 58.7716833801 50.5170631472 49.1926841731 47.1505790137 43.0036802643 41.1087043587 44.4460161364 55.391919856 58.5948391111 53.7656465203 54.2639289956 49.548568934 36.6957763327 28.2002213816 23.9104271164 18.1300888069 24.0765530042 24.4433810971 22.1469062813 17.7053829224 15.5660665215 15.5647519379 14.4379253423 12.7142051378 17.585710372
1.10165466063 -0.616640996032 -1.39973802571 2.35869141454 2.19008123649 4.52151818371 4.35016974213 4.11280042964 -4.54212365342 -19.5290538565 -18.0841270246 -23.187516918 -25.292413034 -10.914695448 12.1245352288 20.411991809 18.5645888469 14.7953306455 9.96404761093 9.99051304212 10.2422013828 10.2693940336 15.6519110501 19.1613808417 3.93494278422 -9.84499768212 -13.8812167363 -16.5985744807 -15.9972809049 -8.90383850123 -1.5416596436 0.58387252561 5.12990474095 4.25568309752 4.38312347385 8.07132454702 5.10270823862 2.39230022863 11.9931160936
11.8678841771 10.1394839298 8.37549246555 12.621032258 12.0019082111 15.909579654 10.0193001211 9.30281391412 16.9597676984 22.7269796471 27.8264110895 26.7749661365 19.0507050931 19.8528933262 6.82032688854 -4.64430182629 -3.99177122845 4.19514588224 0.434637753139 0.799398719215 1.19173408868 1.3805353686 -0.620985433549 6.47563839486 30.8827291656 41.4695222586 43.0199733395 46.4107289817 42.7524427362 34.35174309 23.5162682169 21.9379597572 16.7683082014 10.4154418614 12.5438744034 15.0837080394 16.1221324385 11.5059750224 14.1631978092
2.34945313593 2.81260791737 0.497810520462 1.53594354961 4.83401191907 5.3193937442 0.178477949558 0.655219239163 -5.87418321024 -10.3228868885 -15.1072545394 -16.3394130925 -16.7229399959 -20.1477474632 -36.7052363827 -40.1212838457 -45.4432544872 -48.7093628963 -52.4440197385 -51.8601450215 -48.9415842447 -47.0735940181 -40.4181562209 -31.0191581651 -31.8637291876 -22.4359269642 -18.3911384056 -15.2190176398 -19.6592575007 -17.0301556191 -12.3408928599 -2.24062400808 -0.299506167586 -0.123980193777 0.231222021808 1.37704070191 6.88989541895 4.11239215173 -2.76585176588
12.44132436 8.70514826156 7.9134429143 7.61931494551 8.31135379084 5.91844973314 5.93374812468 10.3704869253 11.2814033507 15.6418342098 23.1765671356 26.5528342399 24.4120196826 17.7367461407 12.1455541431 9.29968403187 10.2794260245 9.19494790034 5.98870708854 5.83834550729 4.06353812607 -2.03347839207 -9.63184145909 -7.63518110896 -3.74437275172 1.34073323973 8.89836367249 17.9497626187 14.0104908016 9.99535783968 5.62546971867 12.2761959383 6.53309583657 4.92241279574 9.83553558534 11.1140204456 11.0826392977 7.85773610471 6.93633168467
3.1577907313 0.50582607033 -1.63302273205 4.44339380847 3.90226935544 0.258355566005 0.179550597478 4.60589770317 -0.620644068899 -2.70485197501 -1.53894737977 -4.54086421458 -9.57913450401 -12.3132071931 -12.7158272319 -22.9109801913 -19.0738820867 -12.3495085306 -7.74238244094 -7.46249857978 -5.70173813293 -3.82642995144 -4.81160702344 0.860108684428 3.95430969245 2.99519397555 6.78276559171 6.39732409598 0.296644219012 -3.71010754153 0.726615690655 4.77557207762 -0.0957846206659 4.5130996379 6.12514278846 1.17552057684 0.114284610627 3.18121785269 9.49421782695
7.06515104463 6.10701643206 1.53531535712 6.66249473948 12.1582883552 10.5506652721 8.1208503429 10.6282114624 10.1860760653 7.86475286387 2.43253235915 -1.34137400456 -4.09587472423 -2.87174245977 -4.22757097291 1.8188780497 6.1192195727 11.0843643924 12.5428146252 9.78613252447 4.98061798091 4.64669759329 2.53971833466 -1.90838427959 -4.47286751158 -5.71661775927 -1.26864911155 -4.14649305797 -3.74019437952 0.589602925072 1.46063579491 1.79702599136 4.31181374569 7.69817545759 7.86857021781 8.82476799975 5.14871186051 9.68113935597 12.2495071489
6.97301630181 1.86631250437 -2.85994604753 -0.663877291888 -1.05880089852 -0.214979568885 1.28192798511 4.1934010213 6.36366585904 6.05072496713 8.79393439736 10.5469415393 6.23232116806 4.74355892791 -6.23562087475 -20.3667087791 -23.0810418445 -18.1836865616 -16.8391843353 -17.8715953981 -22.0136352592 -26.1855821869 -25.8456547847 -23.2234615077 -13.3720038248 -9.94755003066 -2.77492084716 3.52908845112 4.26272762401 3.39285227904 -1.28827034774 2.67415339191 5.96440738679 4.28563025685 4.69410723362 2.6388084649 2.09768080016 2.55216953903 8.86295856199
5.6172386005 7.42014574728 6.120955175 4.29085999419 2.2191198695 6.87545584416 7.72382031951 6.26419265362 6.24261750973 5.13330630762 6.41479756295 7.37948464162 1.60466689922 -6.22169961956 -13.0049691376 -8.78353218907 -1.07062474758 10.6138645172 16.0739034776 19.803039775 19.8082596601 17.6901234795 13.7416936305 5.25723200464 2.77352786469 1.23304345518 3.48066794684 6.40628948932 1.9179598117 1.70868991021 6.06367191044 7.26496981938 8.31844144833 9.66137038935 10.5371506567 4.69953730888 3.62782744899 4.30273563873 9.23688722112
2.00518079461 3.49378960759 1.1549001122 -3.8172096716 -0.917454419188 0.358319601429 -1.67011559655 -2.26937293666 0.69765247166 1.35497741197 -0.0102761050247 -1.41274782168 -0.635723261928 -8.72895603887 -14.6404886126 -14.1910906915 -7.67171530949 -6.39689471531 -7.61111818537 -9.84511525951 -10.3416703947 -7.87789059806 -6.94901302539 -15.2605120508 -17.5039058162 -12.2266876058 -4.69219897558 -3.79418837244 -5.45646276539 0.542682348295 -0.239896979428 -4.76622501301 -3.12529985996 -2.11484792601 -3.60905157464 -4.56326447997 -0.0692079118438 -0.242908293913 1.40009282189
