-131.324202564 -132.650305371 -146.013226337 -149.566916126 -147.348710371 -142.073470074 -143.918635174 -147.75613195 -148.034548127 -134.51289841 -102.184981506 -77.747868199 -68.4069037686 -68.4055338578 -73.08252569 -74.2008803306 -74.6911793123 -78.0612722928 -47.8237412306 -35.497994987 -42.7855377597 -38.9706807019 -45.0660607249 -57.9164090858 -67.3676594827 -68.996092367 -65.3088790059 -71.1970915566 -85.9133843005 -99.0559480297 -100.288804136 -108.371941196 -120.532476561 -125.438292992 -126.489436755 -133.757509983 -141.644337844 -148.009652824 -157.737199221
51.8062358302 50.634141092 43.2655610569 41.1612547226 39.925692537 45.4854315196 46.0650842108 44.3590904367 43.6949255897 34.0035792762 8.39737629214 -12.8833351458 -27.4468924936 -30.9689319587 -25.755919719 -26.5635577315 -25.5617598341 -10.3935149616 51.7675840274 93.4000412819 89.0674523679 91.6866463868 91.4209892891 85.7660371215 82.2496690951 81.6565710945 82.5292954868 85.4106570339 83.7843425257 54.9062718952 25.6680407895 10.3628573985 7.97644605035 7.78828272405 14.563498051 31.6034253868 45.1911330535 43.3973282194 34.543383199
7.65665158354 7.74298096558 7.73978665748 11.028962919 8.21175291221 8.7783893171 6.63156350381 8.90262510806 11.0570629366 11.5552011611 9.41159628633 10.3463979038 13.6068132645 12.1525516318 18.592786733 19.6785844567 16.9518234367 23.1897614355 30.6192881945 7.80196463274 -10.8085444514 -18.9420015288 -19.3557920291 -18.9005886351 -13.9376987864 -13.9020544765 -14.4261329327 -8.04854480705 5.97877828746 28.4518471204 42.0800027112 35.7598755078 32.9671121518 32.3891329861 27.2920972779 20.3404025277 9.06830483343 9.19422385548 7.64404223293
16.2801093934 20.49489222 18.9089827902 18.8750921972 18.2076485797 12.9291938991 13.9224722025 15.8047041191 16.3128169647 25.9350320677 40.3329084506 46.3138903304 48.4768122841 47.0575142267 46.5909705916 51.1311577637 50.9267799351 51.5668223056 43.6458634563 29.7680810088 31.501429005 31.390924978 27.9459532453 23.0642945043 25.1380323683 27.607234163 25.2904826193 21.9826184785 20.3422194305 16.8859401264 9.0111713246 4.94928380414 4.40146041723 7.02734255872 7.30534751191 12.8387503835 17.4636314965 20.2673229384 22.5535696027
2.07673132466 7.29907061492 11.1653343886 10.7039593065 5.60681650879 8.62766056385 8.22079870224 4.53718420684 2.84292283055 -2.63670977456 -14.0728779508 -23.3165364521 -27.0557256492 -29.1763588101 -32.8169205646 -28.2351651298 -30.8373267834 -29.5803740021 -17.9852298218 -1.48899482962 12.1557833175 23.8154395537 29.5291676155 30.5061169957 31.6261852655 34.2546940506 26.2304398843 24.7871112193 19.8102247623 19.0402762771 22.3967694141 18.819861071 17.3713331791 14.0335279308 10.2577912578 10.768457536 11.0111917818 10.0065943154 12.6403835636
13.0308440392 13.2458030222 18.6068227704 22.8020269881 17.096919767 15.4649628111 11.7163575013 11.876339001 11.8663305249 19.8658701087 32.0140486014 39.5645592966 44.608559275 45.4986488967 42.3313368071 46.7942857985 42.8816620877 41.7151484983 38.942544299 20.9321710402 3.65411668847 -3.16295004882 -3.90282778528 -4.06728098347 1.53105846963 -1.23365535716 -7.38638222454 0.254053868961 8.47459273921 10.9483082945 13.2896493808 14.6817618731 10.8122733713 4.00578718445 11.3698800815 18.237950697 14.4635389003 12.4247725193 15.0555718896
0.544635939787 4.56226110943 8.99751518919 7.29676108934 6.6127739617 6.16857886714 5.69927634146 6.87706401244 5.02061648392 3.03942055987 -1.94331655089 -7.83012361895 -11.4784143127 -10.1737729161 -10.4071514836 -8.13584403389 -13.6867166171 -17.3221667074 -31.3147640003 -30.9839510423 -28.5364188375 -28.6062787066 -30.9313818086 -27.6516067523 -25.4441499026 -32.2152948708 -35.9075898737 -29.07432019 -21.4586838406 -11.8337787048 -0.372698461001 6.20377175501 4.07249327439 1.4994300597 3.69572701593 4.48947107647 3.77561738351 1.80122138063 6.62397023956
11.2786754127 11.1668877202 9.32696859968 8.94828848003 10.5752080918 10.3626420987 12.0147482387 12.1613524964 9.56763688922 13.2692211765 27.1662175959 25.7405569773 23.209094484 25.3585874719 26.2618741799 27.4197573759 28.3322953006 19.7612043367 -17.6312517152 -28.9434136847 -26.0513457113 -12.6105366324 -5.49903442225 -1.04786982001 -0.565990488514 -1.4715375242 -3.21858076833 -3.9228781899 -5.10630252487 0.172193096266 6.69554593376 9.45134219083 5.40684338253 7.44290569333 14.5429510171 13.0941140448 12.1355789227 11.7376865006 8.62762963054
6.7135616506 2.94831201122 2.08430974628 1.0528527136 4.58764749378 4.6945418655 6.08759331029 6.44319683781 2.69158581123 3.05630336944 8.25720379958 4.01877953489 -0.160038847225 3.66264386067 4.83795772953 0.410059130553 3.05997936553 2.55181185221 -18.0412858992 -16.7728979763 -12.080921163 -1.64889190105 -0.974880832104 0.93589139145 0.87618789756 -0.064701785063 2.04632224835 0.0519428595021 -3.68646627485 -7.38883950663 -7.8518457789 -1.8500761513 -2.71668146963 5.04734723355 0.389257629445 -0.593258368646 6.28226431751 6.7365417855 5.55416781597
12.0592892045 10.1000100187 12.1866689434 9.38486487331 7.80776129248 7.10498011099 14.3789880186 16.2386982549 8.93340979635 8.96605174065 9.61025705103 10.2283555757 7.56755921096 12.5687893334 11.4813432655 7.16990836485 6.43797083354 4.16400705813 -5.16555499061 -0.318036428266 6.94532800412 14.5871687424 17.8485931195 13.1811075957 9.79030578329 12.670854581 10.3373878524 9.60780872432 8.76889593621 13.1285503013 12.1129187909 11.8368769675 11.7157758958 11.5144836005 12.3303319786 14.3043966745 11.6197285061 11.4031174468 9.70228398024
-4.04330314246 -3.05822517343 -1.24765249983 1.32492011512 0.590851212381 0.665644866606 3.18688706237 6.76024460068 1.64120325223 9.86404203629 17.9504567281 14.3788579858 10.4410696691 13.806554353 14.0427293874 15.8248628984 14.8696314666 14.6688903453 10.7701965494 4.4822945544 -9.98334872339 -9.14199372153 -2.29549354944 -4.98796736191 -5.03901111466 0.129641313871 -5.87857628735 -3.17748979706 -3.05413682871 -10.0080775598 -7.83868471337 -4.47080479463 -1.2998886926 0.890700967569 0.570928697142 2.62498709854 0.852503475316 1.56476167611 8.01781011083
1.3000287257 3.53428303693 2.73067796279 5.24488680157 2.0270906181 7.82971479001 9.46220994595 4.76771833473 6.63216332555 6.1383096265 4.60247401235 3.37477996857 1.58555481799 1.07395220012 0.457024764762 1.9559670446 0.774723057667 0.453956719447 -6.38012702897 -4.71064076384 0.397632094057 10.8419873176 13.0825135936 16.5622925106 19.4858728569 21.3350026018 12.3174595568 12.2357381666 7.42001090484 3.91227095672 4.22278363275 4.24449617204 6.50993976637 2.72532517291 4.02484121851 5.47709932076 8.42017613259 4.78709832835 4.25717867134
3.86753279021 4.94666410398 3.80108116034 0.937750595408 0.872459014372 6.83370710194 5.31410208153 0.429092655938 1.17605485523 5.22857160821 2.31094967228 3.27750918047 4.74608168855 1.30899711368 1.88372181638 3.91882602476 3.18972528919 2.06651577873 1.85805956001 1.58344953185 2.16210935619 4.42001582285 6.38624707003 7.83758179277 9.12581808801 9.79096930444 4.64815676968 6.18056577806 4.41493018543 0.00362936372994 0.845101207555 -1.42209668129 0.88963406046 6.1781961627 3.76008020513 0.00301732653655 4.16409937737 -0.289197655547 -1.22405051992
