-161.615808294 -158.83968517 -157.600102076 -155.892504613 -155.453443327 -151.695969825 -153.742154688 -150.451439233 -151.018555311 -147.905770571 -116.59703067 -87.1343650305 -80.6152521161 -76.0648008185 -65.5662438558 -63.6409004033 -55.8297416477 -26.2043388513 -21.3017616185 -22.4645180671 -18.7717484186 -20.8001242142 -21.8807385844 -22.159602469 -24.2802080882 -29.7351653485 -46.0044050767 -69.2268225402 -93.8297257472 -95.5707572755 -93.0680571144 -95.7909344434 -94.7349129841 -97.5120402195 -114.152141279 -132.453638513 -137.448285884 -125.505046204
56.1515253154 54.674795004 52.7973991312 52.7729178121 53.9345100278 54.8594513638 56.9973967285 61.7024922304 59.8889010903 53.4699632657 31.0883052801 20.1278991887 8.69385185274 -4.39936360534 -16.3565051227 -23.2397574786 -12.8757866438 32.8608540665 60.1993566193 56.8255357741 51.2483485942 51.5489969594 55.4744396402 59.517245518 65.3190013999 69.0665164339 63.4156778003 57.550448216 55.1428194533 33.3338232794 15.5109049913 10.036460158 11.7104579719 15.7261766683 25.5464328221 36.9744763854 31.7277515725 26.9701091473
22.7141771089 18.350203399 16.3383657056 16.5171080217 17.4418885887 17.795700113 17.0977888709 18.368380363 19.0364986967 13.1168020372 -4.91879553673 -3.00144469326 -0.616727293592 3.34176441566 9.12449642291 14.1330717894 18.8315584066 5.72399672844 -14.6445012855 -25.1081442189 -30.5682033106 -29.196134816 -27.2886155756 -22.8985605603 -11.7739037985 -9.25444126385 -8.40728223607 0.0762124002021 14.5858692291 26.1326366594 26.3048867519 26.0594344107 23.9308459324 32.2258304505 36.3192413907 27.9752756227 27.6203099383 32.2261642591
21.5560906225 20.0710324748 19.9762715545 22.7745314537 23.5748836481 23.5563465915 23.5639695901 24.8077019772 27.5430111672 29.5703752804 50.6775382875 72.070001438 70.4496661075 61.0545968876 64.7001645679 67.9589522201 75.1878887861 74.0968772692 66.5454816047 71.3343208196 73.194072329 77.7287671865 80.2651759782 79.1281541893 80.7803018797 77.7076924108 69.4599838982 64.7407030908 51.58825195 42.0987066446 32.8125453213 29.2074616429 23.1607256201 22.6843964956 21.3460637899 24.8176372714 29.9627806405 31.0719156864
4.49726576186 6.08717777608 4.69645306069 8.7903239969 12.8847290915 9.57466502386 10.1233721063 12.3065824546 13.6959882424 14.5998405811 1.39688441307 -10.9214303929 -19.0012826116 -25.5848111259 -29.5692325279 -34.9566029196 -33.7176163504 -19.7183189137 1.433054696 6.77572729547 5.05130044017 -2.31689170969 -10.8519231245 -14.6328366591 -16.7397858013 -11.5530598174 -5.57109643979 -2.36321220237 0.986293578017 -5.04098256186 -6.35522434827 -4.83140684151 -6.14307439418 -3.73022134389 -1.87016626148 -0.0438173273682 -5.21200948966 -5.86694010529
15.7679190454 16.0658460276 11.0373436804 14.8994241701 18.2455940787 16.5695852152 10.8995166716 11.9480238154 17.8117121633 17.7286203575 16.7269950333 21.1059927105 25.5049812624 34.0746146345 35.0087320238 33.6167284781 36.8097341508 23.251902482 -2.57453446186 -14.9821747417 -12.4848620025 -14.6619633112 -19.3971012561 -22.2438516599 -27.7966867387 -27.8628126094 -21.1995275827 -10.1942148691 6.19442674562 20.8713418234 26.7812674754 29.7737727911 32.0552670857 31.5660448975 25.0357653627 19.3052837798 18.3354780509 21.660995942
9.88163991604 9.01332180411 2.36798412985 4.10538494417 5.57950937378 1.79682143865 -2.69085950705 0.295916830568 5.16011852854 8.4461396792 5.85219223124 -1.66481658056 -2.32669739143 0.758289798306 -1.86833562307 -8.00899912011 -11.5909362676 -22.8432355377 -24.0567002733 -15.3361558268 -12.6050768127 -15.470126671 -17.4908121097 -17.8823283715 -21.6786377524 -31.4418001584 -26.7875317755 -16.7844479342 -21.2547021236 -27.1756141095 -25.3237914426 -22.1636940984 -18.3358001329 -14.1699382828 -9.75824392709 -10.7758731318 -16.5742567602 -22.2884505358
-0.916388917447 6.00983272245 5.83641864082 7.27907616981 7.81668760408 1.03733084572 0.424835202971 10.3931539138 13.8179199822 11.2383800489 4.4308703347 3.37010688768 5.6057628876 6.24005871737 5.72209884414 4.40032823555 2.7445783755 -1.2791816534 -5.20598354743 -5.50325078673 -3.53176412781 -1.53606385959 0.150665071282 2.39181530982 1.63081736963 -7.43711039408 -7.07355952625 -2.9798430386 5.4786664393 9.16198459603 12.0056767733 10.9890748167 10.8258665112 12.8086835176 12.3224841609 8.95483629936 5.8035931146 2.83063530725
-8.06559554448 -1.14127629604 2.17700981746 -0.165182747686 -2.484055474 -7.19324612156 -5.88600007332 -4.71475496591 -4.315062365 -2.58147004059 -4.81296115322 -4.07944043369 -4.34172435361 -4.46644878383 2.26806559583 3.61359937396 2.13792592788 -5.39325481608 -3.29041109423 1.23963191292 7.50245654724 9.26510633297 10.6266324846 6.82329081137 1.95996823516 1.88114913271 2.14055583145 0.779210746061 -0.752275352856 -2.82737730026 0.161409860054 -2.27427778427 -5.79896970676 -5.54509393655 -7.238270256 -7.34642974855 -2.88256441369 0.132091853716
2.49245928905 4.27246942445 8.31789704844 8.88470476662 7.26701005049 7.67503005927 9.37062558391 7.65880922002 1.33146182334 7.4526531324 12.7724119105 13.9395202126 9.37022723702 6.94735189523 8.75699224666 11.7935750062 14.6710253161 0.0747692336046 -0.789468967671 6.62883432268 5.31035365166 -9.50912600612 -16.3623015516 -13.0864853732 -14.352740114 -15.5662535909 -18.3387490956 -15.2861957515 -9.36998873198 0.437077513361 2.37260073294 0.874465506596 2.12671875913 2.5987193631 -2.5304951757 1.55755067108 4.40914632707 3.66945115254
-3.45739675397 0.167599634152 4.14388676447 3.37376503169 4.61044632362 4.60575734357 3.38940981384 0.313044853835 -3.20378885804 -1.53099265679 4.87522822591 8.15901371634 8.09433725065 10.6766862298 4.0115028328 -0.302554024151 2.3379518696 4.70757458892 0.223949541575 -11.7946854095 -9.75673028336 -2.76331268283 2.51184067787 10.1043741081 11.1861959272 4.60013459886 0.683708182583 1.83857277124 3.5756018897 3.6090650347 1.9265247718 -3.51803508773 -0.0951887656403 4.41762299081 1.472635155 -0.108961504723 0.141220556564 1.48088524982
0.585700955756 5.60386908382 8.28784489258 4.50931040149 6.94365039473 9.03986388809 9.92581106342 8.29052786346 7.25342518325 -2.60300915806 -15.5038222192 -21.1137674734 -11.3570679631 -3.50809688267 -10.3455126178 -13.9996030412 -14.7593400688 -12.5090321776 -6.72398448952 8.38668760067 18.1496596529 22.9463290195 22.3610945593 25.749090912 22.6457190007 15.0658752634 13.0083153515 12.0390765228 5.8848107384 3.76415859834 7.38898152393 1.07935039326 1.38777680139 4.52269825191 1.96985122568 1.4257780773 -1.76547623727 0.261644818149
-5.74811146905 -1.89344872381 1.64183051633 3.01802608344 -0.362057434881 0.626049862926 -1.32652336573 -2.79266772617 4.9011029188 7.16144653612 13.6296747728 12.920835568 11.465530302 10.1392095282 7.141272269 15.2173959076 14.9263250673 3.0473010475 -4.92114938775 -6.30707077727 -8.58547970402 -9.22104180419 -11.3610371599 -8.52445384417 -9.01111074732 -9.51242028232 -12.1790821508 -9.09093465175 -1.83505721455 4.30944044174 7.92696742482 10.7184320861 11.6163776936 5.43557980893 2.5260350096 4.0922114195 -0.431805693434 1.56538144305
