-251.939343401 -239.383671242 -232.795828204 -234.844225109 -236.270085085 -235.775034235 -237.80942291 -239.724491643 -236.715660769 -205.444385304 -173.707910438 -153.102716429 -141.594532099 -136.827328664 -114.507436632 -81.0286687245 -67.0663120055 -72.7694756719 -71.0645886697 -77.591863805 -71.9328438548 -68.9490304172 -66.3661460593 -69.4363543749 -93.763613938 -111.097348451 -145.507370675 -172.731895297 -182.42393345 -195.513456555 -206.343699772 -209.432356092 -221.545326503 -234.671519834 -237.233766007 -236.974540409 -237.984429178
35.4916999689 39.5707551774 42.4524398772 42.3094338445 40.8760347848 41.2379858522 40.1071334033 35.9220300307 31.6618607156 15.7246015038 -2.94495272292 -18.8905816369 -40.6448555969 -51.9776331034 -14.1010606013 49.7970509327 73.2885546773 60.7751152719 45.265119817 36.3889349313 35.7532444482 37.1458429461 43.7210638821 62.851310552 67.7872683819 25.0387110365 -2.13452470575 -5.27763145352 -4.64125951205 -0.893143308706 4.18759008074 6.74820722192 13.6696744175 32.332052189 38.3039562127 40.7332703115 38.5872450649
9.08972526753 3.06093453959 4.26680865719 6.90656858434 2.30364570084 1.98142608159 4.97588970382 3.32052556987 3.29384931335 1.10640974079 -6.87754866589 -9.52245111094 -13.3555913059 -15.1036109787 2.81178764004 -9.89739682276 -32.2509901166 -43.7628621575 -56.8444931794 -55.1106863756 -53.1060433961 -52.6220720055 -53.4115338228 -40.8213086157 -15.9471710123 28.7403821405 46.1349656267 42.532035815 35.7949504058 37.3590739182 30.2121637428 26.9442804079 19.4213549822 11.0818731325 3.50597843456 3.21156237264 4.72174163529
20.8347645079 15.2664305056 16.2571705428 17.0398758303 9.02926459913 9.09076489284 14.8069593701 17.2977856922 16.7180948649 29.0829805016 47.2533026511 63.8808093304 74.6264829506 80.5138874925 85.1843545311 69.1162831198 64.181599361 72.4148354082 79.2068469705 79.4278817433 82.9321807274 81.9889244882 75.7799149699 64.8827927983 47.1191208249 22.5303422089 5.25796672946 1.71231697373 3.18679120549 0.602851182504 -5.64420513718 -4.88775981045 0.78107680647 13.3442303187 16.1863373657 18.6787348043 15.7819821759
8.3320773998 5.10930614039 3.38532134217 3.16341098057 -0.601081142799 -0.0339825048919 3.56129774888 5.98087096779 2.45488999191 -12.6343869249 -23.8169975099 -31.5123028617 -37.0504194888 -39.0516915494 -35.6267745831 -14.0508297163 -0.365906606912 -1.35047402108 -4.20794733987 -9.88002749297 -14.041420578 -12.632561008 -8.58529648848 -9.51749104915 -12.0211153967 0.235079064655 4.51993301977 10.6283801351 10.1478110393 10.2731452978 12.3238008257 10.9609049301 7.83316352693 10.3208641207 5.57054426014 5.20724158826 4.22806918575
10.5505106993 9.98930532972 12.369632317 13.6432743071 11.2707848233 10.2680981457 9.96574681675 11.5422864354 14.2838279187 19.7524716244 21.1965032222 21.1973632383 28.6591987059 32.871051412 25.8644673059 2.43226756418 -14.9143016851 -21.0002667627 -23.6716492557 -20.7944376539 -23.1418230665 -23.2603334539 -23.5884307729 -28.4992615789 -28.8472078146 -19.5967099978 -3.06108751397 7.74062077587 12.3659570155 14.2866802515 13.6943109539 10.7557133441 7.25071777077 11.3158026878 7.81997698766 10.8309084767 13.0754517904
2.27797629347 1.35565924654 3.74237210677 2.60286222115 0.436456520354 2.79023962217 1.75082410727 1.76406247069 4.4072813371 1.1573489651 -6.81791617976 -4.62971346547 1.58692123227 -1.0892120819 -17.426974438 -42.9018513104 -40.1058982129 -28.9450014751 -26.2560890079 -26.1023181543 -28.870220929 -31.0442038361 -33.2003685036 -40.2303452294 -47.4298269254 -50.6461340156 -34.7220921268 -20.7513494897 -18.6312447565 -14.338804255 -8.18829415572 -4.10122478554 -1.31770492404 6.56203351121 5.93771322954 7.56745420846 7.61562373938
4.75667415126 5.50230553679 8.16621541846 10.5699086131 9.28716722814 11.80971186 9.97334710496 8.82707797401 9.59379500456 9.01066096087 13.2153940404 15.0683556564 12.885345241 9.35443268248 -2.70235368821 -9.70822757362 -10.9575923479 -9.02377274029 -1.98777800121 1.97016683776 1.59705458141 5.03964353502 6.36319028362 1.17947600852 3.08604358133 10.8797551979 13.6843229301 16.1955440335 15.6568840575 15.9618209445 16.7999768466 13.2862504399 10.1841932413 9.5351646533 12.0645601152 15.4757280395 11.3959735217
-1.9646533198 1.9647144483 1.76484471558 1.50199944152 5.07316625156 6.96523724468 0.445937460881 -0.75297923711 1.16507340955 0.434672741877 -6.16146917175 -13.000243541 -8.50827801202 -5.91983488237 -16.0408903884 -7.08256685118 4.06474631862 12.9820280489 18.5236076265 13.4413065196 6.76993309974 5.04077567163 4.47119424404 3.07127346512 0.0675686190458 -7.53221976649 -9.43264081577 -13.2523560382 -9.404204201 -1.11648145322 -3.25974814147 -3.97238310265 -4.87404780025 -1.44729749754 -0.157563863706 1.20253482831 0.184234431841
7.86086356686 9.38406230869 5.22381815337 0.1594677918 4.99772924621 10.9283669728 4.3352351185 1.68199518236 8.18421430562 6.48048355434 4.52411068382 12.5800862904 18.2031862305 16.300958867 2.21189471007 -12.8054151938 -18.3446464775 -23.6875314733 -23.0445169639 -23.8158612026 -23.5956138676 -22.2722518736 -25.9573665702 -24.8068436611 -17.8540441608 -4.56840571496 0.113222445994 3.65831733811 10.975380992 11.3534494396 12.8778510133 13.4296753753 8.37648782901 5.92686118249 7.52746045132 8.95947132535 4.82415718318
6.36757039383 3.31184319102 1.03078834857 -3.95941946555 1.30675268887 1.72694109187 -4.62426501964 -5.08393928353 -2.05561400296 2.65710450282 1.97193280301 -1.34954133843 -5.88662574994 -8.03299853715 -15.2057761232 -26.6819533564 -25.2248699044 -23.2854950786 -21.4644518948 -17.4408059076 -14.6220931685 -14.8303324926 -16.7550481366 -14.7098885778 -12.6177321811 -10.7778735201 -8.04515377733 -7.82472894755 -5.49134260789 -0.667097809742 -0.264706272879 -1.10177540662 -0.572252015778 0.48192301605 2.62694130435 1.81508390634 -1.14476731792
11.1318698165 9.28414162345 10.1481401745 9.69743126296 8.57655846625 9.3263260351 4.85874070671 2.87991065204 3.49013500609 0.523892538304 -1.96307835542 0.0441461641631 -3.73551854723 -2.49337136953 -8.39785503243 -14.5240256265 -5.09698535047 9.87871850834 15.988057436 22.1503789481 23.2729094437 22.7487390458 18.283571438 17.9137141858 16.0461788666 13.4031126116 13.71923176 11.3663229573 11.0357536658 11.406770238 5.410629858 4.77227793048 5.81428776926 7.44035703213 10.4238145858 8.61437298187 4.68420711234
2.53938958417 1.26239601597 1.88640365167 2.83130624717 1.74402579638 3.40584090739 0.91070753489 -0.421106959964 2.17624232082 -2.21662721088 4.08722112539 8.76184330449 6.1774213597 5.38905315801 -0.520740851023 2.15657509357 -0.82431979334 -4.06888106386 -7.25593572789 -7.26968780866 -4.48972282726 -8.33844864767 -10.9059837208 -11.3192934092 -8.49865738506 -1.9368330574 1.37924604051 -1.56464653473 -1.93758627472 -1.1009078849 -4.70919772133 -1.49240966732 4.54533403765 2.01459619872 3.78559360119 3.0987335852 4.11002060915
