-248.91304643 -243.842167455 -243.410900296 -242.452177012 -243.469484332 -246.389482329 -249.018145084 -246.920527845 -242.852676712 -213.417354689 -174.643399757 -148.295663737 -129.402899524 -116.57989814 -108.188292869 -107.531118625 -105.617423138 -100.271554902 -88.9938942407 -75.1963082796 -58.9786779748 -60.4294172493 -69.3905117821 -60.825586655 -51.2030275627 -59.0785678594 -82.1716945698 -121.774886548 -158.232548925 -164.921198493 -169.964240356 -183.172762178 -197.664909849 -213.28308646 -231.77126258 -242.952589667 -246.990208064 -242.787959103 -239.66947351 -232.796419652
34.8316932426 38.0290640767 41.641025785 42.3400335338 39.2163671337 41.2743936752 43.2264577519 42.7529853199 37.0872653546 22.5638129843 -2.96268250049 -26.3045406376 -42.7731380833 -50.6867483127 -60.0110189841 -60.2303567073 -13.5966850563 47.6752728228 59.6560245449 46.818021282 37.8799053313 25.5513548327 21.4611024263 32.7402345484 45.5039880504 52.7534258218 59.9580694236 59.3363818646 33.023849657 0.56734537978 -9.81624121631 -12.1654908703 -4.26508894781 10.1211541666 22.5298980494 33.3956868509 37.5507737871 43.0796100821 42.8610793306 31.4980869923
-5.36252748913 -3.41260648959 4.12896865316 11.6057127235 10.9965467796 10.9495858832 9.16814427254 7.03821405529 -0.751620799593 -15.4824817805 -22.8625207693 -30.6011680279 -33.0531434709 -30.5129242666 -29.9645643414 -31.0849685073 -13.0012163201 -27.5260341847 -63.2471546969 -83.2001549223 -88.9552394962 -84.4464892244 -78.3775843023 -77.332106305 -67.6297477985 -50.5880426552 -30.915453511 -9.47702554027 21.5551897382 36.0183379519 38.5331601943 33.0656095162 29.4067504895 23.9491747404 14.4282712222 4.00291248132 2.17717645297 1.6274697693 3.13339918817 4.06606575511
10.6346632532 10.4571829889 15.3836497363 17.6470275643 15.8922484973 17.5830418257 14.6325394538 12.9087293935 14.5010698671 31.9154139854 58.089554841 69.059733124 75.1845989663 78.6861756679 85.3242447922 82.1653114235 75.5759153441 51.3544375248 47.9349895738 60.6801231555 73.2594911711 81.5699648864 83.825595474 80.0736177197 79.1195111297 74.7893918329 71.8947321621 68.4432308817 39.6045676046 22.0979136406 12.6892469428 6.19466980088 4.55773684615 10.1017912727 16.2395879961 16.9640224451 12.1797718944 11.6225908367 13.8149082656 15.1048659239
-1.34821039716 2.29134181061 3.946960149 4.88591605353 7.73477101227 9.31802224573 7.80327326889 0.969632914294 1.80022708042 8.78731496688 -1.39050420288 -12.654117398 -17.7028790605 -21.4808697361 -20.2468975053 -21.1206775862 -29.7554114429 -23.1201079632 -7.84181073203 -4.45812621572 -14.3044261941 -26.0175381809 -28.8036796892 -25.9416431522 -28.8690665497 -31.4847822462 -31.8769477771 -22.3255191581 -6.25451771956 -2.71511871583 1.73872963556 11.1536783073 7.48402960982 5.28801419798 6.38055065315 7.86534799028 7.57918240645 5.9291870756 6.32801760593 5.24158928868
4.88254410059 11.0238082103 13.4566779271 11.1904811766 16.244455102 16.8387982351 12.771466648 12.1989208082 6.56425396709 5.39865924747 12.3336800454 11.600830175 11.8877462954 17.9900055367 22.3225403623 18.8625568493 4.39630097053 -13.9329311214 -36.1675890344 -40.1188225857 -42.6328907128 -45.1583425727 -45.3191556103 -41.8319761607 -38.1096423026 -34.829009734 -32.9873440923 -26.2445176033 -1.85483304285 15.906044048 20.7872064028 24.5747698335 20.8019414294 18.0427872824 14.9265753437 14.7780367131 12.6012650067 12.4204931242 11.4754393256 12.6839883094
7.56749655743 4.70856676267 2.34148859071 0.669784525442 6.29854757928 6.4590372502 4.2594964582 5.97661024574 0.939820571366 -11.5293828837 -15.8489983813 -23.214066402 -21.3318707669 -18.6797892705 -21.1419233436 -16.1945213318 -20.507150836 -30.3834342526 -22.5013147379 -9.55302582704 -6.62014949408 -8.27028893379 -11.2307582316 -11.7178668269 -15.7500424606 -21.2772261301 -24.8838530307 -21.2246342055 -24.7022895076 -19.0735076041 -18.7442746686 -12.5423569605 -8.97632782237 -12.0652613605 -5.42050531097 3.21828276245 1.17884531685 4.34629179748 0.182025469273 -10.0894168008
16.4465120484 11.4735914651 8.42403631271 7.10608967862 6.50710115601 9.95051084125 15.4830989563 13.0208806262 10.8340458169 16.5895235111 23.60191253 23.0740189255 27.0060444721 27.4078762195 17.5028409149 14.9358074735 11.6166168 6.42050575089 -1.61812602359 -1.59847233946 0.677771822883 2.0083096006 -4.80957204945 -5.65557312466 -6.07085852432 -7.72111340973 -4.97496358274 -0.277397887224 14.1332028654 26.035055121 26.4099646225 22.3967776434 20.5142791639 17.1674509386 13.0103312028 7.74610006018 4.97494488895 9.73131446238 10.4679510875 7.81820328438
6.74276921482 5.45750749512 3.10926999377 0.00747244376417 -3.74513815151 -0.402928825685 4.19013140615 4.61833727762 1.27393178174 5.69250071838 4.98826581291 -0.864974656822 -1.43691944739 -2.58820787637 -4.92453601653 -8.54787443746 -13.031212659 -0.762327546109 5.71182647979 13.603415534 18.4250825805 14.4761395794 6.26144698031 2.31091617415 0.493705273235 -4.01039501544 -7.51781849759 -9.39754818707 -21.0485171529 -12.6955307051 -5.9959520245 -4.94626528669 -3.48120944155 -5.14180914392 -3.08545802334 2.71844841127 0.864669026061 0.532841001527 5.15201003368 -0.204476616644
6.78150507781 7.97525955921 9.49629072742 11.8757297536 11.5306267624 11.6301451053 7.29297635439 8.15859852323 10.559723958 6.94263523531 7.29898691015 9.88144275033 12.5053455262 12.579503112 8.72550419759 9.37760913322 4.20446694209 -3.76090500294 -3.67969710337 -0.128949901016 -1.48915476411 -5.18395885183 -4.61376743531 -8.46638030698 -11.3080443172 -14.6574481748 -15.3501317854 -11.7413547901 1.27614641764 7.53803040312 6.23447403316 5.92693749425 10.9578900344 10.8872258131 9.98979287749 8.55188396627 5.65535405887 3.29498141383 7.04088423559 8.55917029586
5.39456431501 4.95240426878 5.44499516507 6.11259059628 3.62786482269 2.34992442048 3.20639081898 2.59016668577 3.79856739285 1.63366716063 -0.731990336266 1.48573022413 2.71063198534 -4.74345930639 -10.0198575816 -10.6501452516 -10.3966883306 -11.9037834384 -14.0402190265 -11.3250819936 -6.43895694509 -5.22215143424 -1.53771289722 -4.95988494379 -3.57803632186 -3.82517540874 -2.11341664218 -0.240828989575 -4.22254575394 -2.0144907155 -1.94116207191 -4.08574925554 1.18867919194 2.15766114702 -2.20003311969 2.00814822769 3.8785737499 1.28821415644 -3.12079713596 0.360002634657
12.4764859776 11.248761014 12.474106002 12.2890889095 8.02186212203 7.60520926937 7.81003597615 4.64091906147 5.11841134745 1.87969128645 -0.288243377138 3.38286879349 1.48939181417 -1.14889590828 -6.73118003544 -8.83429733414 -3.36001289313 -5.72511256071 4.15132431367 13.0105392832 18.4385369281 19.0893152349 22.1073831644 16.3656885106 12.6369739616 8.76429678944 3.77102538642 1.33917819587 5.0832660086 6.98658448578 10.0524479525 6.73432269811 0.951413987539 7.1819926695 8.29036974059 5.00795577542 6.64579758361 6.24738456289 5.6403122256 6.63306407605
0.286800479262 0.797921738804 2.03401499451 2.01513257481 6.14376110466 9.80013736223 7.10626360954 3.09524859803 1.46270955758 11.9900217755 15.4139493791 9.29722355791 5.67491023662 4.53769234182 3.66444371487 4.19462016308 11.3207965533 7.12380713716 0.0895315964319 2.54243046743 5.72464657346 9.28924759466 8.55545548691 2.80428090643 4.98354639058 1.24940643522 -2.4545750555 -0.62269467376 0.0747952037366 -0.814598024785 -4.1150979833 -3.1012742546 1.60354756942 6.99143891745 1.04042307226 -4.32065527276 -3.92201881617 -2.98524189982 -1.42035401319 6.39527506019
