-305.669231168 -305.318204749 -310.573090047 -314.706767604 -309.866090966 -308.443397209 -308.035075602 -298.974740375 -274.243284162 -253.634535799 -243.411599781 -231.580246538 -224.463059667 -220.042515268 -164.710645051 -109.164445096 -80.5855865482 -73.0864211742 -63.1781952138 -56.5277443267 -61.1060226928 -67.3293148105 -72.629722873 -96.7474109961 -126.499701907 -154.897851048 -182.705997314 -206.549035826 -232.869507213 -259.293047569 -280.902420578 -300.083997787 -302.263774415 -295.818445481 -287.216411883 -289.455485271 -299.921031866 -303.081817199 -308.09362215 -314.400376404
43.4823371722 41.3676565856 39.8146510961 41.2605339626 42.1653338255 43.216170352 38.7727998188 26.3272920728 15.7587248554 4.22534937386 -14.6514759372 -26.4986599049 -35.5604914798 -30.6621561222 50.0568933747 81.6352719373 75.2686126063 63.0223738866 56.6185341329 54.4951188291 47.2747704317 46.3118750366 53.9710379257 61.0298721894 73.7135017885 58.2667564798 14.5129315903 -5.37505416523 -0.751331222224 13.474478995 29.5845392673 36.8828561573 36.6363495066 29.1905672569 35.3925130074 36.9065831389 29.3389860396 32.7663540544 34.5335208326 28.2009405901
7.51055946237 4.22354762594 5.44472214495 4.33249214296 3.6387110279 3.26401039445 3.23911560746 3.24013486108 2.88480580274 -1.7129904481 -9.66946018858 -13.7498050809 -13.2780413622 -9.57142951031 2.18434688632 -15.6161557394 -22.4058876667 -25.3287346143 -31.798985493 -37.8343697157 -40.3139958686 -38.5648843874 -42.7795391903 -38.19556182 -15.1916547315 12.247037104 38.51332884 42.6862198755 40.4759200038 29.590805869 17.1745525147 17.1978621298 14.4066676674 12.1286950416 12.4461954636 12.7319991752 8.89081848717 6.10704664555 4.46072398175 0.820769493563
11.3212978166 13.1888217867 17.3196023024 13.4812368679 16.5371446752 17.0715136616 17.0038203612 22.101582037 29.6706043782 48.2892852805 63.1490613208 65.0312552612 69.4702115436 71.7405750005 63.121241657 50.376731974 46.7175980459 41.9029542606 39.7436359814 42.3923766378 44.8561603226 47.2416454447 53.7579282698 53.2018110075 45.1620749484 54.0572753885 56.6815559437 43.2981854314 35.194375887 27.1945347264 21.4632721999 22.7035663153 22.5309508919 21.0720772963 25.6941317182 26.6040436185 21.562088602 19.1129846431 15.035358694 11.4576216139
5.20153257822 2.24115662076 8.39875203912 10.0509857821 4.76418333599 4.33447887131 3.52688428882 0.452410792309 -14.0531833527 -14.6280338528 -12.7518182892 -18.1577824097 -20.810040294 -16.1611029959 -2.42534113658 11.1632062635 13.2552971387 11.6472787057 8.68594059592 5.83912326389 6.32929327224 7.087400092 7.2059475542 8.95159683058 14.8762193423 8.72722502087 -2.99778817873 -15.7405669772 -13.0789317621 -10.4448444619 -7.85065719941 -0.887083759203 2.07710849079 -4.52090185523 -7.24462521422 -7.21043285036 -9.42178672308 -3.75747908315 2.37326612488 8.3936638349
12.485315943 11.4900989616 15.7401597688 14.6859867385 9.93249499865 8.16181001881 7.50993768813 15.8072663384 20.3856205459 17.4308822811 16.78255474 17.4202372065 20.0585028666 21.1393081065 16.3396464021 0.0580818636842 -8.27383156941 -6.60112419757 -5.16733988236 -3.91580844845 -4.70265648179 -5.40784262324 -2.55268637637 -0.328094453417 11.0432314118 27.2138959176 40.0241720608 42.55482964 44.6712393438 37.4147734878 24.4247060293 16.71448614 15.0664583888 19.7120491559 18.1433675774 13.4859525178 14.1617045488 10.4712424783 8.32863449015 13.4455352024
0.678523121201 5.37086057537 7.14211422417 1.56819457938 -0.951695658043 0.81961290509 -0.107183988644 -3.49856316797 -6.54516516208 -10.6714000323 -10.3004542115 -8.19006459648 -14.1727348704 -17.1821896412 -33.4771266376 -40.4116236688 -44.1423419429 -46.7052106166 -51.2524551474 -52.6362972525 -50.1236890021 -48.056016064 -46.5257923925 -39.8707498082 -34.5347125786 -32.9443191608 -28.1191989742 -27.1036403269 -21.4656671827 -18.6001444092 -7.46246872541 0.106580450781 1.44675224115 0.122953374088 -1.08674096872 -3.28570540039 -3.94395213073 1.36464591601 3.04889872595 6.00820067672
3.59869984289 6.78514486086 8.29391422205 4.22494679625 1.32711691125 7.1026798906 13.5447430054 10.0002678199 17.153213943 22.8166165971 25.0050846486 29.5184080682 31.0721711003 27.0131819012 7.90041283112 6.11298630892 1.91668627118 2.29117215474 4.83200257449 3.46839805206 3.50304635513 5.21702396941 -0.926159315695 -5.93488042624 -6.879316727 -5.17513257278 -0.50050235616 2.52996851332 9.3040692135 13.0741251299 12.0517406146 15.7349955921 18.4806982782 15.5562597001 8.64237171589 3.54879959 2.49849521092 9.80093898654 11.8255069942 7.38093388192
-4.75225919471 -0.623029092625 1.78859920216 -0.898167187997 -2.88096612682 1.38831445544 7.62207847971 2.37502422139 1.61769236295 1.15802159306 2.27514693889 0.790425041277 -0.922411853952 -4.93981619978 -11.0027073405 -18.5429482808 -15.9233338196 -12.7121191407 -9.42535213991 -7.77647896635 -8.06346274799 -4.67365631211 -3.05204946885 -4.72495301277 -5.69672694098 1.0405772955 1.93166523196 -0.068280900452 0.625368569246 1.96123796821 0.39474372479 8.37668078119 14.2906109338 12.2015863604 6.67516515209 1.17304431907 3.62650337323 5.63539023091 -0.392819158092 0.147497213315
1.42373664966 5.06263599473 5.27909220085 6.89043172541 6.94858035593 5.6160421454 5.71543148935 6.79325862675 3.35484241784 -5.21774777807 -4.16644656034 -4.00466939947 -5.42287174199 -7.31821773325 -8.34885980573 -2.76718488789 5.16847244816 11.6874009335 16.93533891 18.6601597848 16.9124345763 16.9907045963 13.2284157445 7.37667776512 8.61851830885 -1.00004883271 -2.90648264541 -5.72424478988 -5.44730948546 2.35960242906 1.58208289349 3.74265606616 7.44027746429 5.28833825684 1.91188494536 -4.20191355366 0.103049914768 5.58735432757 4.94738061807 -0.279816112849
-1.02461733267 -0.281900586603 -2.91246622102 0.679101308159 3.80568087574 6.54906774124 -0.550971795229 0.351637492805 6.97461187094 8.31497893801 8.54708197706 10.489031262 12.3366480984 12.3671083889 2.19849488609 -12.0570899829 -20.892049023 -18.0183007537 -15.3527167071 -18.0243889338 -22.3511552835 -24.2565431287 -25.9943341171 -27.7069445078 -22.9456133242 -13.5298194909 -2.00487082957 -1.0129425063 2.56692476055 5.49739820918 4.70605046842 0.339831056137 1.96362974545 4.25199654405 -0.861172301092 -4.10252843416 0.185931894748 4.64316956783 5.19611322205 1.39428140682
6.7097921351 7.41414107144 7.02350413 7.26361671535 8.27159934177 12.1975104364 8.07306678811 4.49569570522 10.8524964735 13.4085704645 8.45276303758 5.85279034254 1.59828861964 1.13947430509 -14.0671910696 -6.37804741752 1.67404514829 16.6797262468 26.0420787179 27.8895331751 24.7114696347 21.2758297025 16.3653926931 12.5142009253 7.19517890462 5.11807505615 6.76198737155 5.56823991709 4.80256847807 4.71180805946 5.82435137167 3.70518932329 9.07245047665 9.47650556948 3.72102060214 5.82270243578 10.0584997384 10.7268766076 10.2135594494 7.49188040724
-2.37628284238 0.406587100399 5.19451505562 7.5479626856 2.75918040251 4.17729886849 3.86423259461 -2.04182481859 2.56188549812 -0.448635671731 -6.05022437923 -6.73743662824 -7.78745392438 -7.93038368037 -10.3781831024 -17.3294861622 -16.5992855017 -9.17813934816 -4.5426942218 -2.30389082921 0.357139298016 3.88318575546 1.52901212117 -2.38062108813 -6.15834659721 -13.3203946087 -11.0974869104 -5.1598710727 -5.79934920606 -1.62274038496 -2.64207191011 -3.28318887001 -2.22107879928 -4.04852387439 -5.69034973311 -6.92638595175 -5.77264650527 -6.61603928199 -2.67511289037 0.609408379789
