-241.605990525 -234.737942041 -236.011541276 -232.919268002 -224.56502432 -222.977028063 -216.779977844 -225.355721805 -219.136024793 -221.056560952 -221.081128108 -210.041280506 -218.725437983 -229.369485579 -232.184862321 -231.154070047 -190.582778529 -126.681534923 -97.5709539239 -98.3257755978 -93.614987756 -86.7883220075 -75.5451352244 -63.5354587321 -55.428593545 -60.027997374 -50.9563150303 -36.9617121776 -46.8612332176 -65.6797752519 -101.474743907 -143.975762358 -165.904270611 -177.014489426 -186.122510527 -194.684920753 -215.041055139 -227.349032099 -236.945784379 -238.277070968 -236.836447239 -233.979017309
41.4367995677 40.8208091068 38.4766564662 42.4863128853 49.4322060639 49.2772975542 43.8251069285 37.2494652115 24.6310231179 22.8357364643 19.184422404 20.5250478084 39.6860542053 46.3317956698 43.4547788803 41.8314075501 34.2024256218 7.5879681598 -12.3507792022 -23.3568164223 -37.1598185718 -39.275022459 -6.3986058175 56.5020229716 82.0932953838 59.0195131947 59.6307408394 69.6340962746 62.7445616237 55.6389226238 46.4310100267 31.8663077469 11.9782857667 -0.781185818497 -7.0312383236 4.32705023902 23.0043243508 35.2704813871 36.4736476789 37.4721135389 43.7264501789 47.6967301885
13.2644034847 11.0515664017 5.39205979327 3.93765828223 9.97989020379 14.7447594309 17.9248651456 12.5014626946 17.3212611871 15.801570165 9.41078472224 12.4048402782 11.4265362632 12.0682209072 9.65978727197 5.57486316729 -22.2598496464 -56.208533182 -63.7699713283 -55.2322177537 -51.152984588 -44.9879538139 -30.203482744 -30.5594083464 -66.1325230807 -86.3417340766 -85.4644373255 -71.1494810652 -48.8778561257 -34.3974109266 -18.4290328722 14.7670927104 35.3855591161 36.6154852138 35.8814084771 32.8962045457 24.7226692536 15.3565804929 10.6334942326 8.0425523839 10.993824831 9.04251432963
16.7717786991 14.9315513156 10.7080783069 12.3281851664 12.4138978162 14.1849462188 13.3013491689 19.4124514302 16.8043036454 13.919340041 26.0177605786 27.8653769221 19.95693274 19.9688509024 23.2596637639 19.8290572142 29.9666566285 48.1082430999 59.8702280651 68.9089624223 70.6896879999 75.3331916345 78.3140179518 48.6549739191 44.9495243199 61.3864132145 72.371466071 80.2244526969 94.3342127962 99.6367028297 94.6993384471 65.4735337413 33.687762138 15.0387937213 5.08122155999 6.81065157445 10.5366351169 17.2235200615 21.0040803957 15.1599100426 18.467116408 19.7445713055
3.38188588289 2.71648611021 -1.43281349352 1.39243582687 4.9104694 1.68088806407 -1.36884164651 5.11037836406 -0.277462217089 -0.294610423284 -9.47325164309 -18.0182273592 -5.17609769973 3.46871863132 6.42525432104 8.58711818626 19.2369229422 12.1116186568 9.38292661449 5.7381306498 -5.52541968501 -7.32080793025 -9.16426162206 -9.81078124064 3.83885251256 2.41876661628 -2.16446153953 -15.6826319065 -25.0757590482 -32.2098048992 -25.919203753 -3.43770584637 11.7593583006 10.6248100563 11.9182620899 12.3571684363 10.2021561593 8.93981264222 8.53966408591 7.28149026383 7.47593663653 11.705530979
11.2955085364 9.53367357179 8.80651613904 11.235312263 17.386357375 17.7302906 17.5581570937 16.0188814178 14.8124035441 16.2703377836 27.9797665324 31.6196509764 22.8696411078 13.7202826877 13.3791934527 13.8802358041 9.41957252809 14.8007205511 22.4942352305 27.419519099 29.4881427102 27.048040946 13.3784621358 3.40197475268 -21.3574008452 -31.741916156 -28.5878681229 -33.5486270239 -31.1030596878 -24.7080280209 -17.5061077402 -4.81761533146 7.44900676817 10.6959751561 15.8323087154 17.2215621714 8.18850548773 12.4101333043 17.3927402519 15.3487749417 9.42217216839 11.4015149455
-0.632709663783 2.55534117737 6.1646152583 6.78583263157 8.83123624811 6.96214003853 -2.99818040256 -2.56623818793 -7.80842273318 -6.56243852373 -2.55653580307 -4.11544819856 2.25930285145 4.30044911748 3.52692097941 2.80179884136 -12.925050545 -24.2336990773 -24.3386868609 -24.2368082858 -21.3104639257 -18.83591026 -30.4872563804 -34.4538214102 -20.2102353363 -9.48405961894 -4.91983613773 -6.7050091929 -5.62933723782 0.651630117701 -0.548487229637 -6.28305112044 -2.99408533003 0.791748340448 -0.702075541293 1.75061699399 4.38901343392 8.98798430642 4.97003353195 0.694902556023 -0.344430064505 1.51372813661
4.24151147528 6.30703702336 10.4194154172 12.6142005642 12.3241176668 14.4788224902 19.606273815 15.8622153964 22.8075602241 26.0094509688 15.0893788021 9.97753449568 10.6828043179 7.89149967169 7.986845589 8.90157387562 9.5676144538 8.86736684509 12.4972106157 15.42083916 21.1105813647 25.2462575666 17.325236818 2.37094504877 -6.04634858662 -6.761555791 -5.62493830343 -11.7059665085 -16.0846744655 -13.9416983785 -9.38599757977 0.385545814213 12.0595488081 18.0701287666 21.6445639679 17.0261279696 14.7697854015 8.55422387177 6.7285019 6.31992857156 8.93752767572 11.5735976601
6.93471448523 3.8421492695 3.53729081349 6.77557047353 3.6425882493 1.06509294919 0.363638965213 0.44042031457 -4.20985006396 -3.18398774598 6.48758834759 8.83615138117 8.42245522911 3.33778547165 2.7162753873 3.67240246776 11.2265114288 12.2005898204 7.28831278729 4.2765128451 9.19995448092 7.4411842584 0.42559260571 -5.74151350837 -4.73851365777 1.60083794508 -3.16752800629 -8.94205579417 -8.45873088504 -8.26685448795 -10.7364436711 -22.0549922794 -16.5312916566 -6.34508985817 -2.6514639297 -4.16127294554 -3.96219626432 -0.246069222908 1.99342963575 3.64468748919 4.826288317 2.72072389943
9.60613445542 10.4832887428 12.2821823915 10.1618782439 7.89829002867 12.4208813537 14.8700762356 14.9904512916 16.0638467733 15.5980128932 3.91652704638 1.93764075305 6.52635845376 7.09105926507 3.02267019047 4.0008187573 8.51006605226 5.68216076845 7.00368920313 6.76839188936 7.55962037362 4.36553461037 -5.22254248836 -18.0211671589 -10.8931707246 -5.27415878613 -18.2743625771 -25.0732828555 -24.829767776 -20.6904884641 -18.1902157783 -5.46352097971 0.581073285854 7.35994844923 12.888121535 13.5373364762 8.46650532242 8.06367672029 14.9596313137 12.2979301601 10.0702456252 7.02208465916
1.84751782601 7.15846004909 8.17916872474 7.83973208368 7.89340323997 4.54949372006 0.844500287848 3.38303536195 -2.4452780458 -5.75033102313 6.29431990064 11.538226303 12.0496327362 2.35055005277 -1.02346573071 -2.99435641445 -5.31689655929 -11.2507979781 -10.9537286164 -6.88079612027 -8.60261013654 -9.93441084497 -17.3736045608 -19.6846544122 -19.9424636418 -15.0410399772 -20.4628913403 -19.2282364354 -10.3602170574 -5.2173346993 -2.96453401574 0.863631208647 1.52880902954 3.2771132728 -0.754854817249 -2.16580831122 -1.57427646106 4.48312704866 7.32870075395 6.50038411388 8.28736015505 8.14444133775
7.82338955456 8.63544812152 9.360860265 8.66746419908 10.8023442289 8.3541098939 7.20126483537 12.1003606344 13.652383701 8.19926513326 2.54315957612 0.843610732876 4.69542262056 4.49386007551 -0.520706578779 1.94461951936 4.11079729791 4.11969288391 6.88372442045 10.6169806357 9.35522680316 9.49535039604 3.8968653439 -2.03800494951 8.12625108899 23.1939433289 24.989754778 25.8043489809 20.9054124122 12.5725068441 10.7752113166 17.1315125304 15.8160766953 13.0270616227 6.7402505595 4.91391090917 3.44971914276 3.32482448803 6.21619021597 5.37073515306 5.26314837235 3.44189689047
1.74918874805 1.52749116189 6.54040468639 6.84493628101 3.86602200537 4.70961845582 6.40455735859 6.59715932033 4.29232936653 0.854197293222 -0.639714926887 3.90168240543 0.910026575429 0.0540967146712 1.13291679861 1.45127480586 10.2045142518 19.6836317456 18.3534830116 21.076698506 18.6338531948 19.4627953276 19.4104125167 19.2966951496 23.1828836132 22.214779585 19.6951699444 13.37079846 4.85938318658 -1.32885957731 -1.55489674029 -4.6730483846 -2.27331998159 -0.880353077786 3.93564459156 5.08843092367 1.20931519289 -1.27584170706 -1.56123866219 -4.12036298606 -2.84833523551 -1.66316801901
