-210.748995123 -205.154207556 -204.173560841 -204.694612732 -184.007775021 -146.435434661 -120.78219815 -104.238301668 -92.7027266414 -82.3294508715 -75.9840201101 -74.8343427121 -65.1772914142 -63.5673742359 -72.2805411238 -79.1642201062 -83.2134735039 -89.1635942441 -93.5819227356 -94.4697507103 -88.1499345059 -95.1034029345 -106.766322081 -122.9479929 -149.72322034 -160.274685357 -167.024384372 -179.71060713 -190.382193184 -201.209880479 -206.709191484 -208.171396025 -197.072082485 -185.921498256
39.3234546012 44.8718050734 42.5679172878 38.4759438305 16.7510283816 -13.2492799294 -37.4269579387 -55.0535620719 -68.5784447434 -72.3412841219 -64.6546603448 -19.3515338691 42.696242211 59.7584170594 47.5249902464 43.3489844289 40.3881746716 36.3020456836 34.0335348594 34.5306706367 38.2441811907 48.4884779074 31.5924390092 7.2406401397 -1.15425980063 0.728114512446 3.6296854981 11.6999870356 27.822956725 41.814749121 39.1409848584 38.7897878536 35.2603625393 24.8076094394
9.80916906227 9.93042784541 7.3562314304 6.72395722985 6.0564912127 3.80163194813 5.37679798862 11.6229226439 14.838961372 17.9820370414 5.61015766135 6.76327238442 -17.7604970641 -45.0416661125 -60.5039449667 -60.9839789235 -59.1880796002 -52.7495507198 -52.845935578 -53.3683299034 -54.8262115834 -31.8091230113 11.9007223611 35.5612749003 42.5682433658 38.6281429771 30.1853042129 23.7653175818 15.4540011464 7.05098316403 7.04297584719 5.84234887018 -0.601604104216 -5.40970093401
29.3401497743 24.0559679851 18.6555645275 18.2770426212 38.2392009293 51.1523117402 59.19040869 64.5371613159 62.4978165382 58.8788690156 57.5949622322 67.7377303873 50.1624372465 40.5650792961 52.3674214015 64.3846000599 70.5356981355 67.952281479 65.3161960036 61.6251818003 52.4537645607 39.9261745749 28.476187715 21.3207057364 9.42630344632 2.1116198694 -2.51737197718 1.83032090416 10.7285902538 12.8040937963 14.8505340031 15.9356166369 9.39343019969 5.48991454047
14.7442811982 8.78230061747 4.18153627334 -2.01071597257 -8.94434110777 -27.0281880558 -35.9988646095 -39.5034849129 -44.3966618324 -46.8967447894 -41.9949062496 -31.9669390316 -16.2956439677 4.79533219585 14.5979627072 13.445198009 15.3830695462 19.7244518162 21.3645961055 22.0868427756 20.5057249836 13.3345568345 4.01901735997 4.556832304 10.9936989532 9.77531021711 10.19929089 14.8023317598 11.5588896988 4.71320901933 3.90676151373 1.54088951908 1.87100767431 2.82368457358
13.3697144458 15.8046399755 14.312247453 9.61843931771 15.0660969687 20.9927112059 25.9196089656 30.1436671902 27.3328783448 26.2189082824 20.0982487594 11.6225251376 -2.3203672646 -15.5665381386 -23.7687024802 -28.730830186 -29.7462541913 -25.894194922 -23.3866230475 -20.8549769924 -15.2264907186 -9.51983566053 -0.631749925041 1.79619506532 5.90659242244 7.77817824756 5.08367050257 6.14172305178 9.57982089671 8.33483832234 9.50342712455 8.31290611191 13.4250164697 15.7812749084
0.555323691618 3.1836990281 4.8477319906 5.43329383472 10.2305284413 1.34662926518 -2.94275872587 -2.96557033669 -9.01639930096 -5.90972200907 -9.67551805725 -16.894890824 -24.646903359 -25.7944664369 -22.4637572929 -8.38321456448 -5.69306211198 -9.36369985238 -7.91033638405 -8.71340015667 -16.1003681595 -18.0592265103 -20.3553253265 -22.8127707769 -16.5574859968 -5.19871697814 -1.06698202674 0.120723774171 0.70760359206 0.755401770787 -1.28626066725 2.26858580654 0.516086363929 1.03132976325
11.3484365758 10.2891613628 7.11806933782 5.41763969909 10.3071940043 15.2500070423 24.9377890608 31.3659941907 27.7331685862 26.4603594876 20.1826183466 11.1070294216 8.96467944781 12.8037268524 11.7031810041 13.9490240353 15.7027779865 18.9099700583 21.7769560542 22.6850532325 21.1727995272 22.6038213143 24.9122732654 18.1767207195 18.2520385864 19.1067198478 15.0902604992 9.74828512511 10.778879518 10.262162315 12.3588813673 10.292518981 5.97662097615 6.63959934191
4.15302512194 0.289210277285 2.74734286369 -2.32368297114 -8.70933234441 -11.2252170381 -13.085048186 -15.8903469076 -14.077857625 -9.71748966387 -9.62621420194 -9.60861659886 -2.37283743343 -2.44614065812 -5.9112140119 -3.80820117072 0.921294242507 -5.50181897429 -3.92512733282 0.607597319234 0.690504984932 -1.81562652598 -3.72264462039 -3.6170653053 -2.11068929212 3.59143164944 5.16892156929 2.20451254683 0.918506682848 2.70872792358 3.23810943152 -1.11337249778 -3.39794774166 -3.55400576853
7.12207578666 4.41610543255 6.35416927132 1.15879061155 13.73331517 27.8299168788 27.9966416615 25.1433861296 30.5301937161 32.7626891596 29.4647954693 18.8652577459 11.1890432578 6.3476133542 6.63910177132 7.97969240834 8.25288353482 7.79346788812 6.73136001169 7.61385322474 9.61317126847 4.37014441416 0.715405636192 3.14797178098 7.70796590612 13.5256842042 11.9289786062 11.2894505634 14.431094963 8.18664833212 6.14240131957 4.86404891353 9.28316659384 12.4588498841
-1.44948595858 -1.5326042268 0.958857837014 -1.66994371143 -5.74583319301 -6.35253621349 -5.98341504496 -11.0927001619 -11.0392112632 -15.1952184088 -18.012423864 -21.2458498401 -15.2827184176 -9.07733835502 -10.7564807209 -12.6150548676 -14.5435988302 -11.0968771203 -11.4686427928 -14.2696133549 -11.9884761617 -15.7733434211 -14.546788189 -10.9010513873 -4.56688814579 3.14638965893 2.88963094617 2.96659208473 3.32236811935 0.390113197572 -1.68210097301 0.234757594976 -1.67360329239 -0.00757536404437
2.88706558047 1.5796218666 4.78536554001 6.03263320845 1.30918888672 -2.81480089518 -2.18476010382 -0.779039424751 0.766559702871 4.10820987372 6.11613141591 0.62701462438 -0.194166072507 3.73879163634 9.85007855512 12.0029789526 11.3205219118 14.38274656 11.0665318029 7.65195018251 12.6731722139 11.7063940711 14.3901177453 15.2934619014 15.9691044285 13.0743325666 6.71093578907 6.8985293754 8.5731959652 8.57171667561 6.95881186511 5.52050633993 4.25823131327 6.38159417631
-0.934500737627 0.723019234878 1.8747291799 5.31744325908 14.6502520228 14.7768151857 6.92900527513 6.58620772021 8.91440929435 13.935716156 18.0287887186 10.65680148 5.32456679585 9.32992724973 9.30499688223 9.39225395505 7.79020413223 4.32835132031 3.12172999681 4.05642203972 5.71937137586 0.970842459266 -7.46591822627 -8.09899189684 0.493757908216 6.87951478398 2.31792118203 -3.43358013791 -1.28692395645 0.818127995024 -2.93107066279 -2.04658077738 -0.962241052916 1.92631303102
