-129.34928908 -119.883552487 -115.295796029 -124.615607075 -122.040398016 -120.702256531 -125.995454997 -124.342507226 -117.326479234 -95.9680192942 -75.4452082687 -63.0042542302 -60.7421005035 -55.4554205898 -57.9847819255 -60.7313863816 -50.8000029622 -38.4272341451 -28.4106157451 -33.5297691744 -42.2364999304 -49.6603636728 -49.6450155094 -50.4045976451 -53.169453301 -60.4114176922 -76.8997350294 -77.3636371855 -74.79426619 -79.0925865428 -82.0944471221 -89.9376729906 -114.403145535 -120.814851728 -110.694684563 -89.1644858106 -90.0487735906 -102.781686351 -111.072862028 -121.945357358 -133.451756655
33.4593822606 40.9728301544 45.1919527457 39.3455745972 41.8176957123 42.6160599587 36.6948123169 37.6422315703 38.3880053195 20.2627190812 1.13811195953 -12.6954381467 -24.1911853801 -27.6591406833 -24.6222873192 -17.4778048584 23.5587984358 72.4027439293 84.1983433423 73.6661935976 66.105753587 61.5984388506 66.5073781787 68.0959144957 70.7150844901 69.8786122131 61.7435708271 32.4273613102 -1.82444029192 -14.106751176 -8.87465188282 11.4749475755 30.5224518291 39.2268171305 34.9986400387 20.0909071049 25.5266575738 44.0202569921 47.1416741001 40.5265435533 37.9157073389
-0.800927093277 3.67639613741 5.46178122004 7.44775468022 8.90503837167 6.46917881096 4.88466538018 3.86792487905 3.15149236478 -2.83083497168 -1.56866929118 -1.69267044976 2.38243468703 5.53536582652 7.31541755799 8.53013846431 19.87090104 7.36772092216 -9.62537353185 -13.4829826961 -9.77667694533 -10.8555671996 -6.16345602468 -4.94664634113 -4.34343794078 0.59147495052 10.0227698849 31.5436074137 36.9764285627 36.9211052412 38.2212000186 28.9400900512 9.373961014 7.79584913998 7.42056400137 15.9270338973 18.6929878497 9.27110439356 1.14813271241 4.21920483067 14.7822542386
6.99347573032 12.5164151714 18.7456988106 17.803052066 15.7952768068 13.6640158969 9.26702322371 9.51703242997 19.6378020091 35.0881741771 49.5450436854 54.9045407533 53.5787182608 55.982424027 59.6375631592 54.7574457694 54.2872990505 39.3619299693 29.0491188171 30.8449504098 31.3592006751 31.0134333777 28.3503311014 29.217817868 28.6683854312 28.9282958361 25.677677466 19.0610586063 17.2457941059 18.0148391795 13.5686461873 10.7508569085 15.9530462455 20.7398770003 16.7360265218 17.5865698078 22.6918462182 21.0235449103 15.8100288934 17.6287265871 19.4397289553
-5.06652719822 1.92657322116 8.39900567634 9.99102173664 6.0201178425 2.77032206933 0.585860151167 3.57611236094 1.75402311824 -11.9545179627 -19.7188122557 -26.0787561866 -30.4117310512 -29.1878018337 -25.3760257326 -31.1661932056 -26.7836610531 -7.40180516773 1.7985763925 7.08241445945 -0.172889721697 -0.378524173246 5.28374672582 11.2672797667 16.2914749699 17.6492433844 12.2599780233 -1.80134193137 -8.5378492317 -4.12341636382 -4.25700215429 -4.3188998933 4.90827877841 7.92014350708 2.70603005203 -8.38092682547 -10.187060852 0.535766421992 4.55176580573 5.31681694965 7.7339089708
6.39175606685 8.68264646824 10.54823208 13.8539380403 12.3466313938 11.0042031241 11.4498674641 10.2542329591 6.36512261822 8.32499089772 13.6741113612 17.9824967311 25.4453860873 33.9345217581 36.0605899783 33.6247467972 20.4492364078 1.51297629251 -0.00858134207341 7.32258206063 4.35295000747 1.73119894733 3.12541934541 3.88713858422 3.88408784315 6.74201989921 11.0349682403 21.948946378 34.5067784269 35.9420005792 29.8454061781 24.4064821003 17.3128371897 13.519772036 19.7815507333 24.6057815765 23.637984724 19.9647171717 13.8633924295 10.7876027142 11.8046857493
-2.19669645595 0.374546459572 -2.24786620521 -2.41676186379 0.850140854436 4.7033833437 8.12877789021 3.20033984565 4.67816008191 11.3402466615 11.651118177 2.91163071468 -0.336012501389 0.644272652871 -1.29740738551 -1.57762461358 -11.3681585748 -24.3448255145 -26.822932874 -25.0997992113 -22.5753990034 -25.0412215249 -25.9689020798 -24.1378649652 -28.5673159933 -27.8101938377 -21.2995329637 -23.5423589042 -21.0603669845 -18.728728741 -14.3299910576 -12.3276607801 -7.12188009677 -3.47365225659 0.0435702917728 -7.79183450958 -4.21686637639 2.23213152917 4.22268941076 6.25312673961 4.24980981577
5.84880038504 9.47511161541 8.40825544408 4.24468843088 2.86074758629 7.08403747525 15.899541406 13.0055178555 8.70037460353 15.917975118 17.1930171977 17.0572958373 16.5712375009 15.1392791315 18.4327769755 14.5782424392 -4.62742430454 -18.7264294054 -25.3486064166 -18.5472875852 -11.2854095443 -8.50444283311 -6.55989127351 -0.280027456609 -3.562615763 -5.48457640201 -3.55172413749 10.5950790264 21.6903318278 19.1271376969 17.0109547046 19.2323630674 12.1431150028 13.1447398821 15.0942147602 7.75074899418 5.83202158078 7.58749666392 11.2348150688 12.3315320921 11.722586105
-3.05496347845 -0.0884767063213 4.13333029737 2.98108267084 -3.95166436778 -1.66421611087 4.66113543435 2.42693298245 -1.57959161494 -5.143839182 -7.71770558345 -9.52576258083 -6.61419949198 -2.99409835707 -0.654690266126 0.678720437169 -13.0562470156 -10.5955414422 -0.871994972865 2.66953580702 4.09618332525 5.59310963487 11.2136215682 13.2749034406 7.41274266258 5.00821403383 -2.05762006501 -9.98164489275 -8.68541006559 -10.624833167 -7.93829996284 -4.83008002429 -0.324831536425 1.79806043383 1.77123704419 -1.03803402875 -2.79290900072 2.15201086507 3.23240011139 4.98941395797 8.66742259116
1.31899384192 0.415020458858 4.86683491807 11.4224868432 7.12425428513 5.50070207709 3.08926823391 3.46635992301 11.4791501233 17.4759339592 27.4111047642 27.2918505335 21.5047908638 20.8269431633 22.0205914886 24.7426393043 6.98524185913 3.02990720574 -0.0974253959292 -2.53475611025 -3.80158150233 -4.29180524817 -1.46575196167 -2.35467300406 -2.7805393952 -0.183691715755 2.10373161286 6.79540937997 11.8234789832 12.6928145967 8.69148308157 9.5377974337 10.2154503825 6.97284827301 7.26233894179 11.0929004108 8.24671636537 4.32529379043 8.71714919586 11.6955808429 6.85178455372
-0.711940118938 1.48616465389 2.95236593797 5.9963344192 3.38999595794 3.00740808831 -1.07442866067 -2.08454387799 -1.27064829898 1.65172047225 9.46274285093 13.5160316529 8.1043719798 2.60938921333 3.68452846819 5.80153725694 -5.26892650069 -5.63967600071 -7.68857465527 -5.71450116418 -7.05030669282 -6.75302710404 -1.14141030352 -0.905908265866 -1.72706634537 -3.48823070795 -6.77246019805 -5.88931083718 -4.46264695235 -1.34676266707 1.87099209405 5.54753877507 3.66175617747 -0.156152860472 2.00040378575 5.90404471818 3.34277330472 2.06595611411 1.37162069757 4.34513283501 0.388125161061
10.3257329257 8.52361327493 7.17073415172 7.99626324376 6.02201570884 7.23859116541 6.61707599787 5.34502096689 0.766708675539 -4.34971698932 -8.49296799099 -6.43127498862 -4.96597567835 -2.49361480604 -3.45181572713 -6.51272933187 -8.58459240906 -3.47470177389 9.78858740343 14.2680771765 13.3959222474 15.2042264385 19.3663516134 14.6933039527 16.5758589507 10.5749120362 3.24021729554 6.32457097266 7.11399734489 6.31118138861 11.2308572982 7.78806968663 6.27116571643 3.46995752362 6.68021414836 9.20480602266 7.02091321575 3.33417248987 3.39073526894 11.0049816343 12.3669613605
7.11080567577 6.51573414542 1.04171749103 -3.03333537964 -0.220866590256 2.47302695588 4.28219459137 -0.177486663855 3.13333058678 7.5642959155 8.80277279883 11.4997366953 11.2868884509 14.405409547 12.4418427517 10.3495339669 16.2593688509 5.19580412806 -3.18998172713 -1.0375348429 -1.79675652326 -3.77952897766 -2.0763814245 -2.29368819911 3.13312234648 1.49917654849 -2.82946340144 1.39731799498 -0.672437616252 1.81821031152 6.27775206069 5.7076971595 4.47677016772 1.03303530217 3.01630652537 2.19550812138 1.51713384957 2.80363846802 -0.354742461981 2.25984238437 5.33956012929
