-145.11013109 -140.057823002 -139.203059391 -142.378119405 -140.606022474 -140.638259796 -145.806885574 -144.984472962 -126.159267717 -95.7184756779 -78.9404033299 -74.8708274254 -76.9441289639 -77.8772817997 -63.2546744994 -51.2624027644 -52.2868593984 -57.0053409375 -55.1225112307 -59.599013067 -56.9814793336 -54.3677742022 -59.9916582295 -63.1995070892 -81.7645910423 -100.079237249 -100.143634947 -103.611188009 -107.037628909 -101.247799867 -107.972192345 -123.078218466 -137.41075779 -144.412590003 -145.123735635 -149.089780196
41.0050403757 46.1958514982 49.959107062 46.4877441524 49.3439710999 48.9848602556 42.1725048343 39.2746617532 28.4322289262 4.15041012542 -10.1559968671 -12.053652829 -14.7662464424 -19.5740591408 21.0260379591 74.5483228838 83.5867740737 73.2170838681 66.743201884 60.1981462132 61.2409359842 58.8855200962 60.3610111844 64.7111220773 67.3821860101 51.1427163654 21.7911245282 3.14252995962 -2.24676611114 7.5060298265 11.9695333019 16.0237254283 30.6498833811 40.2506393027 40.5181640175 36.6457623429
4.27426687046 7.70053148405 8.65237370792 5.41593757197 11.1822841715 10.3873817376 8.47154223284 3.66127999474 -11.2254142472 -13.079165677 -12.56562425 -6.14331190599 -1.98129872779 -8.01540133063 5.8324521162 8.19650672642 3.71666652685 -5.93271692825 -8.83376528228 -10.5547314813 -9.84549496863 -15.4825253525 -14.0353696248 -2.07484528813 13.5743123942 26.7418891868 37.5672314964 41.995289686 42.2513117282 39.2292247118 33.7293804314 29.0068739788 14.2586497242 8.7199029104 8.88301561192 7.52707192499
13.810368483 16.6269093865 16.8421535393 16.75284897 14.9294108195 14.0716517963 18.7711733694 18.22295161 23.2486646495 40.8058640916 48.5428689649 52.1886792077 58.4147346729 56.9265033705 57.6196703586 40.872679818 34.9700580861 34.4239515612 35.6689102923 31.4114247977 33.1725653021 38.6633781135 41.4303750291 43.9056357989 40.547577067 28.0456924601 17.5191837279 12.5100338274 14.2575873221 10.8120553016 8.19543619022 7.19774794502 8.22771826045 15.7632933573 15.886412232 13.4266025662
6.0715785293 4.96404981451 6.30713871089 5.85747632565 0.946763502607 0.498202494403 5.36067412707 2.62966837949 0.957269926259 -7.13503378552 -13.6798755401 -16.278418619 -20.9189294386 -21.9966908587 -17.5049775766 -9.77002279261 -8.66947955501 -10.1201582666 -6.00160407686 -7.85202309782 -6.37427256153 -3.68372999093 -1.97704086019 -1.17168193566 3.267285114 7.52390818847 9.20294507911 7.8666813062 9.87347216348 10.4946057101 11.8607340321 10.7951482783 6.37258527542 6.96681446237 3.57442949734 2.1964063047
15.6224022087 15.428161127 14.037886871 9.89990866429 5.11907600795 6.73277385407 12.2148307119 12.6094314627 11.5719088876 16.3521527089 22.6499568946 29.9188562134 27.1281638887 21.1626624751 11.8585471832 2.15415781137 3.20020075755 7.21816748284 9.24951677759 6.36180479716 5.39616323463 3.02364450132 1.63009800768 3.67229653637 7.71173594303 17.7103897306 28.7830194627 28.298476483 23.8747355048 21.2985779016 25.2371061809 18.7703788705 13.4017610476 17.5457807062 12.4788724721 7.66325776023
10.5587927807 8.44726922169 2.86436095831 1.5538064247 1.45458915407 2.47567318735 9.67062065693 6.36837609783 -1.09874101626 -7.47503358978 -13.9281784177 -16.5469095358 -9.97916982198 -10.6690911265 -19.8606971357 -23.4558591883 -13.9428666284 -7.73236817422 -11.2259790813 -11.5418764566 -8.76130127501 -14.6353845562 -15.7956038825 -11.9294499092 -7.33142927263 -14.083166075 -12.4951082406 -13.6071005492 -20.134291635 -16.5146171056 -5.79637980041 -1.8130975269 1.62307667656 3.65403034319 3.6388496826 6.48693121737
10.9375888444 10.2187208065 10.1992350504 10.4006747534 10.0789538333 12.512184878 16.507085857 13.72868736 11.4750517324 22.0278342014 24.4483583184 25.9793943859 25.4851289232 26.198641049 6.94545643034 -14.279124122 -23.543125734 -19.5842676989 -19.1130097147 -15.5718597092 -13.6385435281 -13.3326766275 -10.9648803441 -8.28081498654 -3.1551128048 4.32752426901 17.0168776108 20.5364431674 22.2003482937 21.8385267742 28.5752596911 22.9325716769 11.9881463513 10.5545287224 14.637332641 17.2029539365
1.99665022507 3.4257571251 2.97439179714 3.58685942522 2.38798472671 2.92321819483 4.97862319438 4.01402826262 7.3433443695 1.84671582747 -5.86235835707 -2.87755794082 -6.26060410898 -7.10015633308 -15.4908600551 -13.352856213 -6.07275406758 1.60158725574 5.78369845545 11.5446915959 11.996021668 10.701790962 10.3668025003 4.48255076076 1.17991834006 -9.33677793411 -11.7568301945 -10.6663992181 -5.10094289381 -5.94912223007 -7.59976393311 -8.46153115211 -5.6244371226 2.58597000353 8.80094862676 13.1669484605
12.2440696091 10.262655305 5.89883902413 7.40852080045 6.22048354297 3.78636286211 8.00962667254 9.53318737392 16.1678417566 15.9484532095 14.8680040629 15.7935292617 12.8264645296 13.4270324449 4.68280324755 2.86674092312 5.87575126671 9.43838414449 15.4408509875 13.8059930894 10.1523849743 4.95488648969 2.24184742069 -2.27327830241 -7.52591684869 -2.30219931722 6.73887779064 12.3891920303 18.2037875553 13.7719895167 11.848280739 11.9861601249 10.0598874497 7.80140898334 6.27506283117 5.51800322831
10.4581549228 4.58818982415 2.74132737792 4.24322988017 3.68241941342 0.235863955397 1.16629503216 3.377335446 5.47838447113 8.97511549435 14.0913900941 14.6000837196 13.3525954447 11.9714987201 2.99037437197 -6.22391447 -12.5238951384 -11.5433894105 -6.70090653902 -7.24653476182 -11.7543556372 -12.2445916876 -16.1091782926 -17.2776090156 -19.4480126697 -16.427272079 -6.20317497527 -3.48445353937 4.29884954885 2.55851266873 -0.877693452195 -1.23249501341 -3.41374819637 1.58099283649 4.38746431413 2.62917353614
10.472807608 5.56569167168 5.05139952417 8.71355662819 9.50782442951 4.25357747636 6.53360431526 9.28547871466 6.77313605201 -7.63147182389 -11.1818781292 -9.6206661534 -10.9899578947 -11.0225339413 -15.482233313 -12.9530949662 -4.1822066107 -0.253390264112 0.532039011289 1.82029287015 5.83305569548 7.39213127037 8.07744330984 7.54527108054 1.31961857761 -2.16557038623 2.25367000492 1.38545503851 3.01425706298 2.84574370526 4.79695014742 11.1403017315 7.65948358876 4.63451826614 5.86256283493 1.3493959843
-1.82495517792 0.0606335261619 2.64521884212 0.494568484038 -0.257328610455 -3.66693628969 -2.21734228831 0.994840228572 10.764988761 11.2487477593 7.33093679143 10.8919709874 11.1242366115 10.3833467316 7.22952006313 6.21705044583 2.6309203144 1.40283653019 0.687428812224 -1.78357984123 -5.77944730123 -5.73691613845 -4.78517004661 -2.40882708533 -5.31161892868 -6.18466799169 1.37699518512 1.38954614933 -0.120626420425 1.90012922596 2.83504973622 1.65024717876 -1.17238653319 0.452980779492 1.83035268242 1.54190297172
