-213.395531149 -212.497178879 -221.568334524 -227.338469086 -224.683760454 -221.558411974 -217.966304462 -216.702936306 -213.73091477 -206.482355891 -170.216815545 -136.888763657 -113.056873591 -101.848511318 -91.51260987 -80.8072629061 -90.0683215379 -94.0404163119 -74.5090649373 -60.8902496045 -59.6491360649 -67.7731772841 -65.6649657575 -59.7859232788 -71.093554982 -95.4621334102 -116.926549546 -131.637272174 -150.108335866 -169.495143576 -174.824303764 -184.987819373 -204.781367174 -214.905099104 -217.830093798 -221.210172763 -214.919248439 -198.717315935 -203.171727081 -217.252220934
46.1904193691 43.5837782536 35.6265426955 34.2756239838 34.9960439765 35.2560196281 39.6290701035 45.1773594503 45.8238148987 32.5742892232 0.449126332962 -25.8800153788 -45.6594402832 -59.8997190695 -64.1487370371 -52.3656073534 -14.1185825064 47.7153798625 69.7734842471 60.3388570258 49.1391890933 38.6263568669 39.6124956456 49.5135004634 51.4077178968 58.4259178245 36.1257618996 4.5662473354 -8.44598336339 -19.2080633642 -17.8824975596 -10.3039381186 11.5025573148 37.2475733463 38.2218555776 38.5825684998 40.6907409347 41.2680862578 40.352129835 35.3171433113
10.4704156439 8.9339521889 3.88401173944 1.51723827686 0.557223243881 2.22384172809 2.97691445392 10.3625695852 7.30196807418 1.44441833191 -2.73093472353 -2.1570480899 2.37614363734 8.93392112397 7.54904308043 -5.75553148732 -1.73203036243 -2.34179650916 -30.9590314227 -55.4347208746 -66.6022445881 -62.8986770549 -66.1222268383 -62.577823864 -44.1449312373 -18.7742397128 16.3970758656 34.7688322363 48.2685655375 46.355826498 39.091444778 36.0863454064 22.3045574898 6.82036043781 4.15492169527 0.655335222098 -0.927876444725 5.67701909512 6.48463448107 10.1249150949
21.6945475903 19.2913328223 20.2211454126 16.6635768187 14.0040027865 11.5762941538 11.023377066 13.814282299 15.9693982374 25.2178632886 50.8471191434 65.3478176461 70.9108955585 73.5081461615 71.5612820362 62.8868677825 63.1890912398 41.7052584311 38.7260981749 58.4490351916 64.4588953177 63.4092514108 54.1820234887 45.6655787747 43.7856810339 32.2380198006 22.8444739778 13.0998370637 3.33407485771 -1.21790841998 4.40136419762 3.59578477747 5.96323998978 12.0485549131 12.9310880497 10.234582166 11.361729637 17.5561806253 16.3114470447 16.1325919846
2.37227330546 1.7855659784 3.61452023682 4.58772514461 6.03746571343 1.57480461754 1.58038752309 2.17713228607 6.09657226785 -2.85586594365 -25.3588257502 -37.1203543062 -39.5751792614 -42.8263074047 -46.1611838842 -51.0638610727 -43.5742115474 -27.6265391772 -8.34887778758 0.769481440125 -3.4669595887 -1.28789841477 2.44044514537 -2.44009587354 -3.31376096789 -5.646483458 -5.59198916671 3.84149162004 7.12153335732 9.43022624175 14.2605990604 14.8308767619 11.598582905 5.36882154999 4.09026511128 2.44976471263 -1.91641862409 -3.66963722889 -0.342293104371 2.24349191182
17.1507580283 13.0037246676 9.45411405348 12.7099650472 14.4235092211 11.2686070075 7.08115848356 8.11876431158 15.5001549432 13.7851326486 16.5364198363 25.364261695 34.2465393132 34.7166443934 29.556422667 21.1126290426 17.2580181863 -3.98871708844 -27.2865817078 -40.7427596556 -43.131252735 -38.7888651997 -35.55053758 -28.7814829595 -24.0282496646 -20.3981360101 -1.0747043696 16.2637258462 15.6305192648 18.6477469988 17.6804608289 17.8016317407 16.1732217973 10.3697104198 8.80727728502 11.17431108 13.377819903 12.9278669151 12.8892939443 13.0592164116
6.9418988667 5.14780631773 4.68864473088 7.7890751441 2.26370091818 -1.58712333799 -3.95965908934 3.6544217615 6.21724269725 7.17070274762 4.9931214618 2.29438549996 0.87041510383 -6.53244620004 -12.4752631527 -16.5346019878 -14.3769261821 -17.194917377 -22.7661383262 -19.6656348022 -14.2884897751 -10.6882458769 -16.8241347951 -16.0808770614 -17.6739316338 -22.7380462689 -32.9293112437 -28.6092064263 -15.7255968202 -9.99491074787 -4.59526960021 -1.74898846308 -2.96776880017 -1.01482098896 -1.74309078716 3.3672583914 3.83477142758 -2.66356150039 -4.04072112871 2.24169435978
15.1848756875 9.68054231495 5.17808638978 10.2156722438 7.81275825693 6.96528401513 7.61371713389 11.8824240203 12.7153847075 14.2881775323 18.2355919087 20.9458940228 24.5986775935 19.4512203181 21.2163576973 24.4578601472 19.3629492588 16.8864340657 19.9809438747 13.945795218 14.6858399503 17.8855810971 16.3594986594 15.7995639173 16.3439353953 20.9352190046 27.7592865743 21.7861014622 21.3016045706 22.8407294186 22.3838119941 19.0438788628 11.6263327018 6.02203136072 8.70736872625 12.3527891276 12.2210304334 10.7626139103 10.8087533418 11.9477170866
4.37685055428 1.9261145439 -1.28231001203 -0.192763313867 1.60499454565 3.84361617104 1.14571930894 0.115143853601 -0.173639897859 2.31784711411 -3.62580702874 -6.02145884824 -9.37663620926 -13.3155799159 -10.9382915198 -3.3947882811 -3.07558866286 5.45184115166 2.64252699527 -0.18223501543 1.25330382678 -1.77374360129 -2.67136117649 1.00581768574 -1.45983609891 -0.983740421305 0.120665417509 -0.937742708465 -1.28639664406 -3.26817686847 -5.90620491602 -7.78562184667 -6.56338970404 -5.31746290341 -5.79063525407 -3.85928687926 -2.64723654098 -1.39643948575 -0.979996732078 1.89712476823
10.1568554681 8.72402417671 8.69728675607 6.90995585093 4.16669935656 8.40613113077 7.19656096101 5.44616984982 6.85988385066 16.3849012114 20.8242108216 24.24769473 25.2890202735 24.2184317358 22.7296848152 22.7251045364 14.7730496881 -0.153993183171 0.282322096951 9.98831362051 13.1187955394 12.8191860528 11.2353242887 10.519951944 8.75501744285 7.19692843422 12.1163093504 8.67040523072 10.3963791666 10.0881573195 11.2778531749 13.1969942351 10.176873106 1.55142478415 2.8565148338 7.14556601699 3.21114765639 5.30656479634 9.44043432714 9.50924314705
-0.687985183715 0.852210463935 1.08947011342 -2.67800435469 -1.61202593578 5.32470856379 4.05131308872 1.07501539474 1.86346322019 9.07220926146 7.42622000629 7.10929255615 6.0210866723 4.24965255901 -0.759010686356 -5.85927924123 -10.4829908787 -8.83772946675 -5.23371065925 -8.83223859081 -3.78363630207 -0.456518243495 -4.68607041979 -7.41064659672 -6.56338606843 -4.18686175634 -3.32419712636 -3.39194843839 2.08665710687 0.682500357396 2.07261624999 4.19316359208 2.79777882473 -1.58241507952 -5.91595024948 -2.10439868825 -5.18296534051 -6.57087763348 1.06977618103 5.62484745313
4.17103271555 8.83272476264 13.9904672262 9.91316937145 7.0778309119 11.1524716304 9.27492001374 4.09871997643 8.3226732318 5.4149278208 -7.29784862394 -9.20678100423 -7.27109533578 -4.10824109305 -4.73775191157 -1.04695644503 -7.82888575282 -4.50739398717 -4.05482790448 -2.17820008856 1.96192815598 5.89087228274 1.05738673034 2.52150501182 8.2551746065 5.61019417643 3.2835907866 4.85453981811 0.851291081664 -2.28767192222 -1.20675025363 2.54454784717 4.69175164668 2.7343838024 1.29138944778 5.38723700152 3.35428902723 0.329614403397 4.18964945344 5.23102658367
-0.700041095142 0.897272597225 2.97870578168 3.35969279906 4.02047155159 3.89160457483 -1.49815145191 -3.52989172761 -0.49007140441 3.40104518096 7.67155962261 7.93545377176 9.84889506812 14.5387847475 14.7944094502 14.25276523 3.02709540935 -4.57066769511 0.70262135032 4.41840344271 6.72579683554 6.47691810106 0.813128348579 -0.870944470019 -0.379390617159 -11.6767941448 -10.1583427424 5.14878333686 7.9610461273 0.945913380566 -0.0993167061316 2.83096518899 -0.558520336073 -2.32562188848 -7.15853452598 -6.47772042223 -2.99208758409 2.56724051658 5.0327397306 4.0155912607
