-191.982518003 -182.920681456 -180.489167876 -182.595568922 -184.721921757 -182.050358489 -180.543535337 -177.529336585 -180.640034732 -164.408295871 -136.672117891 -109.018105091 -91.8778170556 -80.8335845785 -76.9807907582 -73.4558350593 -65.454552615 -72.8596676578 -76.1836812148 -73.5477213493 -68.6813839189 -73.0736696696 -81.1650239292 -95.4495052287 -112.760840343 -105.676049738 -108.047128594 -123.007088482 -129.683864111 -135.059356938 -144.555204262 -162.426224896 -178.723306279 -182.845094652 -173.798637329 -165.551018024 -170.737686391 -174.376722441 -174.34635791 -181.146511321
34.2603237303 45.2292016005 51.6139346289 45.8990145626 36.8435631604 38.6892060907 46.0802082095 49.896297118 44.279044503 27.8762572517 -0.0129426857294 -19.4895183743 -37.0973160647 -50.8080726836 -54.8238083905 -24.5648194734 42.6890991217 71.4702040614 68.1572279155 65.0438552186 62.2520777415 57.552111911 51.2072009168 52.9471091415 48.2425705881 5.51295711719 -17.5145295412 -18.6731697079 -8.95444219925 -5.90335808844 5.77647411254 26.8666215733 40.0091494488 38.7137909586 35.4981259418 28.8217480572 31.892775871 40.5214892044 49.1302038931 46.9740341342
0.745638689736 9.61575564826 13.9073578704 11.630348835 8.71550833504 10.4029571537 11.0749916405 7.00460309576 6.09335246691 4.9768230619 7.24896671409 9.82012905506 18.2017656817 22.5428832368 19.3709691248 18.4219171018 8.75621712631 -13.8456154139 -25.6661936792 -31.6464684686 -31.4240556637 -28.5072256537 -26.216564821 -18.3789369941 5.46909257013 42.2327478958 58.8023848322 57.9198544267 56.9284308998 52.3047419269 38.4568399072 22.4447780324 12.9282099166 13.5645303211 11.0467942346 9.35183075331 6.35969396944 10.7187338566 16.3039659298 16.0422281875
11.0029127416 16.9825391351 16.4984809897 14.9769828453 17.7160326455 23.9653981354 18.9977359099 16.2090904833 17.7581130103 39.6411552709 56.6929901318 67.1805530459 66.8044032957 67.869358444 74.1196391157 72.575642738 51.0801870265 36.2739430883 36.3171386345 40.6746628887 46.2608048466 47.0722885001 43.7330108485 42.1442558507 35.2019586067 14.1214803785 7.79469648377 5.84601404852 3.78640102626 4.07899684791 5.45875114347 11.5974498262 17.8557499616 22.548895412 15.6092684643 13.5397626528 15.8001045623 20.3666981174 23.9159605557 21.7757824556
5.3093795574 5.92042506561 6.08585553737 8.69579518565 6.93084775431 6.29648926076 7.19398618668 6.64409620702 2.29851755295 -7.33832750332 -23.0475422138 -34.4316770699 -41.488497048 -42.3160243584 -44.3226122306 -43.8476624408 -24.8105458681 -3.01669838357 2.94414376089 2.99887467087 4.38401181313 7.7556788396 7.41620445117 7.13120895871 6.33855242565 3.0983459926 3.95238376765 7.39552511144 9.51834482237 13.310117216 14.2308270906 11.168148783 10.1289803047 9.80698709421 5.08434553212 2.67343891133 3.10757973998 4.86789926648 6.56675829716 8.35303694324
19.8788831099 16.1950784474 14.3239914077 16.6660893675 11.9420452165 8.39773290663 9.20889077092 9.17265272688 8.82288203025 10.7528948694 21.9383131332 33.3655726653 36.9430650876 39.3079194098 40.2943684738 35.0934771712 26.1195370512 4.31400862936 -8.41038522225 -17.0857729137 -21.4236363688 -17.2862808031 -10.9505941241 -3.51408287707 6.5345954168 26.1197422123 33.0757161539 28.1006586176 25.5867819723 24.6642955134 21.7194149308 22.1726676959 21.5946359701 15.6903370377 19.2030317898 20.1005184172 17.1006817788 12.9015088033 16.084615306 12.8890018524
7.18182514842 10.7453992655 10.1453479805 9.04655396201 4.30076864369 0.502760642381 3.85202019042 6.26008347104 1.12632387426 11.3262049032 11.3024325638 15.0930282369 10.652429566 -1.23043266215 -4.70139344336 -9.44055202607 -24.4353818809 -22.2016736796 -17.8018068708 -14.7484573061 -16.0406038214 -16.7290173247 -13.7239745928 -17.8150131005 -26.7584263772 -28.2602307275 -21.712567116 -15.5380817856 -11.349473733 -9.8234951617 -7.89259799443 -3.04988313422 2.78514495183 6.04844822932 7.22778155717 4.05469492981 -1.53065142463 -4.5975110495 3.51276753063 5.40471677008
17.9795235752 17.663528869 14.5188028285 9.67983667957 8.68631058324 9.04038389347 13.5192494971 15.1606468362 9.71239929864 5.64501174322 7.19603826914 14.3628663542 18.6211519692 14.1250212241 10.9167257543 2.21590424075 -9.95765072806 -4.54957183154 5.28196486232 5.63957856476 9.50880980084 6.08566322576 7.49967046453 5.11330080709 7.48377615282 18.652549906 21.9050775484 27.6128987558 27.4111868556 27.3912426411 25.6622183578 18.4953179141 15.0358749712 15.7996765571 9.10272273603 14.7653068694 14.00543594 10.6715183828 10.0865753977 7.72479317805
6.64558428991 7.6125207761 7.9032668696 -0.0138286109557 -2.74246156455 -0.0197655692203 7.30469939226 5.53055266226 2.74260921343 2.98685872388 -1.24609698333 -3.59385291547 -2.01307807715 1.255153514 3.5878315884 -7.66491729732 -4.57089820174 3.09008763792 9.30622110873 9.75786902822 9.54021817323 9.7781108901 7.59686537496 9.25523533692 5.4130531004 -3.94863545777 -7.69577105186 -8.21915797415 -10.5116832838 -11.533896846 -6.0132400693 -1.63492133165 3.48168414857 4.78899033731 -1.12961850336 0.385289352279 1.62922911381 1.21526234837 1.26265748237 1.95538683362
5.9999742183 10.7324506249 15.2638657607 8.55937176517 8.85003157812 10.1436095517 12.8415825555 12.2432760863 12.2815650812 22.3674775101 26.8276173866 33.3280209044 33.3624009273 31.1279395168 28.2595725637 18.1698124238 10.5683939636 4.20947986763 4.82853538371 5.11837329301 3.30590694447 3.8332497898 5.3636793678 2.3180411103 3.40127180027 8.76094806289 8.04966287638 9.05897014241 15.8198760818 15.1445119169 14.5733019883 16.0637671719 14.5018167854 10.5056715127 8.46246091937 10.1709836227 8.76442715458 4.14374580803 3.95784856761 7.5683290874
-3.44019784705 2.22552476416 7.17510426234 4.10419643845 2.73224573702 0.877837174244 4.96289802979 5.51863343755 0.135729886284 -3.32538719688 -4.79629326561 -0.502406722762 -2.49185662869 -5.57483172714 -8.32614905534 -11.6664862472 -14.9790920927 -9.89537460347 -6.9617179884 -9.17034710802 -13.8363930277 -10.5000813075 -8.97137112962 -11.5773648378 -10.0662153186 -3.79106937851 1.65536684906 1.97156101817 4.42064980698 7.50669649179 3.98436177195 -0.228527040872 6.64023074613 3.19098330632 2.81651367062 2.09769539484 2.71192088985 5.3992870516 4.67423932631 0.687331834026
3.80427819773 9.34330904341 5.61162730826 2.2879227927 1.63497883392 5.12524558229 5.71470729771 7.1196586316 1.91935204877 -1.47372182316 -1.03561015149 5.24587264691 8.02720785376 8.61631867449 6.86346095301 8.78715575441 5.69858447564 3.00591131384 10.5482031098 19.2487220103 18.2362563051 18.2948873698 21.6014173098 17.7309121847 9.35311689262 5.2752022375 3.18377975259 4.46915928354 10.4342473728 10.2901678184 5.3503224077 7.23177545642 8.63930396194 5.20596949245 11.2098493276 10.2641553276 4.18885894454 7.90682171191 9.97454685874 3.43994901672
-2.74981225531 -1.43637001122 -3.73216053768 -3.31990012405 -8.36722291072 -2.19932622624 -0.258762412628 -3.40778364348 -4.295249129 6.18747968574 11.5815218385 15.0771975252 17.1782130779 13.5401383629 10.0297994274 12.6775450263 16.9772468977 14.398783144 8.6534817279 8.93568759557 7.93407282463 4.73608604037 2.7880492909 -1.45398110078 5.0959337667 3.03186685225 -2.307255141 -2.00440616146 3.43299863219 3.29358122783 1.30033396511 2.03035481759 0.122754173086 0.904206512533 8.95710119747 7.69773326617 6.46770818856 1.18037602839 -2.41062594006 -0.368635017258
