-167.683637357 -164.091090586 -164.166635996 -164.017591291 -168.296843077 -163.930174864 -160.737655616 -162.858543184 -159.925825746 -146.805557269 -108.54623969 -94.1969641538 -95.5090383403 -92.0778974698 -89.5531938786 -87.3611250665 -92.1461020538 -101.028013813 -98.932907751 -98.2428287312 -100.754436088 -103.237809864 -103.990177385 -94.1193253693 -93.4834911445 -118.950404624 -153.818995906 -164.33772917 -164.97134641 -158.241001651 -157.045882494 -165.800478037 -157.665636843 -154.775894043 -163.296060731 -165.895890655
40.6624001562 44.678004446 44.1326489342 42.569400279 40.2571296622 47.7706183475 48.7064318993 44.8915738339 49.6313511165 56.5293460881 77.8479741491 87.5382740055 83.2350043454 83.988890557 73.6691283185 63.3111913825 50.8320530327 46.8330551201 51.1558486321 50.8218354287 54.1349402383 56.1612189714 55.1498224202 68.9590259681 85.2892823089 76.7539899856 59.0800740045 47.4291346738 47.6420653112 47.0422739494 50.1502200992 44.489001364 41.7921692364 47.6558690276 41.9939444976 42.5184193264
2.29144868849 1.79520504154 4.71546290332 5.40868908052 4.40283514265 5.56594123235 8.16686999451 8.28396904957 7.26951822712 12.5452011226 28.1389164654 24.5130660282 17.5260696328 12.9449676245 0.646784007906 -4.36682662253 -3.94020618206 3.90645378935 7.11411134097 0.948036422108 3.97980627699 8.33260758276 4.18374919259 5.92665560401 10.1939396309 16.5665204924 17.9338261581 13.1591049106 11.5715037439 4.80626724236 1.06572082293 1.78521056581 -6.50601225565 -0.404464090265 5.14096312744 9.22175219636
19.6416031317 13.5262018633 15.8334896266 16.6338050609 14.6349419677 15.4882653958 14.7885513261 13.2277633198 12.9206978367 14.3814058827 31.1113064043 43.7699940623 50.3178325211 50.2405037617 51.6167553687 53.4194396104 56.3010822168 57.7248940232 61.6555386492 63.4927651473 58.5576269493 56.6991029769 56.5546111703 56.1701285575 46.1650134017 36.0408596692 29.1314156039 23.820712372 18.0889968157 15.7975496241 12.9235533789 11.8001664102 10.3824241925 17.0795685313 16.8295158125 15.7003228546
8.48462119826 6.90883597617 8.59271206923 8.53951032462 2.83536200722 1.97706072915 -1.1328697622 1.26746200526 1.63214611256 -2.28934882199 3.07197458845 0.585925387133 2.45777814915 8.86684452543 7.20484520464 3.22833804935 0.197178690572 -5.69301095578 -4.48364633958 3.66397998399 1.53452549998 -0.012244301691 2.36511943341 9.92222852945 14.6892249883 15.4858658833 12.3043621197 5.08469104266 6.68117165125 6.78228114843 4.61143731372 3.80794888716 -1.67630575468 3.53805659402 6.18583002939 8.50469579716
2.80411670542 11.8317617123 17.7210484755 20.3764530392 12.3629422311 6.80839207314 5.59609830178 9.97643997073 10.9640231923 6.47044223418 7.79373812164 1.97686065769 -3.64971253339 -6.48421789716 -3.15231456619 2.54259980525 5.93284618113 5.20426537626 2.17687457295 1.86882925407 3.5133398461 6.45741829441 1.57155000594 -1.12017045673 4.94606892209 11.2015314951 13.5005459637 9.99670116518 11.8627116668 13.1184850146 15.391055313 15.7638053412 13.455564265 15.5779412866 16.2097464154 19.5111323327
-4.66114512493 4.42451658334 10.2649630899 5.48148796628 3.91970948172 4.01510100831 5.48466696668 7.30477116395 7.79215879328 -4.0812621823 -20.6221239965 -21.3295063354 -9.31141852916 -10.3856038917 -6.66518161898 -4.88476219113 -4.68714434919 -0.60636171051 1.3376898212 6.09335998046 6.39192021539 9.05415055996 5.70436786247 -7.26486747051 -16.8496931482 -10.4765424532 -1.11816911231 -1.64422849471 -2.68018595593 2.26826672586 7.16101522591 5.43964670755 3.25762213043 3.61419286772 8.82385858393 10.9204747147
7.26403052405 11.5420657399 13.5888867592 13.3265683241 14.0664617265 12.6267209728 15.2531428655 16.8740823564 15.680068274 6.0090276268 -10.4661999498 -22.6699685159 -17.6095020978 -16.5618118057 -16.8198202649 -13.9530294316 -12.4782520265 -7.34628924678 -6.81141596842 -4.84070066224 -5.65088388662 -2.57573582483 -1.73808482758 -10.1775545844 -15.9981388692 -10.2549027458 -0.191963253998 2.51929460996 4.06611810049 11.3239506891 12.9308695799 8.77255889505 4.03103657588 7.21353863589 10.7602502337 7.68208438403
4.53133544326 7.93602709287 7.18450117748 3.56629025391 0.814070835646 2.56269699462 4.32476057255 3.70946400455 3.20790746744 -3.64420680633 -17.3402913495 -17.0569063675 -17.0888439117 -18.1788734423 -11.8425374123 -3.21930159616 1.55894550251 2.45918707914 0.174778770413 -7.573797563 -12.2132883727 -8.96425278366 -5.84414534254 -9.87016839707 -9.65640982369 -10.2250005196 -6.39925845725 -5.04414221495 -2.87534131618 3.72833408937 5.55168471989 1.6611005413 4.87269342059 12.7900620677 9.65996780483 5.50594082907
6.34459664511 7.14319431775 10.4561354744 6.56174239538 3.07147761457 9.80631535738 8.94906781917 9.18601749491 9.6704122959 5.31595901551 -3.43757712581 -2.25501614804 0.27843017983 -0.414427932218 -9.08159998615 -11.3531866768 -12.5798468871 -10.4952083243 -12.5631887961 -17.4461151025 -16.5970867647 -13.2856234733 -15.6639817024 -19.6505555265 -15.648787899 -9.87484312308 -2.0823715649 1.79359195221 5.59646163147 8.19173817463 8.31593847318 3.51040936296 7.60179314723 14.9394658156 11.6094960591 5.69745326772
-2.38745878062 -2.84559048293 -0.483533431522 -0.420626088988 -3.90610018878 1.37014627448 5.67076885796 7.66177344321 2.32268788496 -0.604638318 -6.83968035434 -18.3447730241 -20.5464979264 -20.5373541156 -24.5991363752 -18.2504607849 -15.9061662382 -15.8788479807 -16.8517270449 -14.7252337147 -6.12784269511 -5.81869115981 -7.17644877331 -13.0239818512 -12.2197473436 -7.37520900811 -6.75539274527 -4.28295939853 -2.22069956536 0.886906838391 5.7796145783 6.81938812688 6.07174633999 7.61908540811 5.00816724724 4.92728514292
8.39489993746 8.13838940896 6.28005319451 6.73551451711 6.90659583929 5.57719179472 6.50001978894 10.0870244626 4.10947021381 3.42280560708 1.9836712689 -4.55422740495 -11.9247027224 -5.98601526151 7.30583017345 13.7918146412 11.530126817 7.87342767614 6.00215186006 8.91741324445 10.7335040761 13.1883451573 12.0845230899 9.22790202366 9.80445966972 7.76389957558 4.93099291313 8.93957346023 7.75412074035 6.43604936076 6.88689112039 8.8649286019 16.7392343065 13.2638340701 4.8956528217 6.65383888412
-1.17269494183 -1.6445941239 1.2658125395 5.53474707211 5.34553555959 -1.41348909164 4.58077463488 6.760429499 -3.46250876769 1.56750044537 2.76409161402 -0.0515559382521 1.83806006034 3.81419186588 5.85337715335 -3.69500495978 -10.1896294524 -9.16688827264 -7.27260090611 -5.69316351838 -10.1067939983 -11.1986998967 -13.8488122948 -17.6164498325 -17.3098960833 -10.4073828334 2.82541889536 4.886087759 5.69179258906 1.74277653918 -0.954055626312 0.129177718436 5.5879487081 0.169319846503 -2.72957210579 0.606538586983
