-174.229520848 -167.724378342 -174.549009913 -173.721414717 -171.348005742 -169.995399296 -165.35844021 -167.74244475 -170.344487785 -168.553282635 -122.71058844 -51.2993947562 -29.5062803446 -58.6870068053 -73.7785593093 -54.3239986812 -42.457716597 -47.6552667601 -55.9407824524 -64.3404725443 -65.1345925982 -66.4147940658 -58.4488506391 -54.8920683725 -77.1022805262 -104.860832388 -131.88080652 -148.306441585 -157.922513989 -162.667894169 -164.150991209 -168.115397846 -171.036484009 -172.074312976 -175.096876935 -179.710726743
36.0489812664 38.1166389467 35.3637156401 36.4536996233 40.0730100126 41.0549803647 42.685741978 39.9751326591 37.6851035029 42.3519343384 55.5390636442 80.8082101651 84.365560922 71.3214052915 71.5705605886 64.2926877013 46.2048616964 31.861129064 22.9487588634 19.0652702592 20.333291793 18.6512052144 18.5114775901 19.6262366142 18.8185673781 25.6316644903 37.8100892168 40.2838735502 44.3180769346 46.9261664587 43.1832898849 39.236255044 38.3632370053 33.6460085503 30.9825779902 24.8067084267
8.27187066564 7.26293174159 7.64845872281 4.90019783138 5.22893619442 4.25442450472 0.480413004407 2.73486638921 8.08232284155 11.0271587661 4.37405828882 -0.736203826746 -15.0932736212 -12.3032835817 -4.83228961349 -25.989205394 -36.9706469084 -31.2576278319 -17.631449702 -15.7617723714 -11.4560707544 -8.69727841742 -7.97977624944 2.38932235024 10.4551384753 13.8895193536 19.2450903348 15.4781367312 14.8896490965 10.3160887165 7.59547118195 5.00920487211 3.01552593693 4.54838808481 4.7615986662 3.19985327182
16.7589688241 19.343769314 20.2565632884 15.9326418242 15.6675408011 12.6240073918 11.6078949248 11.5834235419 16.575353507 19.692839871 25.6093819413 36.9153840594 45.9687400399 42.8863071354 31.4260487044 46.2710671592 60.1956184323 70.6552614008 81.4057567677 85.2394623405 85.8481704322 85.8840823548 80.4190247965 80.8597781333 73.9011733539 57.944622087 42.3877725205 30.133110834 25.8120941085 21.7429166394 18.3635725111 14.9438251014 16.4672978949 20.3256890013 18.4844270541 15.2238839924
0.344836765328 4.15356154306 8.85264590088 6.93610662168 2.52164928215 2.514437574 -0.215640248756 -4.04445434664 0.460664272054 6.03689881111 -1.10971644776 -6.66931875773 -6.75269343398 -4.37833287335 -8.56170598739 -4.43391275423 -8.50293580413 -13.8996255579 -20.8420966273 -24.3529120497 -25.4609099054 -30.3932002332 -38.7994355836 -43.2157292693 -38.4440238721 -29.4779802797 -12.2880051774 -2.42728823968 5.30635557313 5.94724142007 6.58354526874 1.57707859109 1.91529064364 12.1704687326 10.4375129211 6.24084715845
10.0076749831 12.8523227427 13.5968121764 11.3763105702 12.8892219103 9.85790048584 1.21914293839 1.25307976184 4.47373729559 9.38316082176 1.80504383915 -13.1428043987 -25.4385924 -21.4113141105 -15.3132837846 -35.3626901733 -42.9669929541 -33.9242640104 -26.7542028842 -24.8054175882 -16.0644467748 -15.8694886089 -13.5904234211 -7.08997145345 1.4001499139 6.9975191748 13.8023817965 17.6660915381 13.5106366655 9.45802110955 12.309144499 8.12716362876 8.84419770766 14.9359990336 16.9424479676 15.4717925812
9.33303525849 7.79022155057 5.17390800656 4.06208005073 4.19648116236 5.01609954826 1.65461996038 0.348668081203 -1.09673362676 0.301950700225 -10.270274398 -33.9418538595 -36.8949778512 -34.4273967872 -32.8474292901 -23.8437024658 -10.8947382808 5.07440378714 11.7926571237 8.96245792939 13.393455921 9.03903960114 7.10490845406 9.40354798484 0.460583409807 -6.52401516617 -2.44925204295 -0.355038583644 1.91612601175 3.58440729599 3.84547536318 2.84974435372 5.14637893627 8.15021046917 5.42297398577 7.67691096297
10.4610943608 13.5887813481 13.5632584747 11.3249061634 9.06747493204 7.31753730604 10.1880439969 9.38241307789 6.6192206073 7.13863973644 9.35057897236 -0.845905652489 -8.40467990325 -6.80624551489 -2.74517517264 -0.354999607829 -3.48210207514 -7.02773262783 -10.2142516146 -12.465430098 -15.1877996014 -14.2785035601 -16.9823527165 -16.8853603589 -14.2895567053 -12.7028879801 -2.83875386408 -1.21424087638 3.80713085682 7.06720520306 9.45493312303 12.0222618038 14.2649118853 12.8524897749 7.56258080676 5.45485025962
-0.549986240968 0.0515511371685 -1.54793187973 -3.02201528268 -1.44287353179 -0.840696631526 3.96711976714 4.30631002831 -1.6473305132 2.98235351592 -5.30902247316 -12.1212686842 -6.35075019747 -4.40513445534 0.871454727349 -3.65638379181 -9.3588089928 -14.6867590674 -7.82240237256 2.74429091698 2.61236931731 5.89846294894 -1.82578003617 -5.24716798277 -4.38163910746 -5.77346400285 -5.19644424761 -2.79087256749 3.26457170907 2.90374072616 3.13412041896 1.22536486012 4.59250817327 0.204291809455 -6.63091637891 -1.24032209252
10.0872966016 3.94441698163 2.58624136739 2.41189327167 1.82860722037 -0.440052570034 7.07297941841 8.07849651705 5.15668647322 8.47270461628 -0.398036847056 -12.381335372 -14.4192079961 -8.14345872844 -3.85884216742 -16.1526440268 -19.7606256799 -11.4205996692 -5.13517580807 -1.19562627097 -3.34196496482 -2.05485366075 -6.60296532726 -6.62940861197 -6.76375565645 -8.0865465613 -1.72223976502 7.83810809835 11.1357600801 8.88504537495 4.69321611962 3.53806209727 7.1740667657 2.94591579046 2.2516423576 0.921147478493
4.53046781738 -2.49895478406 -2.62231812076 1.5926499297 1.10654969194 -1.70988231038 3.79567936989 2.73677532232 0.246967620977 2.27847942916 -1.42758955753 -13.3373002277 -14.1602936418 -14.3261268932 -6.36384058971 -2.30731929008 -2.79583990942 2.99185509777 2.06373133465 -0.960368802411 -5.07029995547 -6.98341330365 -4.24414071106 3.32537938873 1.08707775481 -1.64491004227 -2.78810931876 -3.34148914996 3.22285750693 -2.40336306171 -2.02950662098 -1.3639758781 -1.04934469634 -2.7619545081 -2.49129819228 4.73708874942
9.44810433725 5.91167927775 7.17517416615 11.0836684548 8.29565375496 7.25102621744 9.3062174506 7.1447269633 8.70640066363 8.51994478775 11.5670854711 7.58420793265 4.10006986519 3.82931010715 9.44416762551 10.5322486957 5.90374058262 4.45188455764 4.50264599878 8.82356204036 7.87823267243 2.89713864206 -0.0230876782579 -2.77781924609 -7.60126342223 -8.249535555 -3.60785859066 -3.58830232279 3.89751407672 6.40337292062 7.67074480317 4.17593735195 5.63811804565 5.80203820478 6.6570528723 12.5416531639
4.90345764245 0.285204722731 -1.44707842847 1.37130604734 3.29549200879 1.22886445027 -2.77814119632 -1.3301781584 -0.950921892452 3.23293168821 10.8971789768 8.93703220241 4.95511452132 5.27757005378 2.49398142241 -10.1534264421 -14.8408991267 -12.3607129869 -9.00318566604 -8.75003580565 -10.0045951189 -13.8563072854 -12.8764920069 -10.803187683 -8.51960632213 -4.08914034914 -4.00373497958 -3.48900734651 0.121313542466 3.70572172887 5.61976950577 -0.409949189376 0.214352540575 1.82380929995 -0.242560089735 -2.55126076745
