-220.668858078 -216.553344845 -214.396112672 -215.670812224 -216.358850673 -214.300351359 -210.029228205 -210.401414952 -209.826216556 -210.11574061 -125.671130366 -47.2199297377 -34.6022606926 -53.6593615266 -80.1022965895 -67.0694658091 -71.9692567915 -85.6697327649 -95.0191290065 -112.99443947 -119.994484612 -119.458191387 -115.722717551 -113.38093474 -108.991403058 -94.1881710526 -87.5060456229 -88.1226377896 -84.3984192337 -99.8407976837 -151.471740691 -183.688888157 -198.440018123 -206.968024042 -212.676807631 -215.266119021 -211.634139723 -209.68987886 -206.365267524 -209.629818258 -220.124836762
31.3864416868 37.0681079904 41.1366496019 38.1228994549 35.2634395183 39.5566445213 40.572521476 38.8804857937 36.2102254561 41.6884567016 69.0745217521 84.527725405 87.6181298218 92.6509014559 89.2281225007 70.2666485887 49.9308719808 38.1310233606 35.9991758116 34.94342105 39.3799474884 39.4197360174 36.480716942 38.8273193239 42.2239655183 41.8190481252 41.1594062902 45.0481882854 47.4794806841 48.5382953958 48.9563377911 46.8979111331 37.4384721253 38.2381071215 36.1856453688 37.5236294016 39.4289773175 42.1957681025 45.7191783891 42.4430998261 38.3802517527
5.92783650117 5.45344268092 3.95620012374 8.29778289114 7.53509179934 6.66890416536 5.14393468384 5.7139295392 2.89291627566 6.63291408022 6.43317141304 -9.27020164971 -28.9347657622 -26.5581432691 -14.6372445614 -32.7016926503 -33.0788044068 -25.0681736511 -22.8037480029 -13.7441340919 -5.77528660368 -4.9157666286 -6.7863617803 -5.57239773198 0.397217638182 2.39159112578 -0.819719333654 -3.38005095917 -6.44734650928 -7.15381247441 6.68608651525 8.775230143 1.558205909 4.71842721346 4.60668328862 7.10485943194 5.54349833199 3.03231959619 3.27970892274 5.86889222836 8.56865594501
16.6394685396 15.7127234554 15.0553391192 19.6797188181 15.2312161101 14.1882025772 12.4910228544 15.5579838523 17.5574092108 19.2267318359 30.571367797 37.102767999 41.8033977871 39.5698357206 40.7273480602 60.3977378187 81.8622425225 87.471913882 82.7123131378 85.5918923275 81.3127544628 81.6940978532 79.3497601034 78.5689351047 79.7723387878 83.9154388837 81.266180355 74.9418767745 78.9846630855 76.8122419125 57.360217651 39.121689537 29.2508404212 16.8348369027 15.2049737137 16.7786597009 16.2288450896 14.3194368307 11.6927334492 15.3248393981 14.3905388804
5.47390261117 3.73772206207 7.49490527764 6.75129243364 -1.24966707834 -1.55691716142 -1.42174882213 2.86862812465 4.03884388907 4.53486048815 4.022363862 0.965585253857 -0.490067319369 -3.58296999596 -0.620517668871 -3.15623829431 -11.8492943543 -21.1478816657 -26.3059675328 -22.7166581226 -24.0069103545 -22.6879442259 -22.5868598961 -24.6999843937 -29.389001743 -38.5657126197 -46.8617441092 -44.9173369725 -39.4167791739 -38.7597570748 -23.8800247676 -7.31039069263 1.26270631976 -0.880685069164 1.21802204552 2.58538028282 4.73892414658 2.55933934581 -1.57195328269 0.964487733184 5.38252046495
12.3141328342 12.1800242112 16.7038995251 11.8824072152 8.17439288007 8.78223504647 10.654853822 13.0347885486 17.339643901 13.8458758758 -0.390559107982 -11.7724145183 -21.6236766932 -28.9313636517 -22.0657417825 -29.7049203127 -38.4259136797 -35.1191133116 -29.3742558493 -19.4445419781 -16.8184561194 -12.5228721236 -12.940338224 -15.5269264376 -15.8428415667 -17.5828987414 -21.7412238415 -26.3504173035 -25.9768230136 -25.1966392025 -15.0434926339 -0.562724390165 7.14502826393 11.4677330985 8.62388129373 5.48724709293 8.04439414014 8.26173085225 9.2857305997 8.4626632411 12.6516075828
4.0171833212 4.17700028334 3.49879103541 -2.57386538568 -3.89655970236 -0.512450595772 4.97277071785 8.69753453389 5.63079687961 1.50548353446 -23.0030079578 -32.4644735586 -26.172664212 -23.999818142 -28.0763110801 -15.5640392343 2.85789514866 18.4005267463 26.2655268588 27.679100139 27.2041338402 30.6080286168 26.5766025963 23.1728953645 25.0566212286 23.875811664 26.2432276816 24.2225164857 15.9645019588 12.0155975158 3.53315876488 1.82709569436 5.03875190325 2.35403301454 -0.122593537845 0.361939214301 0.0586850314935 0.547681150686 -0.625764983932 -0.0204555693126 10.607291152
15.8644983693 14.3118563442 12.2690748873 9.59425742571 4.53113439107 9.63699187368 13.1443999966 11.3988880959 12.4920235629 9.7574812817 -1.54729158969 -5.67058504387 -9.61911283667 -7.74553718483 -8.11986056393 -8.79018128118 -8.41423758053 -8.56225498278 -13.3630030891 -20.0197202941 -23.4187512416 -27.4332753761 -27.9868120671 -23.7109665531 -21.6423597593 -25.0175995111 -26.1237143251 -19.5461697274 -20.7215917807 -21.0937918228 -22.4998683265 -7.48448519009 0.833961382607 0.755161751014 6.46612161154 7.01474352806 7.98470979984 6.22145481255 5.89636024374 6.84716585679 9.65061018396
8.05196031003 8.7968742622 8.11590138254 5.54849030477 2.22400769935 5.58723614634 7.7371209387 2.73988560709 -2.51068270983 -1.93968005648 -13.0786248787 -12.8699917044 -7.83220747484 -5.45235618185 -5.23989345554 -5.50516453416 -8.422827215 -10.6057446094 -8.28747786551 -8.43337296579 -10.1524112795 -13.5871690513 -14.1909672787 -13.5173576646 -12.9335668556 -13.582781968 -14.5358847566 -11.3904494011 -16.0950642299 -16.2212808569 -20.0826534748 -17.8510049876 -6.68384676639 -5.84413229405 -1.95926437898 -2.21280320349 -0.49269478576 2.05851170337 -0.652749774796 -0.82203066964 0.53761769814
13.4164397746 12.980977941 14.6516626939 9.1786689301 7.92936571116 9.65816434961 12.9528664511 9.43261238253 5.83131528204 5.07510054414 -11.4734500255 -17.2912628017 -19.9013839871 -15.1384279489 -10.227419863 -12.5365348124 -9.33763269073 1.10579310893 11.2895383061 12.9822392458 10.7073148661 11.3322199357 9.43985586372 2.69668339039 1.05050839024 -2.94689551613 -6.99711016857 -8.73119708601 -20.7368870576 -23.5115978248 -9.47210955227 -5.21400738485 -0.771880789157 3.07641616202 6.51698094965 4.62897622083 9.13570999977 15.3071794087 8.03611213423 5.36296414699 4.21784597926
2.35566173006 1.02380317687 1.14707674692 0.934378123487 0.529214292513 1.73987201648 -0.445188182472 -1.27730618434 -1.90879520571 -4.56169356915 -27.1913825355 -34.2774443923 -35.9377433987 -30.5560944222 -20.4779677089 -21.3446893006 -22.522249801 -23.9615697417 -21.0399486507 -19.3109691308 -22.3828385356 -21.8765416585 -24.5843538181 -24.446223237 -26.2321999077 -29.8268289829 -27.1519565379 -29.2633844279 -33.6714572694 -28.7523554947 -17.8599879037 -4.85252277477 0.547111866155 0.230667188565 0.0121221071543 -0.686429867182 4.6245683536 6.15641678981 3.65221490278 1.36343116677 -5.30222268666
3.77302265658 2.14757102063 3.53081753525 8.54271807059 11.277038032 8.07552893044 0.712654981352 2.05599372139 6.36951282577 7.3987594857 9.32487331043 12.0262695814 13.3144020939 12.6467001343 10.9420979811 20.1416806332 19.4019776587 12.7414285976 14.3005126769 10.6123068995 8.65049504165 10.0739914536 10.373841123 13.3211699981 12.8059608035 8.64993125723 10.1439052226 13.748125126 4.04755571948 0.819908430746 1.10343924397 2.83043712664 6.76103420287 5.27055687601 4.59328782958 6.58176022906 7.23015122208 7.31853410503 11.5905842169 8.14483056088 6.01777654468
-2.5275238804 -1.72620418966 1.88628030941 0.922774528953 0.793769183069 0.349637314946 -2.55241016222 1.74497103967 3.74535093225 5.69414025296 10.3267956237 7.28707891807 1.75090188558 0.657105106882 5.59724928753 2.29192427808 -6.27619032097 -8.77510432445 -6.44697880186 -7.96431577998 -10.3927068431 -10.8598238599 -9.55149622542 -9.73939319016 -8.34397327095 -7.7918051172 -10.7117724478 -8.98808923894 -6.62802773196 -5.64398605543 -6.76664188207 -6.95264426474 -2.40435031327 0.10083924855 -0.265484901439 0.955904180614 -1.65796392135 -3.45225218163 1.18976342403 0.22903040003 -1.71580561026
