-226.555134724 -219.484836698 -213.970595391 -213.566425271 -214.237962757 -216.817122494 -220.09783932 -219.818821685 -216.839022715 -177.894573949 -119.986914672 -96.2558058691 -100.262098414 -94.6298872617 -87.0358224985 -92.5123772785 -101.01730755 -110.680120901 -120.49567608 -122.443803078 -129.016181235 -151.692911013 -181.467583761 -197.247095798 -208.343860318 -213.687387036 -215.319324487 -216.622769863 -215.3313737 -220.120974647 -222.661870134 -217.912706353
36.0758451316 39.7700363316 41.6917019151 37.5174072195 41.5233126519 43.4067359946 39.6476959595 37.095915861 39.8750115618 37.7129051967 61.5152838148 83.9906676367 83.3851029506 68.1763626663 51.5300173846 37.9232187749 35.1333024799 32.9535612797 32.4612975562 34.7110489716 37.2025482401 47.8517705239 50.6164282197 52.2755673777 45.4137174106 42.9928068467 46.2770485291 40.3961548261 39.565004941 40.9582001228 34.2253636823 36.717051399
5.12589715517 3.17607766056 1.89203131909 2.29877442338 4.62980331169 6.11581434551 6.87481023239 8.12328160494 6.77083977272 -3.13132329739 -1.52043208455 -9.09995842236 -22.0561281165 -41.8975007698 -49.2706276787 -47.1480179699 -36.9453340485 -24.6078302778 -17.9326411057 -15.5166361809 -11.5384537026 0.364756437268 13.8384469043 14.7575238111 9.20942512244 9.40776719907 8.99560389317 5.74742276036 3.30204329774 4.903912309 2.42057577117 3.67088998594
12.4949867246 12.1551694005 12.5203538601 9.64561519748 13.4729093507 17.2390065786 17.9816522066 19.314627877 15.829933169 13.8214699529 17.6443250269 20.7587682962 30.8629479715 44.5875772108 60.1664972625 75.7310678556 74.7053328467 72.6980461282 65.3131427474 61.3620893299 60.7385050158 51.2583989223 40.0736939107 29.3019056194 21.599968406 22.0982328686 17.1392636292 15.6039799101 16.441531697 15.672068873 14.960266336 17.7702109206
0.92960350713 2.36402780607 5.11548932753 1.42888005296 3.31906492083 7.11729611027 7.54659434868 8.41121885808 7.90022562016 2.80651069395 -2.29075104694 4.36251545465 9.3565484155 15.3907320472 19.7738274016 16.9254959042 10.2965637294 7.94893370553 -1.91217050968 -6.49429170099 -0.923353295707 -1.07367073581 2.8105111008 8.47882717778 6.46968202614 1.00330908002 1.36317479124 4.45198838717 7.42984769339 6.49998214208 2.13049115639 4.59286498242
14.3158820062 13.983027072 14.1150578646 10.6546997114 8.50600921215 15.4549640587 14.3690692607 11.5618358986 13.421627054 21.5585500967 15.3827265372 10.0947396131 -0.521306086876 -18.3880246376 -30.8996106502 -35.3011705894 -27.3065897873 -18.224272925 -19.894730014 -21.9813355281 -16.1230947898 -11.5191360167 -1.62249233669 4.79816697136 8.92615824195 6.65182542112 8.22047911887 9.92685027759 8.6008317483 7.48447090886 4.58424197268 8.72979157157
4.32313685849 6.62613993397 2.79736544737 2.45411226587 2.74162076919 3.26951938617 3.28990849454 2.29762148505 -0.438080566004 -9.92006641421 -23.5371034581 -25.3359793121 -22.1318456205 -21.4941170977 -11.9304178133 -3.45254163257 5.07514695079 7.97749489876 6.30591643407 4.58837182975 2.7838921854 -0.236761619223 0.413017777362 -1.82366629173 2.69161783002 1.4748587583 2.96129841521 1.14217356957 3.03536532046 3.96602746814 1.90862439443 5.1925253516
11.5834737554 14.2985559775 10.5866965586 7.81933422179 9.63840412596 8.41282602938 13.0684971803 12.1526700227 7.43615568488 11.7639477091 8.43419036856 1.84185966069 -5.67407244118 -1.10305209699 11.3496865824 22.085702511 29.0528317498 27.1365445446 23.9886600071 22.451970856 20.4902780467 17.7110040176 12.7754322396 11.5870768426 13.8598054134 11.7241135828 10.4709923282 6.54396151207 13.3292824941 11.9032134957 9.60835533538 9.06167623158
5.38108859245 4.64255885593 2.48203417263 -5.12932804654 -5.06056034866 -0.754015459285 2.24739274561 2.40227150346 0.984937054388 1.32497537032 -0.713534224698 -2.86361561759 -1.15224802485 -8.78738071714 -12.6442733267 -16.5103881359 -19.785410515 -21.2284643085 -21.1331039069 -20.5489241018 -18.5142238258 -10.9486400186 -7.68334100682 -0.217019154344 4.83779899002 5.48888205542 6.79499119506 4.6206643012 5.21100998235 4.39198518968 2.98242199951 4.42747268319
11.242542303 11.1730737536 7.48118158055 2.96884329871 4.60316532621 4.37227707255 7.06621005002 10.3372090231 8.40580417644 6.97945158269 4.72122232126 8.91155615998 7.0156623003 -2.41767100617 1.15956866079 -2.28314761329 -6.9214434869 -4.86598048696 -4.22956464242 -1.89486846401 -1.50416380851 1.40002813929 1.23979788207 1.65986553179 5.48757170218 7.63781157506 10.1138024585 9.67449009819 7.24334992806 9.37877635317 8.86560302314 9.53143387114
-0.236480307844 -1.57471907154 -1.82048620736 -4.40387166936 -0.752880767967 2.62665840763 4.28081959455 7.6340140142 2.15243789694 -2.11555156736 -9.8066872268 -8.30489914728 -10.8502708656 -13.6617548263 -16.0961783169 -17.4208017131 -13.8613303924 -10.7535456429 -9.78144198858 -6.01142447309 -5.17135131793 -0.3887858334 2.52962051394 -1.07392074672 0.683188280562 1.98887047431 3.39320200449 1.53705352515 0.803867727296 2.7090495995 6.96350112787 6.58417185915
8.1650853214 9.9961195389 3.01137785972 1.03332802994 6.36058275692 6.6836122481 10.3248232607 12.6342217579 7.92942668764 1.226041141 -11.3033873322 -12.3285993594 -5.94882681391 3.40395794849 6.92679591897 5.73822386566 6.85988276403 6.41341056378 6.74759177607 5.88011972352 9.62437879993 7.05341539769 0.258493104062 5.08628199215 5.70979410182 4.56820321209 7.05153878769 4.55684019975 3.33160009206 6.47653656061 11.8250379745 10.2901518776
7.08808280878 7.66652400218 0.191317174522 -2.0816100499 2.68081332703 5.07366248526 4.34132911148 3.06116794042 2.05173043977 -3.12210906944 -13.5791926856 -11.5086403759 -4.5941793154 -3.24914860558 -0.913429353817 -1.15046480304 0.488545283854 -1.39518203301 -2.85380091166 -5.96982823948 -4.85817051098 -8.61711237866 -10.4171535636 -7.54947014148 -5.63037786564 -3.95554899255 -1.30765427404 0.164013403375 1.78947059197 -0.641061759003 0.520621837641 3.15236960896
