-243.793612926 -233.740928727 -229.702002146 -229.999644236 -232.77268243 -232.805890794 -231.651177597 -231.835698171 -229.725675577 -232.022727933 -174.660871974 -117.632168013 -102.09785763 -102.035593043 -89.4549232581 -87.6114791522 -105.161338252 -112.391934501 -119.821483921 -125.386697058 -123.055508604 -127.293854643 -137.732910287 -155.739778708 -186.234369949 -211.86570285 -218.713282943 -226.376301389 -230.06999207 -231.411355731 -235.592879923 -233.406408982 -229.053873536 -235.681648051 -248.65384606
30.9352590315 37.1103832105 39.9921319001 39.9207739472 36.2469324091 36.7237695136 38.709639764 39.8775658918 42.3007373447 40.1350679775 63.1380259597 75.5897842369 84.482071529 81.2001147122 66.1056084862 60.4059735822 37.0142311253 29.2245061381 25.5973467445 21.8974157124 16.4352417678 14.2767283162 27.6713516306 49.971674485 54.6181912166 49.2384404052 48.5081891073 43.7217719108 41.234608811 38.1684259931 36.2374902041 44.259206093 41.8755582962 32.2069575372 26.6903965253
5.92733506609 5.39012332963 5.59278309919 8.80554762308 7.42172127767 4.76971416955 3.7138353171 3.55871379731 3.75853341804 7.74167579579 9.09108138892 6.82054926882 9.13984488678 0.728192386616 -21.0178865297 -25.1362674354 -22.6452782641 -20.2235345816 -17.7657835247 -18.6716940706 -17.9334851795 -17.6308793859 -15.9988746151 -7.3609725848 -0.509680738566 10.410793435 10.8782478044 6.56689567862 6.13402468784 1.75316315972 1.49797036645 8.83034000211 7.43934927237 4.43245328422 7.63711481198
20.373518706 17.1757467672 14.4508248494 17.6499725871 20.5971346733 21.0688072369 18.4085946224 13.7104975007 7.53043228988 11.8805514432 33.1928572518 47.3461443484 52.4084296155 56.6389861543 64.284818013 81.7568734869 88.983749464 82.290699422 76.2854386086 75.8783263757 87.635712386 87.0861841936 75.1580963533 60.3545731744 41.7988591312 30.2864109551 25.1246586067 20.1523134832 16.9025571834 13.8681356744 11.9963003471 17.3342338901 17.7312731564 16.3495347804 16.1133990893
15.499871494 9.48467334399 3.91143733632 2.26822346334 7.68046737195 10.8894295216 7.16755635396 1.05932448051 0.310744290557 1.95372424365 12.7223386377 11.030679967 4.36401537614 0.428550364454 -6.11500881353 -6.65611339148 -10.4800797026 -18.0233416315 -27.5762695751 -31.6379443307 -30.9565330673 -30.7985135173 -25.3165038429 -20.0851501374 -9.17880592207 -0.109672893526 -1.41771003722 5.44632259345 10.1188713432 5.45752298743 5.0726488855 8.09358589127 7.2249285376 6.79573657068 4.43353629266
13.2382929198 13.2276253024 11.2608047182 7.03426100007 9.57076900971 19.479218823 16.9355578273 10.3018964337 9.08528498376 10.1120478951 4.55816227627 0.787112782737 -4.59127199751 -6.30582323657 -17.4138542952 -24.6735543409 -20.8854957481 -18.1962390954 -17.1301586987 -9.6363380196 -5.59134252082 -4.7185724946 -9.9777651278 -21.0628439219 -13.4816335048 6.52085678976 6.49851754718 10.0210860433 16.2681668804 11.001406049 6.84019009224 8.77916759647 13.7722611267 14.9228929874 9.90962366963
2.85797586108 1.990198042 3.14721675049 1.41024471693 0.241865358281 4.49949879116 3.95292806725 2.8042001872 5.0942969334 3.09181219812 -25.5751878001 -43.5008618876 -53.0992090785 -42.8459266276 -31.7171194192 -23.5176259113 -4.14817136563 9.25112725002 13.9481377647 18.0425067992 16.8037942082 16.3166988579 16.2479719308 8.18475764135 -2.08929362429 1.01056493779 5.62162046181 7.51630581143 4.68052668133 -0.895101963308 0.616280749759 -0.929465404245 1.983463372 4.8806308906 8.24548994118
7.56548681975 5.05864974028 8.87964714995 13.5952293292 11.0773867686 6.82808731966 7.04442332615 12.4242584573 15.8861282182 10.3331343108 -0.119697805909 -11.7631676758 -20.2404366412 -16.9497633045 -0.820442677353 1.91076734495 -0.477759557053 -3.40575856802 -7.76774268785 -9.58297740257 -8.1598614917 -8.71307988422 -8.84865383854 -2.94587339401 1.18383529612 2.96487544808 8.49523182411 7.93913458879 5.20210123166 2.23111216863 5.60883954883 6.47930204714 6.02047330634 4.228979505 4.87386658194
6.64819550231 2.53815225116 3.49371473136 5.75189114407 -0.50144211674 2.04957856666 4.88382282145 4.84974649281 7.75574357166 4.59398571179 -7.22733774756 -2.56845268795 -1.86461511263 -6.69351031405 -5.04914802212 -6.08391768872 -12.5911881901 -10.1332154106 -8.07965389349 -2.87475136698 1.7773094482 0.211250879063 -9.41277626787 -10.8882158721 -9.20064492696 -4.95719608026 -1.29886598671 -4.32356054408 -3.62368094672 -3.47041921907 -1.72699058194 2.47701275674 -1.94947085136 -5.71311372241 -9.26012737271
-2.0896883796 -0.66803938664 3.58836692924 7.76454143668 7.20019392102 11.9086900983 9.9956044552 8.56788403675 9.62488114601 7.59257721324 -12.8657802557 -23.040162358 -28.1234612269 -25.18370618 -32.0039545809 -31.5677944295 -23.4142168054 -11.6099523397 -6.13031435872 -5.74718536176 -1.56416142649 0.554101284668 -5.21285691179 -4.16777708771 -2.06874153119 3.0590910016 4.30022395494 8.13198866092 15.4190219881 12.8230663456 10.6133275932 10.593956727 8.20827480585 8.31552559651 2.63661135905
-1.98026322949 -1.23909357622 -2.32400641271 -1.62916320417 0.541080748064 4.61107497438 0.953412432756 -2.0093370459 3.44117845055 3.9409276452 -13.8605913419 -21.8020216299 -16.3261511322 -15.6081931686 -17.2360919019 -15.8900727375 -6.35500926617 -6.46705200422 -9.96657826693 -12.346334968 -5.07346832172 -1.07888525683 -3.43723197348 -0.681963820743 1.15288132566 -0.904872684823 -0.512204449629 4.31071479179 6.70034052623 0.666590728536 -0.807267981113 -2.48250514526 1.88622621299 8.016094958 7.32877448832
6.20356565594 7.36625412502 8.32591892667 7.53543213557 6.93272780855 6.26001253486 2.60149762153 3.60534120874 4.49173381729 6.26054803834 -2.08048844067 -2.76071416848 4.41243310787 12.4781380229 12.7314893562 16.0108443442 20.9325189758 20.2858967489 14.6785065282 12.9250975524 13.7704649798 12.6269511568 6.92030144457 3.05188050839 1.79105718487 0.198088812471 1.16892136603 4.07833762796 5.46170084184 8.04767681163 9.63875030408 8.09873108693 11.3003916834 10.6452018782 5.91257818499
-6.74504820875 -4.95573675767 -0.0700089547731 2.01398865657 5.54056357545 1.63883679037 2.20796617039 5.6854977217 2.33802183472 -1.50862090937 2.19554138841 -3.97121981725 -3.82760795069 0.237648046898 -11.9174648482 -22.2503921954 -31.3800884316 -30.1080317161 -32.1668963377 -29.1569640611 -20.4139166976 -21.1879905852 -24.8916382431 -23.1204986676 -13.2891243782 -3.42769430164 -3.22226405312 -2.87219562057 -1.51852230889 2.72287659847 0.787376353207 2.17997359057 2.80323645977 1.76072371421 -1.80113200973
