-234.081864831 -227.740848666 -231.199134666 -231.390308701 -229.106156168 -227.497960338 -227.884979167 -229.855394664 -229.178487133 -221.015785738 -153.532575689 -100.751610135 -93.5797309133 -99.2759008328 -89.3870465845 -97.1280710255 -111.674019432 -123.338102299 -132.431426288 -138.146254774 -144.366923112 -154.111927246 -162.78020396 -180.562479507 -206.088431267 -218.438646944 -225.466207143 -228.617978877 -226.869832979 -227.508567457 -229.969695857 -227.047952947 -224.367242124 -231.436745184
34.9378260131 37.9453620978 37.7629737716 36.3707333097 37.0737299476 38.084394131 40.2007108504 40.0003798538 37.5815109367 48.0775921632 83.2133810029 81.2870297734 81.2631105521 72.2300533243 62.1841293712 49.7773654798 37.8512959399 30.6101092472 24.599587983 28.5217641252 34.6256228999 43.7484980899 54.2974446629 59.0310503322 51.4955042306 46.1326217538 42.7193817416 42.1601132027 37.7963243826 35.1632718262 34.4864982129 39.7173235095 42.7222323204 37.734595075
5.98360492197 3.33458813556 2.97867254829 5.22732600584 4.17215427517 6.34690362044 8.29358615707 3.67259552744 -3.11800244572 8.60617272386 20.4960711671 4.32748003373 -6.83024896515 -23.9553631103 -39.0347322142 -38.0086361862 -33.38222635 -30.3373663802 -24.1529832366 -16.7148651805 -12.2628490003 -4.36274258167 -0.64598777963 4.77623432787 10.5841869607 10.26357188 5.97072737575 6.58026561715 2.86903353263 -3.92867359492 -1.05001974408 2.73235251993 5.97863974909 4.68006636609
16.9068433475 13.5827191577 14.9573899515 22.9769661386 20.969955864 19.5352120834 20.4723358513 17.2795584194 12.4091951166 13.1899861579 27.422710962 48.595380424 59.6913309351 70.3268230572 80.043798304 89.9602825082 95.4691607649 98.0078430071 95.535118866 90.9228288742 84.9224003724 75.7833500133 63.9489919714 48.6890410313 33.7919945245 26.1061071429 18.188858296 18.1674338894 17.2499939108 11.2096514786 12.2337643841 14.8079211332 13.9254464701 12.1870332371
6.59268070427 5.32665683163 5.17943652408 9.70905897058 9.01352333807 8.16554649072 7.48264507033 2.23833264529 3.22749426291 -0.568157909851 -14.6057185276 -17.2202163489 -10.1553416656 -2.83517059529 -5.31827236433 -6.2654083645 -8.03652113048 -13.2517456384 -17.0382864947 -23.3446677711 -20.0500741941 -17.0720567875 -10.6054419596 -0.499653568967 8.65027225167 9.42822318942 5.78842267132 4.87731678424 7.84062497491 5.17819400573 2.42655993434 5.0885021863 4.30835295075 7.2522547834
13.3112742251 12.7751205321 6.80970043245 12.8520728969 11.9118589808 10.684359936 10.098534146 8.2713661402 10.930361157 10.4850930491 -14.2718360753 -21.3376152031 -22.1992617839 -26.5425902706 -39.3962860845 -43.6398838616 -34.8057178693 -27.0530704517 -22.516695241 -23.584740992 -18.8523844029 -20.1913658554 -20.7284068023 -8.36176155235 9.53063309301 12.4584774884 8.10124562717 9.34057138293 10.2014489162 7.77460165554 10.5581661489 12.3831845552 8.23019008873 8.62317902736
10.8365369625 3.13860917255 -0.822690348047 4.82011269555 0.574774121221 -1.75730218449 0.180479649295 1.82999189313 3.95225962225 3.42868751683 -23.736259725 -30.8062666932 -33.0286340573 -26.2748331051 -21.5007613372 -13.6535147673 0.645523927813 11.454638121 18.53187721 21.66234035 23.6178917878 15.4038210069 1.20168236462 -1.27540155666 5.66610786134 6.45904822495 2.94289155489 1.11068005339 0.893597785262 0.970347092263 -0.366144015118 -0.713582065848 5.58313642425 4.39284857604
12.2256825381 7.11157852083 6.59280967132 13.9990966114 9.65103285085 6.69405711994 8.37880262063 10.8128388171 8.83953010145 7.8539959162 1.65396264372 -11.5674148588 -19.6723921133 -15.5730136146 -8.92855960646 -5.57803007759 -5.2034967371 -7.24678395245 -6.32918161793 -8.76217222025 -7.74985567491 -8.18185837938 -10.6375961227 -4.25182127116 4.03949884205 6.59822583116 9.36928676477 7.78628925889 10.320780969 10.0728849253 5.45693473476 5.12716441022 11.0321165485 8.33557594174
1.09693740794 1.74039131975 2.24196659992 3.85802343009 0.915876507144 -0.254659412233 0.52659763559 1.45512464436 1.05774515248 0.148265828569 -14.4826443443 -12.2011569522 -5.43213343814 -7.66439403907 -9.8749259987 -8.09128032098 -8.89647133012 -15.7717184012 -17.4032972637 -13.9610261102 -15.0543448343 -16.1086358643 -21.4969359202 -17.2487671484 -5.3942307855 -0.716259335499 1.69236189261 2.55274876211 0.625674542974 1.89807270298 1.78545308111 -2.54021853181 -1.45693220933 2.6454589515
6.25425612245 9.06014347772 10.2091719523 9.96169563809 7.72204153689 5.08118438615 6.06022164981 6.98768521063 5.79949285676 5.4484433765 -15.5973950003 -24.1751915924 -22.2931936504 -23.3957868358 -26.0626464695 -24.7066574067 -25.0521752507 -22.5266365488 -19.5754440645 -9.70390752778 -1.11278721028 3.51820350111 -5.59318491693 -4.9627928703 2.75364374385 6.25888166875 4.39463677985 5.38564768745 5.72293844746 5.90479209149 4.4370205419 1.95379431915 5.00960949026 5.89304131584
-0.726136281871 1.6551638359 4.90069617234 4.25003087813 5.17080316511 -0.0715288745035 -1.83776972088 6.37331119457 4.20411030942 0.977823416076 -6.31836506798 -2.8218492868 -1.28872087541 -10.3860380078 -9.90246094472 -5.3194579991 -1.31922682332 -1.7199419046 -4.05590693464 -4.36489331277 -1.8773515307 4.09963621891 4.0509438935 1.95453884618 -0.624406140106 -1.36713997949 -1.50119911611 -1.26327412889 1.20762225665 0.3781555572 0.516331291904 0.0501465645877 2.13057197198 2.43031271612
5.82282541157 6.64982939636 8.41978142734 11.0001721528 8.80138180298 6.03516493297 4.01045468806 7.23626206011 7.44168593576 7.0852536478 15.3021126002 19.3261340119 18.0248266644 20.7266104826 27.2675305621 27.8528006618 24.8838730763 19.6133445191 15.330243533 8.78016938146 5.70313369494 5.16343227388 10.0849908004 7.43941381358 2.72093566232 8.25329006261 6.81611286408 5.05140794475 9.66399030271 10.1525604803 10.0826044899 10.6741548994 7.07208089732 6.74663387251
1.35900696918 -1.73927399504 -0.821986730013 2.23627592156 -1.77314479932 -0.90097208742 1.99368214224 5.46478027939 6.6554265779 4.87618949463 1.97702741229 -10.3512279532 -11.4218003873 -4.95422873217 -7.54957566734 -15.6409459204 -23.6537084678 -24.8409265315 -21.4756943049 -21.9444244284 -19.4645881441 -17.6473970462 -14.1855280506 -11.2434445276 -10.5840323929 -3.43508154377 -1.33097887051 -4.49249737422 -1.3222902268 -2.08321460945 -1.79111440045 -0.330774779519 -1.00502472728 3.98435944751
