-244.652791235 -237.056708839 -238.966447988 -237.777785301 -232.724142438 -236.262486621 -236.977732697 -237.165546798 -239.608800252 -217.58064173 -149.986360646 -115.565483684 -115.92740612 -98.3653616388 -87.9592004798 -86.2151817811 -101.56762674 -112.882895768 -122.020454948 -129.407225856 -136.004640894 -144.047255804 -151.372694905 -172.15774361 -210.742288108 -230.459361149 -234.564762956 -238.074911598 -237.057895302 -235.206155679 -239.508659194 -235.034257111 -231.660751275 -235.542202532
31.2877062436 38.3703163295 40.1125020066 42.7856322217 41.3697522363 39.8401249869 39.8261895558 38.3739958458 37.4072604092 41.1233103523 65.1557338781 78.8652291975 89.1785551907 75.9814926829 62.7715408712 57.651992045 42.7531296396 35.3434286217 32.1119320111 30.1431329226 29.9750812949 42.3324319363 59.0951593243 60.2639474994 55.5404190954 46.2511931855 43.4059499138 40.6705933392 43.9166617619 43.0157978812 38.3946404606 40.5900640574 47.9525483464 45.1999158621
1.73021646561 5.60680655994 9.13647504548 11.0372843772 4.43817687403 8.97096749971 5.33184770514 2.48792560178 10.7090723883 8.37542266501 8.8094351735 2.11539922431 -0.926605433679 -27.6783364242 -47.8799111456 -44.9032558148 -34.7960506697 -26.9770521339 -22.6609517845 -21.6811981183 -16.562336648 -7.87306087327 -1.57093944808 1.11430253176 9.05492347115 12.1335508261 10.615346893 7.23021815125 8.38927704106 7.50895728051 7.6629675945 6.99611324736 9.84357647013 15.7668087554
12.199805694 13.8620003437 17.3542557282 14.2159979215 12.9952769495 20.5696183335 17.2082160351 16.7620260225 19.7556706587 27.523949594 38.9382993175 43.2730005003 46.8698256066 66.6233498173 76.8291633905 85.38966266 96.9689349686 98.1198664023 94.37445184 90.4515868859 94.7153022823 83.0790129333 64.7598397452 47.6680427425 32.36446853 25.9059156349 20.4348243777 17.7358926126 19.2326111725 20.1683021618 16.4612228273 13.691659431 17.4809936973 17.1561317333
5.57627014072 0.743433549681 0.127194198035 0.160783103029 0.451465929452 5.78820867336 6.3351728501 4.90578407104 4.55152908276 2.42993883561 0.46956251777 1.46050293348 1.39751828419 0.167474230092 0.497128023731 -3.54029468347 -10.0964319742 -19.7192953708 -26.5031318064 -26.301465528 -23.6664215004 -20.0958422065 -14.0414139827 -6.71892215785 1.63602374864 4.05453322573 2.48936350271 3.09506855336 4.87963955126 7.17623718521 7.8058867557 7.21710821665 5.93792579141 6.9893172098
16.2130425183 12.2190793964 8.41226731558 8.63028310764 9.03858037741 12.9427242277 13.1679168224 9.12069823176 11.2298031416 8.5918048319 -0.484943973899 -8.64054677379 -13.3000505739 -23.8375891068 -29.7567124769 -30.6261201949 -25.8501777558 -24.1498578802 -19.0546433041 -17.1200817505 -26.08799211 -28.0769067349 -24.1336512971 -18.1889901337 -2.87907112733 9.97903038902 8.20753661407 7.13134595368 10.3542738419 12.8207123097 17.5049942457 17.6071551793 11.4237303444 9.54121974326
7.3330271405 1.48043023676 -3.75535850882 -1.8056639608 3.87502153714 9.12020239201 3.41680604782 -0.949237655861 0.161205410087 -3.25814129693 -28.9692952966 -39.9764180708 -40.132279413 -31.1300470463 -18.2053036265 -13.4776841971 -4.584730267 8.02459605225 14.7886435912 11.4942346188 5.35661596125 6.43915302864 5.7829486608 0.74285093429 -2.04285713495 3.71677716402 5.45336658813 6.19273325855 4.06608394605 0.082016766274 6.13219655457 9.81195739494 1.14733366812 0.516706486494
9.95826232176 7.08805123352 4.89200404734 10.1340631587 16.4143164386 16.3854179198 11.6212190517 8.65098346507 8.81377835028 11.8314690273 0.295036988522 -11.376677218 -14.3370370495 -3.93181680597 2.4028892807 2.98738597825 -3.06432313593 0.175884191975 -0.821401381804 -4.48592163403 -5.98985630468 -3.59229324361 0.903845785747 1.88297169744 0.538974138262 6.54448987714 10.9216074774 10.5039385282 8.84167051905 6.06545563654 6.69527402981 7.20964543938 4.837688961 4.95292388437
7.97762646629 5.53179074983 1.01300788835 4.57375899398 6.62368428052 -2.22021232615 2.9776195139 5.99094558294 -0.968874667844 -1.14181688733 -8.53578798599 -2.99680010928 1.6774625661 10.2413791058 9.58982345459 1.02969624103 -4.30695477399 -6.66493722435 -11.2993722657 -6.82821949349 -6.99538835416 -12.2508589087 -10.785829996 -10.264376236 -8.08580602746 -7.36178068704 -1.09610557196 0.508415557028 3.43662561692 5.99784487258 -1.39679961327 0.652972502112 2.46251867727 6.10201371694
17.8162252419 11.6571115828 5.84049569903 11.5330522931 9.93304126655 2.79208166269 5.89653968599 7.16499916436 5.49432845584 -0.903973124984 -19.511006759 -27.7434307593 -27.6681236494 -27.2910309278 -31.6638890858 -31.6383381987 -30.2540359602 -27.5593702095 -23.7563690478 -17.6199558621 -12.9475947751 -10.127188173 -2.97646767171 -3.18469929516 -4.01375835926 -4.54976244199 4.39494324603 7.83097405427 9.45253361025 10.1587438298 8.22850214116 7.2227167892 9.73107497974 12.6533466627
7.78072285405 5.61450007484 -1.49284518097 2.91944816034 0.602984540899 -4.45021173544 -3.01738548845 0.0563763271084 1.33349048649 -5.8793930134 -17.8523569812 -26.3563504091 -25.7678129045 -22.1069033752 -24.2543092959 -17.4244379437 -5.83243420628 0.0639715065414 0.0863099608246 3.27215280062 3.86438643894 4.15807347757 3.84361403901 -1.06137345985 -1.30320579008 -3.1707008847 -3.30075552708 -2.68855631509 4.04830281929 4.87797832141 3.11123744452 1.44496551524 -0.155445246277 -0.0702277163422
6.25450422046 6.49281763587 7.07427730722 8.05881633146 4.8545855391 6.41536153192 7.47900413767 4.25411594697 8.14565278497 3.30108017456 -4.41542317406 -3.98365069434 -0.072272644345 8.83750479626 8.13578173849 12.4429810991 17.0600568965 17.8339921489 13.2153373851 12.5659432666 11.8615103413 2.54436012074 -3.97161377137 -2.39618851719 3.13923995672 5.68225153398 6.77954650111 8.06781821651 7.09834487604 4.35312223369 9.7185940662 8.36976806321 6.72565478948 5.67510257518
-5.51408158312 2.15614509273 5.54888574455 0.621571523289 3.75323982976 3.68574626498 3.74076885002 0.420328246236 2.50858239545 4.64738066677 0.55566373818 -11.0859270862 -13.395617144 -17.0999118563 -21.341768009 -24.9070197976 -29.6010346554 -28.0005918031 -27.6066500403 -25.9697294075 -26.8897177171 -26.5391189407 -26.1182390859 -24.3110668698 -12.3322192043 -3.54045643463 1.80354708652 2.52828748643 -0.348259583373 -3.7530230409 0.273108471779 0.656913277201 2.13230945273 6.8828292837
