-141.594322389 -138.375222195 -139.078404986 -140.265508444 -144.005457992 -143.475163611 -139.657123863 -138.916327907 -137.75155119 -84.6983505931 -47.1410820691 -50.3883916724 -59.2865626637 -47.0376323774 -37.8537869325 -42.9779236002 -52.893032719 -58.6440498801 -67.9998115798 -69.8479650063 -72.1480949167 -76.9806950223 -78.8731692281 -93.8456811914 -117.704506442 -133.874292621 -141.369947971 -141.808846065 -142.010304016 -146.277320331 -144.421455947 -144.994387272 -151.72685459
49.8081690461 46.6263101974 45.8457374062 45.2429923019 42.1571036328 44.1949870985 45.5525230194 47.5929244842 42.3103089675 41.6996341492 58.0386539602 78.4963653738 79.4260819862 60.7776379216 50.1489898 45.3237778072 44.8328701186 46.7368498656 48.1969349018 49.7364622428 48.6859280998 45.1617931968 53.6975254785 67.7310329601 68.9006766913 53.8362285133 45.90249991 47.6226365406 47.928473327 42.6753435964 39.0627516225 41.289386855 38.9200347624
12.1863287618 9.75150638579 4.39153182699 5.89253392645 5.76478527642 4.19542016871 8.68121565061 11.3490334808 2.29500885418 -5.02868978357 9.00705090433 12.8325028325 0.770741454676 -27.2607831519 -39.345821497 -38.7386646856 -30.7128920716 -23.654747977 -19.7552891368 -11.8998911652 -11.449283389 -19.0557431161 -14.2164022289 6.37142516003 20.7242768288 18.9771414898 12.966355619 14.7310533538 15.419457 10.8139296704 6.13238254672 9.46524158984 13.8527138382
17.0852964037 16.3865371744 14.565671049 13.6056869666 12.8780595819 14.4088658719 13.6151352131 15.5062047771 15.0536768012 18.2804965812 30.4856077922 42.7408572124 55.9624389022 70.6431954033 81.1456674685 82.201696031 78.8315927547 74.9497419894 70.1820446366 74.2404082225 67.0899469455 63.022399498 56.9844314212 42.040395202 31.5511944212 25.1869589606 23.9588170059 27.0004770889 28.2677576694 24.2232041087 18.7427748826 15.2074185745 14.7072474492
9.71963025776 9.0147689834 5.95339342246 6.20890484512 4.94401678824 4.32086194493 0.605003557824 1.11263288003 4.93835629927 -2.31091725113 -1.54908036186 11.6762965205 18.5742108976 25.9873518946 24.0543487791 19.8587302034 18.8585130697 16.8818953379 12.8882945173 10.7243608204 7.65132843953 10.0791292832 12.8225239867 13.5411876547 11.7959558999 9.88235607744 8.66736423189 9.03688306957 8.88770238128 6.16273997146 5.83469192184 7.26001014302 6.64123279619
11.4685504889 12.2446937056 12.5119222045 16.5919043673 17.7462077711 15.8508524232 12.4373270337 13.5850792363 14.0865056405 18.7117766271 11.6949915255 -2.22633475232 -12.4916165967 -22.6197729885 -27.0254996557 -25.7918811263 -20.4845173465 -19.4026307508 -20.9578460063 -20.266683603 -17.3094771402 -14.1158186125 -12.552171578 -2.03331461322 7.30081694203 16.7264283491 13.590043444 14.0471744901 13.5066545425 12.7518881156 15.793194817 18.0108976162 16.3269029611
5.57549326999 6.46687787763 4.13773213129 7.03949503878 6.78951345677 7.44021704249 3.82851739533 4.50457040729 5.60778521211 -10.156195918 -27.9574219205 -29.958685051 -20.1817006321 -14.7125227695 -2.90032558765 4.07559958099 2.26339686688 2.31378002453 3.93686353198 4.8394629251 5.84550205713 9.42868973715 3.9545168828 -2.66435214201 -1.37806014858 5.98336249951 5.16635716573 6.5663144564 5.30049248187 4.03714783086 2.69539910643 6.52223506901 5.64864088499
14.050438299 14.4543957751 17.7323375931 19.622661037 12.5653517686 10.215852354 10.0827024511 8.87426354392 11.1996849294 10.796323036 2.00829146592 -11.4306266749 -7.03629841208 1.2943881127 3.23711097192 5.50625896326 6.09030216685 8.42048551957 7.49805254548 5.05519376327 14.3683170886 20.3249306277 17.3631816358 13.6977585684 9.18076487115 9.62282401538 8.66407143182 10.2711835062 13.0606818279 13.6287384457 9.36051418455 9.91322046716 11.018523851
0.510219326905 0.724218087051 3.73506991482 8.2111724625 2.43755295791 4.11297577904 3.96826451936 1.89487953307 1.24216728749 -5.63754305831 -14.1089176543 -21.0147752786 -19.0759279142 -5.33628116164 0.292060694108 -1.68924077074 -0.995951476331 -3.60340880992 -8.40585740311 -5.4676315869 -3.76131747703 -1.02720097362 -2.63281584855 -1.67547165515 -1.44798924684 -0.200146732727 2.71406078859 4.5942245617 6.90100535328 5.26210274331 5.44869503691 5.33301320556 9.29222804643
3.65391950014 5.82461406834 6.78280614615 7.66093790653 4.21214858926 2.95488490124 8.64917493593 8.93685169346 6.74539876008 2.49380116228 -5.24010769351 -7.14040576021 -6.75674073826 -0.758457278577 2.51261107844 -1.42184329341 -3.64855523382 -3.60782303473 -7.90853351731 -7.88051481454 -7.88235393852 -6.0907397945 -7.40569790217 -9.77636436404 -4.54054134139 3.10723260434 9.02747966104 9.5242782103 12.6411498069 13.2378300796 11.2881249433 9.19803882399 10.6882872691
3.2243773974 4.48629839578 5.34788622204 2.11489100262 -3.60921799995 -5.56664731405 -1.43542554127 -1.75519843268 -2.93248495359 -8.64022849916 -15.6346657375 -13.4574729482 -11.40474354 -15.044676099 -20.8923098801 -18.9101786894 -11.0688876063 -7.6333410248 -9.1115799312 -6.25483679913 -2.25054792699 0.814652764756 -1.82264252778 -7.60042100831 -4.67107236996 -1.98404890201 4.57608915924 5.35820155449 4.71525418994 4.94682042254 4.21874162517 2.99977666655 7.6441503165
11.4740000424 10.9819222537 11.8776142752 9.59384299952 4.55016555946 5.98706322758 5.96528902502 4.99542883483 6.47377779174 -1.32698842618 -3.34806949599 -2.7656623688 -0.306041655554 4.715076493 7.0693716335 12.2385166455 16.7120018184 17.1021033463 11.9887589547 6.93101691417 9.97249344234 11.8372683619 13.8420618892 11.7754669495 4.61701082972 3.3230802058 5.88145961566 2.79057067154 5.43731423941 8.82357653377 8.22328084552 5.906345223 8.65746857445
2.60124124951 3.94006665793 2.55458702535 2.34565629671 4.68134801798 5.26025477071 1.1289879256 -2.00299375009 1.62586271464 5.38304443769 4.54822065682 3.54352636746 8.24743702152 9.89154970993 3.43755679928 -5.81562332153 -10.0079056346 -13.5974462402 -14.5942678899 -13.1564503607 -14.3096101267 -14.0558997036 -10.8055462012 -7.27123859269 -3.63667720103 -4.54590162108 -6.58996496878 -9.72879417202 -3.57067312832 -0.0982307002886 -0.0849405950347 1.15209002111 2.71395315146
