-293.225494931 -279.558787995 -277.984182731 -279.808251485 -277.076370702 -280.982198145 -275.814236298 -269.226243132 -271.02336745 -276.272438126 -222.220929984 -107.630545409 -49.4715796291 -47.1395369722 -65.7328816074 -66.8108462824 -60.6022819065 -63.684542342 -74.9242773967 -79.5065155604 -79.3941631033 -80.9015138415 -97.3079326595 -138.807163919 -187.01124899 -227.871454496 -253.06811751 -267.152543292 -271.77402816 -278.77302646 -279.235115813 -282.181685858 -275.734803774 -273.493599003 -281.778776687 -281.922686824 -285.611251038
27.3587699845 37.8059939643 42.0109399133 36.6747955045 35.4545893937 32.4296757771 33.3004233017 37.2654261085 39.2686406996 35.8048598763 36.7377325915 68.5623141575 73.5537993165 72.2057052034 80.5623700785 69.6256628056 49.1719913564 27.343199716 12.1762723312 11.5503704606 16.6771416748 21.770375895 38.5872745004 59.2376410658 63.675273317 61.3208017164 56.5271566029 49.4787276561 43.162861218 38.4997054413 35.9692529534 29.7285810845 37.1298943762 42.9391280768 37.9920252981 39.4045442244 35.7504950008
-3.9445566208 3.40832485605 10.523898075 7.74542525412 5.27535170961 0.543139518999 -2.22068475178 -2.21745043545 6.02540809411 4.67376377346 10.5114157025 7.48680068058 -11.1679470344 -21.3152275988 -24.6352806496 -32.4345142158 -27.0755012292 -21.9795329823 -13.7207731752 -10.6346636237 -11.9320172356 -15.3296388404 -10.6049158976 2.60267012111 14.5509655139 14.4246720691 13.5839209771 9.64859694248 12.435498269 12.4527628623 6.42766554727 -0.546414844951 -1.15752719028 1.79551975528 4.29531263758 8.261875631 8.49945011182
16.0195153339 14.792254403 14.6090272087 14.8113670132 14.8380081363 16.417626227 19.5021303082 20.3771604419 18.3869400397 19.2676390783 42.5493513803 45.3962950598 42.7839626726 38.5375673012 32.1608475085 33.7834176069 46.6936528024 57.5557997815 69.6208641105 76.7009834965 74.3983595124 76.2148355159 82.484062173 83.8172115039 70.2625690978 52.9768126634 36.5483264746 25.3837957205 23.4416973544 21.7501264564 18.6678281008 14.7429158752 14.2933549283 16.2072611733 16.5731683846 11.9178181188 6.25137880793
4.51704452247 1.12406333595 -0.643977119949 -0.669989528265 -0.531694125026 4.53176384424 8.39239318756 9.09391173404 5.03409815096 5.86028351357 1.73103000765 1.1611786585 3.29692584997 5.34172140901 13.9055039168 28.320656639 30.8765769677 27.8050625384 26.3181079941 26.9693274004 23.8477067533 22.5945927628 28.4865578215 31.8247678311 27.6453166614 26.5000735725 20.2687905748 12.5723948613 8.42038092007 4.93642437818 1.67468237711 3.62465390936 4.82966804023 5.86026986571 4.89084107866 4.00689351293 4.32010493599
16.7410987654 10.400903623 3.38140068549 8.78547557062 9.45272546889 9.29926532248 8.54316219973 7.36754242522 11.0002633427 8.81200405531 16.4151911417 16.8453752174 11.0369905662 4.85617426251 7.37059344926 8.82032132375 7.11116551027 5.19661443593 -3.66151441156 -5.74730580427 -8.9330484044 -9.14963038622 -7.28400694177 -4.43015902706 10.9897921843 16.8212225414 16.6274874853 13.673684624 13.5744308159 7.69598208846 7.30502699771 10.8762087187 16.9353283298 17.3911652317 15.3778094138 14.7808505828 10.3961845623
8.85118570055 3.30447739228 -1.41679130813 2.78714976429 0.554150832562 -0.602716983114 3.53903576833 1.02925303758 3.9219477152 2.77547934166 -21.4457993107 -42.0994211485 -47.1156539761 -44.8579626891 -37.7235523766 -41.1811031396 -51.3228025689 -50.6871689011 -46.5819638773 -42.0204182546 -42.1129117426 -39.2032984861 -32.6786104752 -26.1431932108 -13.8977767542 -0.700059973466 4.29066783594 2.1032055751 4.04411238596 1.68611304896 -3.96647604762 0.266879251021 -0.662350520393 3.1239053877 3.90712437467 3.89335744196 -2.39283677174
9.5491246239 8.84168535762 6.88001378982 7.52370618043 5.13401896064 5.25625076177 14.3263840789 13.5522471316 8.15674855395 12.29085044 2.62800686772 5.91298678018 10.0585256137 12.4391974222 12.411237398 10.5125688131 23.05180656 33.7251000148 36.1833031211 38.7443207736 37.6484807204 35.2744886026 31.9945420101 26.4277137094 21.3421925247 20.8255565145 15.8064952127 13.0577978485 11.091347888 10.0965215498 6.71915619431 11.6617063321 7.93856146581 6.88564026793 8.37371917447 6.47969414163 2.11296448428
-1.34773897962 0.289911667679 1.65755196579 1.13355820061 -4.15564513338 -1.38407902837 0.544410333259 0.494810770454 2.28702853412 2.87403620985 3.72684494335 -9.87544892138 -16.6272785453 -17.710981601 -15.1195283783 -8.19784876449 -7.16907659031 -11.4655550821 -15.0533661213 -12.5252904518 -9.09111160224 -9.87286226118 -8.96407124853 -2.94218701802 0.661696239623 4.41815179821 0.511472651788 1.22887235975 3.74629354816 2.32632549291 3.46397148684 9.00341953882 -1.53617508351 -4.56501484165 3.48381745672 8.13059030065 6.07474448232
1.05873179499 4.78696487822 11.8085999374 8.50806069128 4.41980920573 7.6742992022 3.46695368605 2.58588466038 9.71586031043 8.35229964979 -9.33852990634 -7.37069875161 -1.63417420377 2.52339248601 6.52033712407 9.96235780939 15.1864581553 12.30857274 8.69042352708 6.73723305805 5.63573528639 3.35027847888 -0.561767726072 -10.4724071847 -12.3458572731 -8.31463491045 -2.92508809779 3.48883324441 7.21953754651 10.7279159772 11.1869642002 9.47215809041 6.8906410941 5.48829502014 7.25104806876 12.5169509509 6.06776947209
0.285545100115 -2.04442571035 5.33549709429 5.52156797867 0.0305306705245 -0.505456584555 1.94661176282 3.79465658147 3.49594274085 4.84747881807 -5.93347017585 -9.63490742705 -14.4218244803 -17.6737692097 -16.1336612789 -31.5978241866 -36.1427658624 -34.047194287 -31.5390991288 -30.1866348627 -29.2401926375 -27.6467097251 -29.0281748531 -29.4343150281 -21.303778876 -9.29009884121 -7.85182675208 -7.72244654015 -3.2488364014 5.91996337164 3.66310148666 2.36970677127 4.38172012371 2.70524942511 -0.480934887524 2.16122218996 0.688704764501
3.98880882833 1.8644816684 7.61565687047 10.209425821 13.4967905379 13.5321844642 9.33007554914 9.73314827729 4.15446288177 7.23731203427 13.2020124471 12.2948745183 9.15079648372 6.73796533601 7.70836196089 7.17876533963 1.79416932755 0.578917486577 2.47082952952 6.66938263331 8.74353641475 8.47645532598 7.15490624046 2.07830014572 0.59551418724 0.45632392419 4.03340166589 3.22769061083 5.48270587027 9.29160199019 6.53592964243 3.28031321536 9.33741679428 11.5185617378 9.47778165314 7.20945194458 6.66778785912
1.37300925371 1.22007574979 -0.122400048974 -0.0197356435619 4.37510197811 3.20463237353 -3.09159495985 -3.15835950369 -3.86274190428 -4.18084596446 -5.52953358047 -18.1895872136 -14.0834211784 -9.15881536813 -7.14734602798 -11.124055683 -5.57843660098 -4.92543175479 -6.83317174447 -1.07538739966 -2.46822004163 -6.5023869541 -9.34776024399 -9.78177960524 -12.6794669449 -12.4086479873 -2.97188224887 -4.21288841151 -1.74827380663 3.0641783325 2.37659349065 -2.35422441203 -0.542433333484 4.07669285384 4.23801884992 1.03230462923 -0.817980851271
