-266.765883682 -257.186646187 -256.756242961 -258.208322557 -261.240900735 -268.222186 -269.608949434 -267.422800682 -265.661178743 -250.448671512 -167.273340768 -88.9536963779 -74.9193987855 -100.730376153 -79.1516789522 -54.1648633932 -56.6334699076 -61.658705866 -68.8582539374 -67.2531572612 -68.6191900705 -74.417765825 -100.081174125 -147.573943342 -192.543838254 -224.492182455 -244.751992431 -255.936141913 -262.927357048 -268.831358548 -264.883868488 -262.731267487 -261.095894055 -266.065461975 -264.191477745 -268.300507208
34.7319504944 42.4322801494 41.9631436264 42.7311072094 40.1840141761 33.2862869826 33.4887342333 32.9716666755 35.1857192763 45.6238406205 73.3735856949 78.0761154116 76.6175577682 77.9670141394 83.1075429078 71.4161131256 42.3020301773 22.9276608621 6.50456754098 7.56208608637 17.378573512 32.1958362786 48.6017931319 61.1798102081 67.7794349818 64.6631307023 55.8370741831 47.5013552939 43.5369542398 38.044489367 37.1026421433 36.7896091046 40.6688797722 37.3842300397 34.0113307385 32.3463105239
6.75575666786 7.93357243612 6.54849190066 7.67344742436 6.55131170967 4.8868112495 8.83694052765 2.22178815823 1.64644453524 7.76823509831 13.5457971107 -1.76492549996 -9.2429896599 -9.80117751754 -18.9151989667 -21.3606577641 -23.3185251755 -21.5307981922 -19.4865274463 -20.9190234597 -18.946950407 -18.9157889874 -11.3352925059 10.0125109314 17.2644771102 15.2811494441 14.5259833435 9.88980057915 8.54496381273 6.78220160198 3.76925649587 -0.398237314439 0.382586239403 1.55217173657 1.91174444027 1.92284999651
16.3779234832 17.5555606959 19.6215462024 17.2767521777 18.795056633 20.9036857871 19.2420197815 12.28132102 10.2047242007 12.040589831 29.2989616846 41.2071568872 43.4811583656 43.022453258 42.9104230103 49.4880775796 61.6209694312 70.4978906095 76.0722578033 77.6615212818 78.581022225 80.3829417891 81.1533954701 75.7004980055 61.5962788361 38.0980649185 32.4072734598 27.4941353202 21.2655923121 14.8196998387 14.3791742017 12.6957121048 15.3000172657 15.1221550878 13.6671248711 14.1813039186
5.68501456445 4.87683229219 6.25172721824 5.99088486627 5.87735354996 9.24481318753 4.03636434553 -1.36891173253 -1.48930242996 -9.49559450268 -4.05938269242 1.64369720501 2.49858411612 14.9091197161 25.89299727 29.3298414404 30.2912810576 23.8001410349 21.5164050795 21.8969753477 22.4369388184 21.1849278574 25.659538005 31.4174842618 28.4816326066 20.6404276585 16.0989891793 12.1794986983 8.88640128901 8.70075776739 5.31604595928 4.99845169852 7.63008811205 3.67508444987 5.79070139582 7.55156067674
16.3846397503 11.6188689456 12.6328581297 12.3425637715 11.2050086049 9.47365447961 9.43605885945 11.424361576 11.8981968246 6.49528511183 10.6124129345 17.1500297779 15.3821158104 10.2429042468 2.31277898353 -1.16234907291 3.07979423522 2.84185193223 7.30926485959 3.75926194282 -4.982114071 -10.4807477213 -4.34709831228 3.22679010623 5.8041366236 13.9420534753 16.9018339606 11.8333838299 13.2203339449 17.3326479111 13.1219392482 13.8307609052 9.61484841638 3.85739665526 11.3727466308 13.5896485559
-1.29597577833 1.21586591123 5.57004884018 3.57817277633 3.75641841189 0.0532086538186 -1.23455748533 1.21746424954 3.61482446296 -5.70696323471 -32.8538865438 -45.6603008257 -42.9551972531 -31.792727509 -33.2974896231 -41.0651752289 -46.1974791507 -47.2785135231 -41.4435665441 -41.8928801663 -43.6802619567 -41.3913642237 -34.0294876565 -22.3447934018 -7.3626487897 6.50391201296 9.72870428637 4.21615572879 4.74021422598 1.78064806524 0.168546310632 3.21532813044 3.27337370585 0.443410884941 2.5660986105 3.85113756143
7.75789410792 10.6264770301 9.96582454025 9.4411524694 11.5807214464 8.86182926403 9.76389392316 11.6676138861 10.5621646774 9.69302981569 5.96039147863 3.65364088408 3.88296122548 4.79089352052 6.6996432027 15.66486211 24.0571363203 26.1884217263 32.8561083535 41.3346410406 43.4740984537 42.4541439762 35.753526649 23.0653266956 16.2460015216 19.0394213123 16.245769196 14.7275223793 10.5827228532 4.91698186762 6.14688770779 9.43683648511 10.8023998252 10.9622602774 8.74570987424 5.79050325853
-1.67264997522 0.952989527473 3.28380910637 3.5059351987 3.89574278491 2.58085199123 3.36307217406 2.70305393545 6.07088146164 4.04079503134 -3.44448348311 -11.9684570557 -18.0779038719 -19.5597588454 -13.6360835514 -12.6188860017 -17.7297475048 -19.2741609759 -14.6142908352 -10.8364658627 -9.85456464667 -6.68719885514 -6.77058733986 -4.40673059466 -1.10407206448 5.84699919461 6.71218539839 4.26656223797 2.54548883172 0.735087718059 2.61277135697 3.00119237032 3.52586609839 4.64648952066 4.58912523007 4.28153400614
2.59184951849 7.30427594382 6.18859705909 3.848923884 8.57309739007 12.416973201 6.07375625126 0.799204550291 7.33909767456 6.56141180073 -6.35314567782 -6.82392336955 -5.68440270067 2.65912822753 11.0760468903 10.4993956089 6.45930316462 -0.401726828063 -5.95215446386 -7.79765424605 -4.09320405748 -2.54370068882 -7.98685614118 -13.3969777306 -10.0850251606 -0.693407712194 4.82409723125 8.27184138146 6.50200854847 8.44409317239 10.2193839108 12.0602696403 10.9429915566 8.25881785384 7.76047271657 10.6788425323
-0.772233379337 -1.33786220689 -3.22961853268 -2.02909735639 2.71790320184 2.49531110398 -3.35586692518 -4.40512573266 -0.655875284861 -1.63780785337 -10.0237724229 -17.3593260983 -17.8625046306 -12.9748828102 -32.5655837184 -42.4899947108 -38.9626997196 -35.7347742418 -34.5915509779 -33.2598033761 -29.6169483914 -29.5752788412 -28.294713187 -25.1171133296 -12.3051920064 -9.48279905918 -3.82165822271 -0.613081161461 -1.12915495576 0.294845784701 -0.141923579408 4.37569278634 0.0891066310813 -2.55385585371 2.33013967818 4.10737116405
6.24540663932 4.47985877217 1.70793286789 4.1607716293 6.65498551485 3.83169995922 3.6266308685 3.74143459073 4.88487501419 6.58678867434 2.08302133138 0.625089563162 -1.4799484686 -3.65050785901 -5.74672245771 -6.22887224115 -4.10662072805 -1.21500899848 1.03196405155 6.71667056009 13.389103809 11.1073458783 6.37336103491 6.66756057154 5.33667643266 1.97635449655 2.96515519457 6.40862447852 5.69768598006 7.5189757454 10.0767467255 12.1894957465 7.83928585221 6.66975042815 8.43739528473 10.4059522992
5.40370180692 2.66629776995 0.709662603869 -1.17188314688 -0.283449921978 -1.67433719261 -1.21372729534 -2.28011272961 0.737327289487 3.82362296009 -9.35637027062 -17.7532790616 -20.4290354373 -16.7199863436 -12.9322706106 -7.7956471922 -0.908384389663 -2.53640215546 -7.21716518269 -8.49804064403 -7.51980335228 -9.76252645648 -14.3688024685 -14.8721308395 -11.3739315916 -5.10648763942 -2.18990645074 0.87528200554 2.85672732328 -1.51771885615 -0.992096603015 -1.37192688736 -4.6427569157 -3.3441593407 -1.1837782623 2.23002981925
