-163.596472416 -161.979264268 -166.574196368 -166.999442722 -170.371978415 -169.15242507 -168.284546981 -172.722935043 -172.54026844 -158.264188083 -74.6099279489 -33.9271580273 -43.0944200014 -67.9253258195 -60.7441031633 -62.5278512288 -71.6051788647 -74.9887153796 -76.3440760109 -78.6494490424 -79.8158660622 -81.4747318247 -92.0817175671 -100.342483159 -89.4501849437 -91.896308159 -129.894626468 -161.034425589 -166.573513457 -171.512298652 -158.053249649 -147.522636995 -155.73976304 -165.004371914 -167.498774035 -168.3098452
48.9721796241 49.9255067741 41.5911443903 39.1350787537 38.2049397796 39.3932977031 41.4737482804 43.22189845 41.7515766852 43.5120854378 77.752701248 96.5201822819 93.4395949989 72.4063979413 73.3239733758 70.1965481336 53.7206994055 51.0597994671 47.6401342053 45.5564465071 49.2712006472 56.78619654 62.3853024448 62.5951096602 68.299224628 78.0379947453 71.9244387701 50.2381272015 44.474925509 40.5481109669 30.2547843894 25.7737486044 34.1510449445 38.8061786063 43.2470920524 42.3911179104
10.6203539488 9.2457309198 4.71859020705 3.12885370575 3.11979899659 1.054170944 5.03583523247 12.0447918224 8.76476781143 12.5045278423 5.17185371579 -19.2534371673 -21.1664097623 -17.7543020337 -28.08584347 -27.5355647941 -23.3422819296 -22.0151804694 -19.1788630958 -10.9978868853 -13.5737660767 -20.1585345339 -16.065769062 -13.1067262277 -11.9297986812 -0.87481137645 15.3021808092 16.5733289095 11.8998427698 8.02973277398 2.62651696386 6.92285560524 11.9012157228 10.383397562 10.4993006887 14.8868721337
20.7422939949 19.8509129461 17.6676313462 14.6212491108 13.8171914486 16.2002519621 22.1580250046 23.8822007486 22.0903541441 25.2962057765 24.0986098147 21.3540256349 29.2214572517 46.0081703864 52.2289522167 54.8268884622 67.0411682737 65.0561191164 61.7709007922 63.16286975 63.5335440484 60.788230107 53.9544590947 46.0077525482 42.9145851097 45.9369047571 39.089166977 32.2155467488 25.383275656 17.392764599 26.8606712236 33.9786518058 27.8095042294 23.2478107783 22.1420552616 19.8747963463
3.06636050559 3.59810774364 5.92156465792 2.67394418218 3.3435167926 7.5848943734 7.99150488089 6.31418821246 7.88885775496 12.822752369 14.1473280197 17.1246316867 12.9432565035 10.8664441858 23.7039013073 29.8106518971 28.5690029896 24.3053540983 21.9698348046 17.1156111527 19.5362122318 21.0466400564 16.103468974 10.0677369333 7.70853530611 13.4478009008 17.6465245733 15.2348988193 8.33018763516 3.718168242 0.56880678075 -1.5839737556 -1.49453342986 2.42830414313 2.18978390261 2.48453789309
9.64668413746 7.93489732654 12.3430081064 10.9279545781 11.587333539 14.4480184767 13.3089862857 12.4657364497 15.4930017458 19.0266548109 0.935681037725 -12.3332653977 -16.5958575205 -13.1240116691 -17.0121135994 -23.9964174857 -29.7816856548 -31.1438622912 -24.5125201762 -25.2686316093 -27.1253793336 -30.3766155672 -27.3727136907 -24.9363853936 -30.6716171425 -24.420909757 -7.1101447092 9.65828392252 10.6582764117 11.2807094192 18.1872446173 21.1790728622 18.3205236173 16.1093688158 10.8980469416 7.5659473135
8.74573728309 2.86630267631 2.47800506154 2.28479178264 3.11233247253 5.92137326122 4.07187266742 4.1424266513 10.103880841 8.06418372281 -33.0668125648 -44.855281906 -38.0951411687 -14.9961120713 -20.9550859367 -26.4363861102 -17.5456900875 -14.7869562718 -7.82648913432 -4.96001995528 -6.30253021373 -8.76866195906 -12.7735237556 -13.9866746769 -22.1514686462 -18.7751996187 -13.0376840201 -3.4981349194 0.552062284809 1.54923725832 2.54041289396 9.08611461483 7.35168223399 6.89381347664 5.08801518548 4.97987753998
17.8677884085 12.6696322258 6.52320408592 6.92813003741 7.40033785022 4.85266952912 5.58818729705 8.56673369605 13.3910175616 16.0147305218 -11.5480571358 -14.2725661038 -13.7184491521 -15.2181241575 -8.92281098746 3.87404343449 16.7930741657 23.1226335678 20.9727136429 22.9815555726 22.6125842066 21.1411806852 20.5477903085 17.2418206373 13.8522231174 15.0255289426 12.6220317027 8.69674651328 11.4321098285 11.0492074409 6.67211168329 12.4023187823 13.6186109296 12.0799559511 10.2411653904 11.400479121
6.30354106894 5.04721736646 0.942515867652 2.06357021118 -0.636081542222 -2.86676388758 -0.0962481752811 1.4334126722 2.59807413492 -0.898015297782 -16.7162652441 -18.1105825603 -16.3794840129 -18.0272277991 -10.6079268673 -6.21569669788 -13.5681063976 -18.986919382 -16.8360798557 -19.3409001893 -19.4836458648 -16.8208738551 -13.2327283836 -12.6072710071 -14.6206719127 -12.7437826994 -7.00766846578 0.355504987591 0.507153925704 2.73904826173 3.71163127825 5.21224399492 1.44964692604 -2.28061662987 -0.901930597239 8.11784601978
10.7799589612 8.69786983105 6.42512205919 7.57905246535 3.71345942266 4.90464911649 8.39554756278 5.32413163752 9.40594997968 8.4276894399 2.51199896486 -1.37577990341 6.1219162403 18.3374250718 10.6117922751 -1.59912205727 -0.0529904930496 1.24089889022 2.01965585266 -1.05588499329 -4.2661622999 -6.37862181038 -9.99935622175 -18.1489770482 -18.4436039244 -17.8326382627 -11.710208193 0.624943390632 4.51577840189 9.47754190606 13.7649682247 12.8256754496 5.17137852417 5.60050765873 13.7219685599 14.2382645001
-2.8311357146 0.966425739572 1.88229240619 2.36733424798 -0.897931227866 -1.01424243145 2.58780128597 3.30717898315 7.16238717535 4.6091832989 -7.1241402571 -9.5453562883 -7.11481787489 -5.51879841728 -9.39239249493 -10.3357743638 -3.68182125214 1.12941934444 0.418593937048 -0.844984544341 -1.46576650549 -2.96156244048 0.316437891459 -5.63601111365 -5.57197565044 -3.32182207239 0.950992012487 1.0273408945 1.26217508311 1.52715230708 4.49213157773 4.53592893545 1.11471201696 1.55687183585 6.44258297819 7.6852321926
4.33369239019 6.17080092179 8.41173301011 10.2113013631 6.74258508851 2.90209848976 6.27312851867 13.4542560735 15.9098400248 14.0898347273 2.19962323389 -0.767823452841 -2.37479112563 -5.59441929532 1.37408545316 13.6435807437 18.8167270003 13.4819535846 8.33850983526 6.44549135525 9.31670187316 13.4502424831 16.128800315 16.296049746 23.5931080495 24.0315037667 18.4755221096 8.74048378053 9.33355688573 7.49470959241 11.4936168538 9.44594690885 7.903429896 11.3023956029 13.7449715034 12.2825447349
3.76861695524 1.49974451692 0.294096195918 0.918625018048 -2.56049108407 0.157707745679 2.48133230715 6.17746401092 11.7817692747 8.33588596336 8.33196060011 2.62019051838 2.19311068718 4.62444685602 7.6705294496 1.32485717962 -0.625565760207 -2.39034347162 -6.45318593124 -8.49179875062 -8.6895934509 -9.8374727839 -7.97390927335 -5.57434824963 0.447054081462 2.58682520034 2.66412305053 -2.28220623482 -1.0515127219 2.97624697115 8.36793094652 3.09199140349 2.31030254877 6.37930328818 5.14103444955 2.96500927719
