-144.030594863 -134.085543201 -133.139086139 -131.532561555 -132.818931744 -135.978433701 -140.341122782 -136.195406594 -129.521621516 -114.369363265 -48.895594308 -23.2107241198 -31.6495902301 -37.7095007393 -44.8032950003 -50.5663353656 -53.6728012097 -60.3087415423 -64.1923328074 -73.8243489168 -79.4447427397 -88.9928358464 -109.326808538 -121.819569926 -127.384963151 -131.408594642 -138.916198839 -135.887288256 -135.427150293 -140.416356449 -141.451827639 -134.349611364 -130.938306179 -137.171487312
46.5001073553 49.1929756975 46.5718414446 49.735285578 51.4941855901 50.7321573445 46.6611775599 46.4283188019 50.31494598 50.4283237709 74.606787678 89.9606673705 82.9121813186 72.5850615087 66.0059126849 56.6425396048 55.4662154193 53.5831803783 50.0523386599 50.8404060251 56.3156901097 60.2337959125 57.2173805074 54.8604085809 54.0981160225 53.7497698578 47.6071764312 42.8717788787 44.4522754231 40.3852391453 36.6299026067 44.0823065039 45.8241909407 35.8733517129
18.9846545475 15.8361864715 12.8241807887 15.121438057 15.8729560624 17.1414774821 12.8262069673 12.1916278149 14.5621357941 10.2855315376 7.34928482268 4.75648223967 1.61070962733 -9.63536931985 -19.7930839724 -15.8750639744 -7.73495900618 -0.311350490153 1.69501056691 5.70871268698 12.7445888032 15.4826283191 13.9403554229 18.3591416632 21.9077474337 20.7446261227 17.5807161201 10.841495869 10.9522016699 13.1008617714 9.80195957785 10.4250864823 9.38238376753 5.17503349373
22.0003501292 21.4960172064 23.1541381169 23.0193923377 23.6876719761 22.4775942469 20.3614361483 25.6557522099 30.2130597087 25.0751274726 21.5993271019 23.9411538647 37.638215638 47.0168622873 44.0331291487 50.65081676 55.8851007249 60.3638373737 64.447656394 62.1462146918 53.9670966618 48.5039694555 38.3144329372 29.3529488598 32.766256292 25.0466406615 21.1032130697 20.1453332889 22.6859330757 23.8072341651 23.433931609 21.0129967535 22.3793135459 23.3612221204
19.4076886623 13.1502577257 6.20436253755 4.41024893685 7.77814666896 7.80490255307 9.20348157875 9.15216735912 9.53474293214 8.24368216343 8.47140106295 15.4324990013 11.7767004794 19.1603275169 26.7813751191 28.2260614438 26.8004864049 19.4414108902 11.1528780442 6.07164066734 -0.354601371805 2.92833879118 12.403169557 15.3001715354 18.4943507646 9.04873628056 6.54156758313 9.73480053088 13.1449301391 7.38395944233 8.70639324636 9.50489801945 9.29252164586 11.6210293293
22.8310677938 19.6104984143 18.460876065 14.5350047195 18.4879190909 18.5101040294 15.9773941426 13.056708659 15.7784277388 16.6943847046 8.09787305112 1.17179486771 5.23606688269 3.559667648 -3.97472641694 -9.07363555733 -10.9801698827 -12.2601771182 -11.518291835 -14.088577116 -10.4251304542 1.61528789784 12.803613879 20.3292413346 20.4682905826 16.7934817739 17.2662058189 16.9559638041 15.6683261194 9.91521043809 18.5245291344 15.1189530653 11.020431604 14.1604618196
6.50502987163 7.06089814492 10.3115224448 6.22214412597 4.56669656741 5.9977670399 7.71841217745 6.35988118455 6.93265001424 7.13481947632 -14.2979384482 -27.1058961391 -17.5291192531 -13.2304151436 -8.60479342126 -2.4056321319 5.44214913653 13.4174958133 17.2001951237 15.9967649415 12.903863958 15.8937683861 16.2296187556 11.0626192098 6.95407826573 9.14839004313 7.49264655071 4.37242775168 1.89700458979 -0.0769526424123 8.51727513228 5.57913696798 4.18184868324 5.9578927779
9.49738210798 11.5009400299 16.1257040357 14.6804945064 11.8580552112 11.0166809931 13.9981625741 13.4915257499 14.0530709514 15.5315393151 -0.483595820116 -8.87939522668 -14.128208225 -6.81996481711 5.76227596903 12.9790623193 16.5366468299 14.4642714656 7.72435403435 7.4626333793 9.60852523475 10.9789160188 11.0355913944 12.2763738662 6.01030958508 12.0358349595 13.3517317731 13.3940950688 9.44944612272 10.7540710903 14.4727445321 13.2767879655 7.5669513602 7.56804343623
8.76175294801 8.14981158148 8.34477214011 8.24159987703 8.50355051712 6.86696656846 5.47150093857 3.38897873229 0.0861842011347 -0.766047372358 -12.4987517296 -9.86672891987 1.1165141178 12.5485752067 8.82576555887 1.73450143247 -3.07419211692 -7.76861215132 -13.6157854785 -17.1645106875 -11.4459418342 -5.80752674137 -1.03254207195 4.76747349965 3.18384102204 3.0300166274 8.2395734715 10.2738646319 6.77775810779 9.77933803074 7.13162810415 3.86667943599 2.64072410559 5.36977311744
3.80027563547 9.9222002083 14.5326726055 10.3701956076 13.8156331577 19.7929956341 16.9518254971 13.6096412498 11.9249057072 11.7713604004 5.64646307195 8.72460700758 9.24025507649 3.21334267669 -0.0822990841632 -2.94963291012 -1.36489898108 2.3625806561 3.17607572874 3.65803485384 2.75918113244 5.30391369792 8.43539953767 9.24437585065 11.5412211979 8.66380864374 8.94379905193 12.8488221985 13.6436273441 17.4422121636 16.7871767028 13.7882430397 12.1136038744 7.10048518885
1.60022200886 3.75315576085 7.18634970712 4.20907638938 7.04349561574 11.5393366698 13.3803444367 8.94078815786 8.7040365371 4.45635767221 -12.3563884743 -15.1231251712 -17.8568619088 -21.4991079133 -19.9985485197 -7.51996960072 -1.23451743073 1.69335839574 -0.362611139514 -0.896939877788 -3.84241452523 -1.11273335755 3.01645130269 4.01327068221 4.0827571401 0.919826177635 2.44324755584 7.07357393003 6.49493109606 3.96324640429 4.98121098325 5.26716114269 9.80058788557 9.26614813606
8.3246231875 7.69398282435 9.35848127469 12.8384338262 15.2433237928 13.1452884415 13.9961279305 8.88130101213 8.86899665822 12.094052717 6.053587478 5.16616177807 6.00928997807 10.5141345835 15.4570897738 19.9651091384 15.1525730868 9.55235107701 3.72121658024 -0.540839881063 -3.96003080221 -3.7649535494 1.99517951361 8.08224345273 3.46138343476 5.10809576009 7.11006691297 11.7210120863 14.152997708 10.6855000651 9.7042830899 8.02080445493 12.9852587098 14.4685327097
4.77268099277 2.13360638231 -4.28792471624 -2.34249904822 4.44250065914 1.14606935727 0.382757320055 -1.89821057576 2.87740531771 7.33252892565 9.36075478736 2.9243727673 -0.426175019654 5.49824351968 3.30663806894 -4.41711767215 -8.04946859589 -6.23310901673 -8.34982023527 -8.3281743797 -8.29902500798 -6.61631847846 -10.4999374264 -7.9547022 -7.85777997951 -7.75414060174 -2.50789489274 1.72406194183 4.10354328974 2.20863481737 -0.0103420200387 1.61206306041 3.72714871927 6.84398419556
