-52.1601962975 -27.8872638427 -34.9342372194 -78.3161223995 -94.8198406145 -87.7260316432 -85.3426482476 -104.078617547 -129.982953368 -147.38371218 -149.113897795 -135.254960273 -143.90059788 -155.941490357 -144.781737545 -117.571364749 -96.6547148749 -93.1416825726 -111.020072991 -158.825037699 -205.145667587 -230.753975533 -252.15828307 -259.671206291 -262.477392568 -268.0596258 -265.85105897 -264.719607761 -264.475270161 -263.635361548 -268.351732918
80.2363630936 72.3233827259 68.6360975243 79.7985121961 78.3665201636 47.5198846522 18.1145341015 9.54139942546 13.497089823 17.1386334444 24.7223664737 32.7058754658 34.0066951475 26.9578153538 15.4355408714 24.3369999119 41.1880196321 59.3385545005 65.9073220092 67.7751930749 60.4729300707 54.7633617925 47.4659301211 47.7843408756 43.8272839462 39.9699663153 43.5590265747 42.2893653903 41.9194481227 43.1084578126 45.045542103
-29.1670463035 -43.2617745892 -48.9631400203 -39.3629436893 -36.7648433884 -48.1981386248 -40.7379021667 -20.3649309373 -9.62331994768 -6.1229804455 1.14658724525 -1.44451946082 0.8060071789 1.35846296875 -4.47947608397 -7.26868221164 -6.35923580432 -13.3208238321 -14.0341779965 -1.1731945529 5.81153333858 6.75611566248 5.26061256348 8.13452906095 11.3874774733 8.23419526621 5.09362698355 6.69025029167 6.74907054122 5.64891730604 8.78834333924
44.3985459141 47.3091252559 56.0086075847 60.2985465883 60.7535889481 77.562987756 84.8178610314 86.8090754885 82.7101632296 78.7679715835 77.4759293702 75.0501485163 67.6585213903 67.0526758739 78.5795627502 84.3749009337 85.9930188723 82.871161529 72.7007591762 58.6685078283 44.4864903147 31.5247626915 22.8455609769 20.9497293673 24.169174901 20.5861624809 22.0794591629 22.7964647193 21.0153346514 17.1457445975 10.4216636381
24.6140053764 17.5134022051 15.5620764633 11.1366398497 13.9871019778 15.9886584705 6.56788016924 1.14148377305 -3.75224028553 -4.1418505235 -7.88046557711 -8.59431543061 -4.26194112906 -5.50688262468 -14.6399796773 -20.3988213356 -18.9619003725 -16.5123733326 -9.44987695977 -4.78524299815 -3.37204382523 4.32284110212 5.18446488783 10.9319466107 14.167825953 11.3198536409 10.3853954157 13.589496923 8.35592860683 5.44535520994 4.86308210982
-31.6945407831 -34.2855942975 -33.2288112806 -25.2707797742 -21.7330766573 -35.3798884657 -37.9934892708 -33.3374521931 -28.2521374349 -22.1165498627 -10.8714156127 -4.32536615099 -12.8719474553 -20.2619095643 -16.6111440224 -25.7694209651 -38.4924738617 -47.2455782992 -44.9910300343 -30.5005255715 -12.6597523166 -2.3184263031 1.56127545602 11.1030577202 18.5945447387 20.3880526979 15.6292328601 17.2871660449 7.43654087686 6.22497673757 6.91966285213
-44.6026744267 -41.4770752284 -38.9610722218 -38.0929166796 -35.0731760284 -23.4849651692 -7.63745855583 4.88785597509 7.97750667413 7.39369970692 10.0034079667 3.48273905041 1.23633150156 3.91806318394 9.03441463159 8.95783073951 1.72241851146 -11.7595938011 -14.5969353723 -10.0948481889 -6.49621608275 -3.4377653691 -5.80302951529 -3.08370545029 3.45438379541 9.20992909261 6.52571150384 0.441417232387 -2.89495264055 2.93384673627 5.34715926395
-33.0606639093 -27.6743733792 -21.5836950975 -11.0628161088 -4.8804183728 -3.71554149571 1.19753501658 0.0178412877381 1.38795667673 -1.39824910458 -5.79898344432 -10.4428086317 -6.26847193095 1.46776681098 -0.486790032494 -3.38152378058 -6.08315170374 -5.90661436208 -0.974789687833 11.257781638 14.4266307693 14.5619385558 10.2384161568 6.55187486262 9.81387737431 13.1891284488 5.56414826607 3.69910738662 6.83709417383 14.6342550479 16.5655256574
3.14250633726 4.5499955314 5.56419128453 6.48625557331 6.99444244634 -1.25987199962 -4.93249932157 -10.9387787759 -13.1607879301 -12.9264030479 -17.936876065 -30.6642807815 -35.8677932783 -29.5510905873 -20.575787539 -22.1212015866 -23.4283661577 -12.4703754153 -1.27777148762 3.00330372897 1.53923788514 2.39629769819 -0.821172319171 -2.72743447868 -0.39487904677 2.98372852466 0.701024868219 3.13089037728 3.26183299746 1.39938479825 -0.730799178387
-1.77533807658 -4.61996307615 -6.0373326453 -7.20451021015 -12.5434063424 -16.0323582596 -8.94750953829 -5.89685726608 -1.87224090785 4.34168016834 -2.60047431668 -14.0425228776 -13.0987043717 -3.99979066933 -1.68843389629 -8.58394727179 -17.8031031829 -16.8417244136 -12.7318210825 -7.66972621944 -10.8110324527 -6.89675933439 -2.13264587258 2.52783662508 6.62377976858 13.0656580286 11.7609923381 11.3846722947 11.2541656656 5.73597591752 2.12351819385
-17.4940067845 -17.1603511251 -14.6312992555 -13.6003827261 -20.1338001273 -24.7962402601 -18.4517760737 -13.657782687 -13.2027443024 -13.5428823198 -12.8364969464 -13.5089669326 -13.5036498606 -14.4225357863 -8.84201834984 -7.83000704296 -7.95946821344 -7.40941071843 -7.39468603281 0.552221351081 -1.56299460176 -1.22224338513 4.07388081828 4.76661572101 1.95598275393 5.19359965434 2.94593468501 -1.08241344681 0.713793717446 2.85217166453 4.65243482453
17.9950150774 23.0106743218 22.7171758718 9.63385646648 12.7706458762 25.3015627288 27.6429068996 20.4552916028 17.4099871136 17.8643565008 19.2024896538 11.3349960983 9.2194546039 6.9266711927 12.6583753918 21.9268449367 33.7107687649 37.5468559324 30.4961359208 24.8779234063 17.5560690377 12.5614805126 11.8951997725 11.2071686696 11.3609535955 12.3051662919 9.64801254468 4.43608045134 4.23733340881 5.26510995802 3.23010354901
-6.77631499618 -4.00931884707 -4.91195991997 -3.54530196806 -5.23603772582 -14.1684586708 -26.4750045701 -27.1915247139 -20.3200655165 -16.7460982191 -9.79174828941 -2.9613868318 -5.43930097779 -7.76448219973 -10.2404057329 -13.5285530934 -17.7299881709 -27.0663986929 -33.8427357942 -31.0951213308 -21.3701075184 -18.1007689483 -9.52962315141 1.07539868901 4.99205771032 4.85745182716 4.65212688239 2.17539186056 1.48367056573 -0.151289688677 -1.78950530111
