-212.109011924 -202.593418771 -206.133818287 -203.78440573 -200.619871626 -201.980044759 -201.742484426 -204.040253244 -198.36100942 -195.214211375 -156.400575768 -92.4042509347 -46.4503412535 -44.3125846545 -58.7144702544 -50.9389671314 -48.4497693412 -59.233156208 -78.634280768 -85.7383672527 -89.6303176283 -92.1656355243 -104.165938873 -127.520875383 -158.788549787 -181.482581906 -192.111189615 -196.330022836 -202.167457069 -205.753354011 -198.510781357 -199.246204193 -205.247804611 -208.42266264
27.9528337077 37.7312703171 38.1210665103 37.841955137 41.4671398265 44.0152839525 43.436934078 42.0229414203 40.9201987247 40.5545146307 41.6602329143 57.569014167 76.0351178603 87.5748375767 84.8482838989 69.7404353168 48.7367844394 36.5590348691 27.9458692032 26.2246576567 27.3751022349 35.1510116061 39.6966635459 47.5478710586 55.8716168989 50.7540240724 45.9822073124 43.4425554962 40.691351194 35.4535843279 41.0510334803 40.9725217068 33.970280233 28.7514816361
-4.61070138401 4.77825796175 7.59659548315 4.26768526711 5.47989204693 6.94727212235 7.79933695625 6.95424019425 8.43093720854 6.94486446761 -7.46555265291 -1.15415774078 -2.29349528244 -8.70726777185 -28.5580223647 -50.8216217091 -54.2164033891 -47.4771292038 -32.2865266957 -23.6399493974 -17.9406280532 -16.0690575063 -6.14529488357 6.02209312277 7.84019701424 7.60721827726 7.75261568334 7.17565174107 1.97701416323 2.05834753178 4.52355472492 4.23697832046 0.368162173683 1.94723164046
12.2978027369 16.6788376937 15.905015943 15.4379948315 14.5838207773 13.6850111312 12.9600323443 11.9241056347 17.5736386638 20.6658891167 13.6077359182 18.290830721 16.5396907929 21.5100088176 34.8134835122 53.5153359061 71.2147777309 80.509688438 81.5723896809 77.1093346325 71.2653063181 69.0699384978 66.8312184875 57.0545704223 34.2842552872 22.3751125618 15.1137629162 16.8327781316 15.6854432679 14.3251873533 15.7313304387 14.2656379245 16.0238794436 12.2273426146
-1.68551165634 1.53982141859 2.2098843058 2.41994383302 5.00963370788 6.11632395707 3.52993434479 -3.76006269364 -0.820538532307 5.11589581454 -12.8848380764 -13.2207809648 4.43828571238 10.5475445887 6.36269510195 12.7930997925 5.91519216807 -3.55329274562 -9.62094919937 -10.1400754096 -9.53940166785 -11.525031633 -10.266243988 -2.7283606112 0.721429307376 3.50678829167 4.23316921997 6.02044465199 4.15057553205 0.881802304611 3.92745201619 9.32692209383 6.86471459031 -1.32565301279
9.21783388241 10.1166043206 9.76243259201 9.87410021649 7.27694607701 8.12403521407 9.79015922058 7.16247397993 9.06763305377 14.3575585812 8.0247296216 5.99647716538 -3.78206198031 -10.2628572772 -10.7736225338 -24.3612375825 -31.572507318 -31.1080148439 -29.4200796708 -29.0037701466 -26.7659189722 -27.4619862911 -23.1906681465 -13.4334060696 -1.46432565037 9.28219966147 17.2996351673 15.4291340001 12.5094400722 9.08869752167 10.5294910713 16.8048274385 15.1544985089 5.90652334239
-0.518088448924 -1.20530541878 -4.26918224992 1.0562076028 3.10319391718 3.30740602813 2.43118187025 -2.57522721528 -1.7983004171 -0.849581813931 -3.15290050378 -21.0757172253 -31.6490386838 -25.2723809811 -12.5127507549 -5.58733915792 -2.63281229863 -0.986506834 6.80038227508 8.77448198266 7.27429657093 5.25082203821 1.64549497706 1.02298275905 3.69004637634 4.76708085778 1.23908210187 0.466504548232 3.61755460547 2.00399616698 1.79793118868 6.85468729425 8.34428569776 7.76410840065
0.181300718525 1.80547632501 1.9770032166 5.51177019963 7.6995637946 10.1779939899 9.99003888775 4.93110707196 3.50756269903 6.47584511592 23.3740197295 14.0031786997 -1.83702076611 -7.3254190239 -1.09833043754 1.22487874972 2.44740600057 11.9801780732 19.4047153472 22.0920393192 21.6577232602 16.4198538325 11.5253329134 8.34649216784 8.18112499342 6.10464716268 2.32690823336 3.1342053858 8.52484510343 7.5429210781 6.88522308539 9.6550661257 13.8464201377 16.3274491137
-3.82466811027 -2.46176563842 -1.02584685037 -0.947386050965 3.26729336649 4.77090277953 5.27275009696 1.36344757943 1.09147320538 1.8288887897 9.46352175685 2.04094769888 4.80775399752 0.464987335425 4.24712722577 1.2507151025 -7.81184621877 -11.8340065959 -15.0796966753 -17.7989313394 -21.1535286652 -24.0277343422 -21.1820507193 -18.9458484392 -12.8514375531 -4.84385113924 -2.851814622 -6.47704719742 -1.41080820237 2.33086611548 0.0389295335183 2.30886160457 1.1346840789 4.6400634441
3.42257244763 4.03250787446 5.97173366531 3.00410520367 10.8346878348 13.5311137885 11.0989050825 7.22771481135 7.75350662989 8.20367029389 10.0897664386 8.14566481004 15.0124553037 17.5223591732 9.23839720499 3.68753302417 6.01913551349 3.4706160367 5.31762874268 5.67634067428 5.67181011134 10.0607431615 8.80771857711 5.64699548581 3.23619022294 5.27399991465 9.98233497742 6.20068176834 5.55340286026 8.71723296727 6.50081208756 5.59640756992 7.42557913288 6.49406787466
2.97082836052 -0.877649918433 0.567547628337 -0.300649995534 2.05658147793 1.34059989324 -1.08985728423 0.408067916877 1.77127079531 1.69514845525 -1.86920627279 -8.15791605708 -9.23733410102 -11.4181546939 -13.8082626688 -17.310722873 -16.8026953481 -11.2901574587 -6.46734894699 -6.17780987736 -1.6527295816 -2.93697265345 -1.84763373085 2.80439190499 1.89386824154 -1.10731305736 3.72835535986 2.7102612025 0.587369554252 0.524953417628 0.108535080909 -5.76745785629 -5.34511068007 0.315316185827
10.2648230518 6.24639246596 6.33299323789 5.79382018401 3.88342843064 4.40592360294 2.42981591706 5.57028476524 3.87029764212 6.27718673966 -3.44730064497 -10.2935700219 -10.2945991113 -5.98696547251 -0.161973895266 4.18672371194 4.7102089047 4.03981595966 6.89733458655 7.12055654697 9.44167963389 6.81591571131 4.33304731427 2.11904109422 -0.655880744789 2.6494076111 5.85153257002 7.34079803743 4.78061600607 2.70410393378 -1.4192041083 -0.672733421391 7.02606518908 2.53014229286
-0.0114259313287 1.12859279777 -2.44120127893 -5.23025330814 -5.82345311191 -1.16495863048 0.214123648711 0.107846467374 -0.817994040591 1.84062188402 -0.523661528921 -5.18293138634 -12.2230537056 -9.17677523292 -9.86082464048 -9.52407447907 -4.37177754886 -5.47556728387 -6.55817738414 -3.79651989812 -1.75496402518 -4.17295458633 -8.32582789677 -13.4610996306 -14.0120401589 -6.03978140478 3.5677814691 2.13688924621 -5.95192528237 -3.8506071247 -2.42999824852 -2.30497582721 4.29799617398 0.748953696741
