-189.089866869 -181.081714413 -171.105801657 -172.76805922 -170.509625615 -167.751549625 -172.299961297 -177.20393154 -178.412050568 -176.166517214 -133.619022474 -70.6737166528 -49.3164604539 -43.8059303178 -24.8339541867 -25.1459393436 -40.1496342626 -54.7133231821 -63.6445566359 -72.2569052937 -85.1096195266 -101.965870882 -113.491719466 -130.808782689 -153.301888583 -169.22493159 -175.190482537 -180.337535826 -186.229073534 -186.019167402 -184.812263687 -181.193018742 -184.979110083
48.6642088575 53.0469966273 62.5503202815 60.9437201535 67.1947392905 68.9736221772 60.8443086333 59.24638346 53.9466008171 49.5737170599 29.7974503928 46.6891589023 56.4683268024 57.3631047518 55.8042789955 40.8535899917 24.1517146111 21.0236235425 19.4737259446 20.3683543708 28.5752643217 40.626281425 46.3033812383 51.5579984929 55.8116236713 56.6232541081 57.2665769075 53.3558694871 46.8700569949 45.1966661278 44.4662505219 49.0399017948 49.2386757898
7.0240018283 6.92126266109 14.7639373004 17.1086797468 23.091070229 23.2001395669 18.6183233108 18.695891513 13.0448903794 8.96231948813 14.7092583577 9.42081544351 -7.83353952052 -16.0116149836 -24.9427396801 -25.81260738 -25.2766070897 -21.1932337013 -15.0412414725 -14.1529449321 -2.8181063144 10.982633915 16.9278205726 21.707212979 18.1904886143 16.6416995118 15.744007176 13.7680128974 12.3541501513 8.13223915153 5.8005417834 8.76071445571 12.8874658257
18.3041731287 19.405128553 24.5681615312 25.9619736053 30.3330730558 28.9893344904 28.0483551513 27.7658823507 24.4868708638 20.85904203 29.3181740632 41.3719129397 50.333252881 53.4853953798 52.5529149981 63.2548964665 75.8934966041 82.1034238205 83.4791741247 83.0876617171 81.0314009692 77.5715802242 72.72518627 62.6160680056 45.7082837216 33.7378061342 24.0821105126 21.8909824544 22.3856014084 20.2804257871 19.3672868461 19.1242002071 20.0001438307
7.21975615331 9.54607451797 11.5593840301 11.6001072338 16.3544036265 16.7152310161 13.7170137322 17.6685595124 14.3755915803 9.10087480486 6.30286822338 10.835995936 13.5562449994 13.4404875012 17.1608907344 22.8816767442 15.0179548118 7.82164921727 -1.3591540873 -6.019787003 -7.74909166959 -4.54374550933 -0.669757187447 -1.71417369779 1.05390945618 6.9123566324 9.06889093065 13.9226620921 13.6753318402 12.2819224651 7.23025801583 3.27631625021 7.58676750171
9.57658108276 11.7088712201 17.35021764 18.6920133248 21.0618059156 21.7668079941 21.3307300922 22.3436992149 19.2437489643 16.2673703758 21.7055333405 21.4871722644 10.6638713251 -4.84142966619 -16.1401517558 -21.4589979369 -17.4437576403 -16.8379330415 -17.2522514686 -10.0466955133 -4.58474258479 1.06913015207 0.864354600671 1.3964158273 3.88693668298 11.2171006806 18.3482466634 22.9306556523 19.554760756 16.1551266974 13.0659314648 8.00080390446 13.5436692612
3.2306618472 5.54458552933 10.762533376 11.7247068183 8.27590057901 9.5924163971 13.0260967356 9.5346698258 4.09698805801 5.73854720166 -17.1190743768 -34.0301547877 -33.6291389728 -37.4427485924 -31.9104235127 -20.2559066083 -3.325105358 0.867668459843 5.99893964471 11.4139097691 12.4828139641 11.0738837122 8.79047786155 7.70167137039 7.6921968567 9.17140476424 7.89622484988 10.1655502793 8.53407484889 12.1872279193 9.32312102096 5.4778814463 6.0646839167
9.98702982772 13.704129808 17.6747948841 16.0207782336 8.91080849506 10.2205128119 14.2644885327 10.1308560834 11.2273653535 14.6934681563 21.5180157814 -1.96279993162 -16.7114473928 -21.0265920484 -15.0391066893 -3.03998014615 7.02416047955 9.72460977108 11.1432740417 9.92492029079 2.23187080832 1.03096210631 1.33241389115 2.75232290462 7.108885023 11.0111521999 8.57663490542 10.2117165718 10.5541176449 14.480707639 15.3316687692 14.3138712483 14.3818617085
3.19254546444 9.04552597514 13.7670463897 11.2050810272 4.92578170361 2.32580625603 2.45027834067 5.04567407755 3.05498870356 3.47229422297 1.73979203972 -6.9715571588 -8.8458409137 -3.64505965954 -6.04314409054 -16.3283371445 -25.3792330821 -34.3696061092 -34.995819304 -29.2931156682 -23.210823272 -21.7110114567 -20.053920325 -14.7460774581 -10.3189101185 -5.79991403199 -4.57588030708 -1.45352687632 2.13776402258 3.45457806533 7.14075821864 3.69513003274 4.02454610674
10.7806398832 16.671909206 19.2731260623 14.6552683152 13.5453176576 13.474374222 11.6633905954 12.7564288589 10.6017826966 8.23824754201 10.993157972 7.82343911834 9.42326061124 9.07451424379 1.18764405682 -1.13325046412 -6.09318590442 1.29657059054 5.82704859849 1.92240951675 -3.6854920399 -8.20935444081 -7.04265291 -7.27492240354 -2.28839830627 2.17787771495 -1.09448048434 3.92641096601 11.4091675727 12.7085355986 15.7527750985 11.736426489 7.2219222647
2.24001616109 6.33670616465 4.94470881098 6.38134054695 2.63426959944 -0.583094136872 1.57728791331 3.02401679384 2.31076392479 -0.117199208329 -5.15241012862 -19.8938969309 -26.3038410176 -28.3423744126 -32.5512471437 -29.0803593978 -20.8669099059 -13.6473124519 -6.92209348716 -8.17113910845 -7.47286246821 -6.51058105624 -12.5940451363 -10.0782015067 -5.4585000785 -2.67570027759 -2.38809527453 0.25067823066 1.96395007536 5.71154893865 9.6086160682 8.5723782856 6.65687245351
11.4129556392 12.5628698688 11.1227616464 8.64872990958 4.52617851805 0.42299339721 2.89198089966 3.63204485723 2.64816791041 8.31137581156 1.93161000471 -1.29357799515 2.81503667328 12.3998914687 21.1437800149 25.1267345214 17.2813218188 14.2386276759 13.3919566042 9.34358218687 -0.826121122221 -2.43267608133 -4.6857061896 -0.52505028771 1.64490343029 0.133191318131 2.04627014776 4.40299381387 10.26935505 8.75050222824 7.37999505724 5.696725614 5.53937475079
5.59025631313 5.24952438137 6.58702578153 1.20401145783 -2.35119368994 -8.46380389653 -2.66965379395 1.41326394205 1.9187442884 4.38213899383 1.79571927643 -7.66679378993 -8.5807072316 -5.90637274922 -7.99321499206 -13.252473759 -23.4717276133 -23.3653156598 -17.9866544392 -15.3345441424 -18.2034849738 -21.7537619489 -19.1649797688 -13.2007024575 -11.9922947671 -12.580600726 -7.77487132921 -0.984835322079 0.2169768453 -1.3941747289 3.20193512702 2.49664825101 -1.90384360331
