-279.831891038725 -231.05110458885 -228.133916081947 -251.282320431055 -213.371622185793 -178.624971651212 -203.24296463575 -232.335075388968 -165.052953276222 -176.961307430591 -151.630085260057 -124.714614851435 -142.251977046252 -122.406979564926 -148.574600216132 -197.053998968653 -100.735177907694 -67.6280823018544 -103.141686090634 -145.575288075355 -160.176268164082 -172.81895718726 -189.672414901784 -208.990696771495 -185.547104651723 -214.611096767156 -166.819980759453 -228.55707170076 -200.701610512654 -262.866261927634 -233.277527652789 -239.965237242725 -282.229846050688
37.3305141595553 44.3533479223862 42.1624810073955 39.7269613475676 42.2356448182852 49.0679440051121 61.2593132510875 48.1838901820853 73.6983887904643 65.462194275269 85.2111761537786 102.298494057453 89.547949021485 90.6688294654133 81.8136108033842 63.80177292125 77.13688312454 68.6766722073308 78.8674580826954 84.0690041803615 103.408120721306 85.8745116422909 73.33541412485 59.6259273808462 54.6182587666 46.9584582618741 50.170956585775 48.4331774701107 42.2424247267679 43.9373850661211 44.274499658924 42.4505887249613 38.2002205670739
8.85941430352653 5.52561382800313 2.95889926391176 5.6304072667421 7.88098394569448 17.3606877131467 26.2900795199645 20.5348949828695 23.5774665309291 13.678930810631 4.18969614499788 17.271958770017 11.2831634793395 6.43506399226382 -9.15382491900282 -31.4710678911825 -63.1291880623909 -32.9347218281801 -24.1615748503909 -19.6310305700338 -6.36101690849955 -1.57258973383496 4.94096692400333 6.87102374210217 5.8864241019285 5.54835920579565 6.75429586618583 13.3312415791002 9.05192590758536 8.30024664307846 9.71547498782615 3.8809191311268 7.50568333014561
18.5406440436565 16.37097386285 12.7345253104072 16.7545798775846 15.0598343366781 23.197251119075 30.5812606130647 23.7085513772586 32.7929568121257 27.706060809715 20.234976898772 7.90326320208884 14.6136332330846 21.5552938770264 15.1168296371143 3.13912757341672 -5.09126230321211 6.7112203909242 -2.44855568827348 -7.96812282948066 -20.6769332199651 -0.657745264037433 4.08010990678651 10.553428095951 8.52088970558833 10.1555230175136 16.0889368801294 21.5231948590486 18.065302111556 17.66086307645 17.5814863786182 20.4625717426154 15.0450466459825
5.96707345658704 3.07970399338311 6.91608493555895 7.50043497278348 4.7784511718273 9.88277414921 13.0540065396023 4.24110077160455 1.7199843317126 -3.06730874046956 -17.4824341622046 -29.0575305804109 -38.9607799209435 -23.6570662080547 -22.1611843872579 -20.217994208998 -37.0835703089807 -13.0213704126056 -27.9932595958883 -32.7167137952007 -53.4759986335438 -25.7507411999326 -11.8039665336192 -5.26552337949372 2.30633418352161 0.789068695614786 5.1044564795144 9.57035027670703 4.11551670192476 4.43546519885793 2.63266195192321 2.89261041762598 6.72148530966906
12.821654590602 10.6420598535077 15.9226006141864 16.1235366175667 16.2675671940955 20.4123087929545 10.6154114744321 13.7667883980097 10.7986706466242 19.6596504072036 7.5095259705115 2.87942108545792 11.4236604824037 -2.62185700981378 0.9929566124645 4.76916466115994 -9.1235696398586 2.73906601970413 -0.563667876340357 3.93974031869707 9.97908487842054 7.67893067843613 11.5645465646963 14.6942214736772 18.9967260576012 14.0979290408929 11.0843050646722 13.4145692976579 13.1612199718632 15.1287522104758 13.2226869076422 9.71802505639 11.4871502123471
2.13046071500426 4.127755520808 7.8440043949069 6.32695756903452 2.00421943442846 3.05423542249127 1.27776414662443 -2.29016675962831 -12.8937597718729 -7.36603844474448 -1.91119814050086 -0.455406513166204 3.20325422727146 9.43065329021067 14.6012589958231 5.4587935868617 25.7269045814703 15.9317921689522 15.7027733356055 12.3136140550828 5.15161088507235 1.54493636106453 9.29400311519192 9.7289513769696 8.44729199293091 8.66126715552971 2.30771620367305 6.00500908902843 5.67868251271444 5.92795831916409 5.245831440585 2.81226819726379 6.25868214343635
11.0934269661363 9.41159257314192 9.63005988114143 12.6219291457373 8.1110958381271 9.25140505170667 5.38557169799723 16.471967065534 13.4893109235604 8.03500539803818 -0.459983638103311 2.58691510779456 6.48500541214158 12.6732336361994 8.32446153454667 6.67932125513461 8.85347144066185 13.8362568308961 23.4218118511549 9.36569315115133 2.71169223610021 9.92161631835 11.2263695178328 15.66160593538 14.3522975059667 16.7072380545556 12.0691594717464 13.3948274442862 8.547056734538 11.6870330710623 10.4412519559138 12.8675800625135 8.28444911882343
3.42155173717979 0.447503620853742 1.70181891114958 4.51166364950156 3.30094009355111 2.93581489737354 -2.48355155976656 0.01517883493645 -7.45561072908371 -3.59482300363904 -5.29254223164988 -16.3295613991334 -8.03129673575664 -5.27947998877596 -1.73615996341628 2.82087107394042 -3.83599616961062 -6.33995966496757 -15.0809701434345 -6.27269986868824 -2.82183412634015 -0.526548755627249 1.26657076079599 6.84807946418548 5.18046899297762 4.47810682420492 7.55857114850788 5.98216939743667 2.91085286927334 5.95103842990318 5.9371647635687 4.92064414843964 2.04768762263374
7.82132043128465 7.06475607592778 7.711167070958 5.02595136116365 11.1178294769665 7.02516819392481 1.89120804296839 5.13992072120839 -2.53507219664407 0.0109016224285819 2.23235443506964 -8.39419381616408 -0.337230522525339 3.31925940417385 5.60798496833276 3.446356317904 9.22502198969765 2.36995708790196 -2.37188546848686 3.32968330869469 6.993741112577 14.1588808054229 9.49127387602192 8.8963499289505 7.06541537856515 12.1350075957739 8.61088530462483 5.43815936814579 7.69222511046737 8.61516873955095 11.2607993995572 11.4532599710916 7.57539529663575
-0.567470315618267 3.42648663595928 1.78337309562383 2.45091119314111 1.81172649218095 -1.34579520790757 5.36416349451609 -1.85653169810287 -9.70378098666007 -3.29836738383455 0.294091184652684 1.00710765240662 -0.582960645025091 5.03226663216386 -2.85394103028215 -10.2585954109445 -1.4914335874745 0.50301646632225 1.04564254626925 -3.69565757420769 3.74961481894915 10.0993287921432 -0.153359325412567 1.51057861444406 3.00098610646563 0.695283648955953 -2.16521544750315 3.81976696159138 1.74702801749732 0.851074174271714 5.019226084444 3.2883313195701 2.33343696780327
4.19500570881108 9.28986092629 7.05828621715821 9.32187818780097 7.27915909476955 3.12272284962242 5.68566532174932 2.34826085455035 -1.39240759016858 4.46842325533676 10.3373547258386 7.5002519415327 17.2103970677431 12.5419260618657 11.2371235903945 10.8611564751279 8.73984300218154 9.10476131713852 12.4667990099613 3.42009893887026 10.5141692285514 17.0892859821283 9.77691856729714 5.54381208880828 1.21101501565791 4.23486232250514 5.75052638638192 8.2726171130615 10.970116340053 9.15044717165889 7.27679058938857 4.91665329853292 5.80225458884495
0.568342044783015 3.39362037425435 2.37251896125962 2.9987861723952 2.43130529348712 -1.82623515224433 -3.83332508262209 -8.19478226759146 -6.95385273745616 -4.87615553048106 2.37275525672421 -3.02399133527116 5.94424524793351 -0.590368295408859 0.502091910284517 -2.88122001836496 -7.84227065479731 -5.22493482034184 -11.8399155760059 -3.02167527472226 -3.96682273778564 2.70439704290565 -3.30941299944622 -7.38976236863133 -2.76155652087399 2.22047496878638 0.876639654912942 -0.561189928102532 2.97125994030557 4.46802189812023 1.86216481805301 -2.43542935697882 -0.241900491137287
