-206.072901678391 -170.841394275157 -186.716982286658 -132.540125895187 -224.043626676132 -166.299221172549 -124.136803194465 -84.4812631614355 -115.024385730204 -106.712418819724 -106.712418819724 -123.443633156603 -89.2303487623107 -108.787687961685 -102.001674535358 -59.5175440846589 -86.3624345995517 -107.178132095808 -94.6750582825048 -115.419249784578 -102.065221978214 -100.924494635069 -113.015982219383 -130.775274968591 -132.061743327261 -124.965094121061 -134.637970933622 -161.786836737133 -150.277751941667 -177.680815110786 -195.014420667542 -217.751565455275 -161.404829171907 -193.363786398381 -232.032368107455
42.6777803263 45.0189600110227 44.010393329575 53.5805436876355 43.9484648702391 39.6720665771542 43.2693309524444 51.0794169107094 43.0679387840267 34.6711650501021 41.3922128993913 48.1130174991303 76.1635816596778 53.8637923737375 44.4158275916591 47.1429640028375 45.6856283046 43.7546574967895 43.8318866140211 41.6312592107914 27.1203335958741 46.9782186194793 50.1048863218815 58.2002106473652 67.1852158683353 51.9211437144292 60.3724860676958 54.6110814967762 48.5538007777152 44.8277889275923 39.4639790327979 49.1865805142577 47.2740200633211 43.8379570635571 38.1482426035243
6.57215528452526 4.93686012850483 -8.58459800052131 10.9514031603516 1.62464004753643 3.76828746657272 7.00708983601492 -0.701224381898333 2.85310260380475 7.18580806683726 7.77403637628455 7.12558322288826 11.7972502732343 3.6160542047451 -5.64574480419796 -25.9799000924886 -5.70636934135231 -11.0932134011806 3.11286225113883 -1.83077795801191 6.87763453908372 13.7302223767274 11.4659940856821 21.2857300606461 12.0934165693505 13.7433351626882 20.9555811832941 11.6095890467783 13.565761453252 10.06710992753 12.2631561653685 16.8743758177635 7.83067909892844 3.23982728924922 9.35467076546118
18.90035431176 20.9079243885962 15.5709948672633 18.8611902731846 23.5126979335172 35.8238474498393 28.2772861946571 26.4573661649773 19.4081557989132 31.1390398296625 44.2875839676037 50.6721904213095 54.2253078824955 33.55522266926 40.0877890351208 58.07572020494 76.5248579294066 54.3117961460522 48.7929643848737 38.7558057707862 50.2375278019529 69.8493170342233 34.5791802689625 26.759190541224 30.0041627903882 32.4355012387875 23.7108346920143 22.9708850712444 28.9256615220833 25.3447646351792 19.2330857632519 20.3480298525842 22.6257367795097 19.3330812582136 15.2408660078872
9.40980744536735 5.73945395064107 5.52604175785571 2.54080077902474 8.65279650522333 12.5779573897094 7.12054571551263 8.32049157090407 3.60281486472261 -0.864493507360882 4.61045023036727 4.79144366136429 3.51241838424615 6.25901970613027 -2.09285280487709 6.28096948078189 17.5030487006116 5.18149734899623 -4.52442314206043 0.859611878918945 0.810208720930143 -18.5195607004307 4.00006276123725 7.72724474597682 10.3479197222886 16.5678764362789 4.74011606578662 7.96250754523409 14.1416830125371 9.56501135256158 8.4587746080875 9.807208355135 6.51283782399267 8.455935358123 4.26263309333592
12.7965281486644 7.94745978052625 4.99188837933947 -6.28773531690393 5.94665289526429 6.1380144081245 9.56563048590762 15.179024680334 3.68943820759968 8.6788749225105 5.07299006840415 3.91544555389739 0.225638265783 9.36819333247903 2.45496394130656 -15.8130041725153 -7.68597577437891 1.06033304743634 -24.0988980470078 -9.82340133082886 6.52607015297118 1.56869682720129 0.413319181321579 -5.8399420117998 9.74737337235536 13.988208431369 11.6776830708483 12.1927785873478 18.3389801948923 14.3130501807329 9.75138226111659 13.7847605130946 17.4965159923359 14.8750723593395 11.7598941126058
-5.71578226956448 1.99036489506332 4.0123322932392 -4.21826481284708 2.2545239857955 5.51624540517135 -3.97226126047247 4.22256715547684 6.96557184333364 6.70426049423364 3.39756184229296 4.8066261033905 -1.57482063777255 -33.1841185284258 -13.3757738596786 -22.9282440180088 -12.7363035079319 -3.91236275469126 4.17156449272054 14.8508514959937 8.25325737781167 4.22806030194837 6.37558241984417 3.5041820981002 -4.75792792441695 3.73357853586076 3.85590498487739 7.92419896886333 5.67317677426889 5.33094465301412 6.15630236720875 1.70767329518897 8.52824952682037 5.77000745252042 6.33190679033048
3.292094932083 9.6195930866328 11.5209571014331 12.724282828408 2.02476068863174 6.34794473852 0.138134543112124 7.71027657717521 10.4373458036023 7.67603977584775 11.573900668788 1.92867276449996 -10.9261183164835 -2.1130668977321 4.32786270335587 6.77020519264289 5.59408976164414 20.2920555526642 6.78595393897772 -6.75312483509878 7.57024480909652 4.53415544450432 -1.21184039118291 6.33885124268389 9.99095316179519 10.4064466851096 13.1452341673909 8.95392431160069 12.3899377862014 11.6382489353115 11.479318830685 14.4994119746979 11.4310271037575 6.64272537386475 10.4086996588541
5.88766961927742 2.60560377145078 -0.515678905233062 2.05293774919259 -3.16330045447448 -0.215612453679526 3.32024655529252 2.62557805269332 4.69262496535523 0.241809905637112 -11.8608335675282 -2.941369049633 -1.99392887124395 -0.337983723170895 3.64818105023752 -5.3399940794123 -15.6141493565745 -8.49982787243552 -2.8496273338187 -4.61211225141632 0.288105187256297 -8.03386949115704 -14.8315798212702 -4.96010299706536 0.837694642596207 -1.38887776776639 3.70836122689556 1.89026423005239 4.35731163361571 7.37300281059257 3.8709127098475 4.30177668388778 1.1027457812144 3.1908093232798 2.07667734500271
8.70665411439132 5.5812795076425 6.19892548371412 6.33997871148625 0.287869095866027 10.8664573636035 4.66093553620229 5.36125601236052 8.57002034583355 6.44679123181062 3.49648136715476 5.444336178211 -3.02166705563266 8.67725036597498 1.16537176751029 -14.8356435563616 5.5101096034486 -0.4607807888972 2.67879410885639 -2.81006469958982 -1.7792642397406 3.7554944126109 -8.75766397703356 2.26739824151414 6.49854304130619 8.19066830614077 5.85099157636893 9.14754866254033 12.6824684788129 10.61313404166 10.5976425817812 10.6790473230615 6.31542906910484 8.45103228283692 7.06374069071822
-1.39202170974621 3.13597488449869 -1.5017488089003 -1.8108266206976 -5.569371731348 2.99750748927908 -4.860356968049 -11.7487340497529 -5.783015238012 -1.69803721047915 -5.15014985527368 -13.775404579677 -6.03870051998381 -4.56954997813246 -8.25104724664389 -15.1735171427926 -2.75965323088476 -10.9283899602128 -23.9395162599144 -13.3550263520854 -7.86036529358922 -1.99735476069971 -3.45363256020772 -0.35411874222621 3.03359076101569 0.550478638241 -1.62252850396553 0.129058089344735 3.86870589301605 4.46195952312032 2.42058265196605 -0.44769170748293 1.36137078105609 5.33707208211171 4.02204595939914
7.31314372185917 8.40147340782208 11.1162241993671 8.43354603011158 10.0079010864519 7.59394043069 3.85044913618453 6.68509935164682 7.62073853752143 12.4015786704829 5.62940223583233 -1.96323608567037 5.61555406268429 6.03733315848923 4.99948295683487 7.5786731341412 12.6273557248652 19.4444919735894 11.9570849645908 7.38543077587902 10.3882434524263 12.8703999173859 8.81841236274958 10.4437417118663 7.22797273604579 0.325554894004413 3.98314584066632 6.15630521497464 3.80116372138324 6.9651445112932 9.09089484039552 6.33642339248792 10.3214139339039 10.6053545933096 7.45991940001175
1.56320466331212 -0.102891296201143 2.25720507340357 0.523885737170963 1.57849315409886 -2.51853378455675 0.772119033665222 4.71299402865625 0.919690764108807 -2.14409074833957 2.59808988046175 -11.1861318220228 -5.16371051007387 -3.43597847397667 -6.02400563361294 -1.45039984110857 -7.80410417077667 -4.89506931986786 -19.647601781683 -10.2626268184325 -3.49017597721239 -7.72372706641132 -10.9827149776029 -3.07263552767183 -5.14995195106458 0.792550592629375 1.96029610503798 -1.19871870808933 -1.31575496553644 4.32760169202379 0.674010170078296 1.93442392856861 1.85482873478088 2.67387843093352 1.22185818813786
